tick,pitch,yaw,steamid,label,pitch_velocity,yaw_velocity,pitch_acceleration,yaw_acceleration,pitch_jerk,yaw_jerk,cumulative_pitch,cumulative_yaw,pitch_mean,pitch_std,pitch_min,pitch_max,pitch_range,yaw_mean,yaw_std,yaw_min,yaw_max,yaw_range
1445,-1.0021667,39.857025,76561199847502271,1,0.0,0.0,0.0,0.0,0.0,0.0,-4.0086668,159.4281,-1.6237579354,2.4107144447437676,-5.0396423,26.046875,31.0865173,75.17093943666667,32.090737316203224,39.857025,104.88098,65.023955
1446,-1.0021667,39.857025,76561199847502271,1,0.0,0.0,0.0,0.0,0.0,0.0,-5.0108335,199.285125,-1.6237579354,2.4107144447437676,-5.0396423,26.046875,31.0865173,75.17093943666667,32.090737316203224,39.857025,104.88098,65.023955
1447,-1.0021667,39.857025,76561199847502271,1,0.0,0.0,0.0,0.0,0.0,0.0,-6.0130002000000005,239.14215,-1.6237579354,2.4107144447437676,-5.0396423,26.046875,31.0865173,75.17093943666667,32.090737316203224,39.857025,104.88098,65.023955
1448,-1.0021667,39.857025,76561199847502271,1,0.0,0.0,0.0,0.0,0.0,0.0,-7.0151669000000005,278.999175,-1.6237579354,2.4107144447437676,-5.0396423,26.046875,31.0865173,75.17093943666667,32.090737316203224,39.857025,104.88098,65.023955
1449,-1.0021667,39.857025,76561199847502271,1,0.0,0.0,0.0,0.0,0.0,0.0,-8.0173336,318.8562,-1.6237579354,2.4107144447437676,-5.0396423,26.046875,31.0865173,75.17093943666667,32.090737316203224,39.857025,104.88098,65.023955
1450,-1.0021667,39.857025,76561199847502271,1,0.0,0.0,0.0,0.0,0.0,0.0,-9.0195003,358.713225,-1.6237579354,2.4107144447437676,-5.0396423,26.046875,31.0865173,75.17093943666667,32.090737316203224,39.857025,104.88098,65.023955
1451,-1.0021667,39.857025,76561199847502271,1,0.0,0.0,0.0,0.0,0.0,0.0,-10.021667,398.57025000000004,-1.6237579354,2.4107144447437676,-5.0396423,26.046875,31.0865173,75.17093943666667,32.090737316203224,39.857025,104.88098,65.023955
1452,-1.0021667,39.857025,76561199847502271,1,0.0,0.0,0.0,0.0,0.0,0.0,-11.0238337,438.42727500000007,-1.6237579354,2.4107144447437676,-5.0396423,26.046875,31.0865173,75.17093943666667,32.090737316203224,39.857025,104.88098,65.023955
1453,-1.0021667,39.857025,76561199847502271,1,0.0,0.0,0.0,0.0,0.0,0.0,-12.026000400000001,478.2843000000001,-1.6237579354,2.4107144447437676,-5.0396423,26.046875,31.0865173,75.17093943666667,32.090737316203224,39.857025,104.88098,65.023955
1454,-1.0021667,39.857025,76561199847502271,1,0.0,0.0,0.0,0.0,0.0,0.0,-13.028167100000001,518.141325,-1.6237579354,2.4107144447437676,-5.0396423,26.046875,31.0865173,75.17093943666667,32.090737316203224,39.857025,104.88098,65.023955
1455,-1.0021667,39.857025,76561199847502271,1,0.0,0.0,0.0,0.0,0.0,0.0,-14.030333800000001,557.9983500000001,-1.6237579354,2.4107144447437676,-5.0396423,26.046875,31.0865173,75.17093943666667,32.090737316203224,39.857025,104.88098,65.023955
1456,-1.0021667,39.857025,76561199847502271,1,0.0,0.0,0.0,0.0,0.0,0.0,-15.032500500000001,597.8553750000001,-1.6237579354,2.4107144447437676,-5.0396423,26.046875,31.0865173,75.17093943666667,32.090737316203224,39.857025,104.88098,65.023955
1457,-1.0021667,39.857025,76561199847502271,1,0.0,0.0,0.0,0.0,0.0,0.0,-16.0346672,637.7124000000001,-1.6237579354,2.4107144447437676,-5.0396423,26.046875,31.0865173,75.17093943666667,32.090737316203224,39.857025,104.88098,65.023955
1458,-1.0021667,39.857025,76561199847502271,1,0.0,0.0,0.0,0.0,0.0,0.0,-17.0368339,677.5694250000001,-1.6237579354,2.4107144447437676,-5.0396423,26.046875,31.0865173,75.17093943666667,32.090737316203224,39.857025,104.88098,65.023955
1459,-1.0021667,39.857025,76561199847502271,1,0.0,0.0,0.0,0.0,0.0,0.0,-18.0390006,717.4264500000002,-1.6237579354,2.4107144447437676,-5.0396423,26.046875,31.0865173,75.17093943666667,32.090737316203224,39.857025,104.88098,65.023955
1460,-1.0021667,39.857025,76561199847502271,1,0.0,0.0,0.0,0.0,0.0,0.0,-19.0411673,757.2834750000002,-1.6237579354,2.4107144447437676,-5.0396423,26.046875,31.0865173,75.17093943666667,32.090737316203224,39.857025,104.88098,65.023955
1461,-1.0021667,39.857025,76561199847502271,1,0.0,0.0,0.0,0.0,0.0,0.0,-20.043334,797.1405000000002,-1.6237579354,2.4107144447437676,-5.0396423,26.046875,31.0865173,75.17093943666667,32.090737316203224,39.857025,104.88098,65.023955
1462,-1.0021667,39.857025,76561199847502271,1,0.0,0.0,0.0,0.0,0.0,0.0,-21.0455007,836.9975250000002,-1.6237579354,2.4107144447437676,-5.0396423,26.046875,31.0865173,75.17093943666667,32.090737316203224,39.857025,104.88098,65.023955
1463,-1.0021667,39.857025,76561199847502271,1,0.0,0.0,0.0,0.0,0.0,0.0,-22.0476674,876.8545500000002,-1.6237579354,2.4107144447437676,-5.0396423,26.046875,31.0865173,75.17093943666667,32.090737316203224,39.857025,104.88098,65.023955
1464,-1.0021667,39.857025,76561199847502271,1,0.0,0.0,0.0,0.0,0.0,0.0,-23.0498341,916.7115750000003,-1.6237579354,2.4107144447437676,-5.0396423,26.046875,31.0865173,75.17093943666667,32.090737316203224,39.857025,104.88098,65.023955
1465,-1.0021667,39.857025,76561199847502271,1,0.0,0.0,0.0,0.0,0.0,0.0,-24.052000800000002,956.5686000000003,-1.6237579354,2.4107144447437676,-5.0396423,26.046875,31.0865173,75.17093943666667,32.090737316203224,39.857025,104.88098,65.023955
1466,-1.0021667,39.857025,76561199847502271,1,0.0,0.0,0.0,0.0,0.0,0.0,-25.054167500000002,996.4256250000003,-1.6237579354,2.4107144447437676,-5.0396423,26.046875,31.0865173,75.17093943666667,32.090737316203224,39.857025,104.88098,65.023955
1467,-1.0021667,39.857025,76561199847502271,1,0.0,0.0,0.0,0.0,0.0,0.0,-26.056334200000002,1036.2826500000003,-1.6237579354,2.4107144447437676,-5.0396423,26.046875,31.0865173,75.17093943666667,32.090737316203224,39.857025,104.88098,65.023955
1468,-1.0021667,39.857025,76561199847502271,1,0.0,0.0,0.0,0.0,0.0,0.0,-27.058500900000002,1076.1396750000004,-1.6237579354,2.4107144447437676,-5.0396423,26.046875,31.0865173,75.17093943666667,32.090737316203224,39.857025,104.88098,65.023955
1469,-1.0021667,39.857025,76561199847502271,1,0.0,0.0,0.0,0.0,0.0,0.0,-28.060667600000002,1115.9967000000004,-1.6237579354,2.4107144447437676,-5.0396423,26.046875,31.0865173,75.17093943666667,32.090737316203224,39.857025,104.88098,65.023955
1470,-1.0021667,39.857025,76561199847502271,1,0.0,0.0,0.0,0.0,0.0,0.0,-29.062834300000002,1155.8537250000004,-1.6237579354,2.4107144447437676,-5.0396423,26.046875,31.0865173,75.17093943666667,32.090737316203224,39.857025,104.88098,65.023955
1471,-1.0021667,39.857025,76561199847502271,1,0.0,0.0,0.0,0.0,0.0,0.0,-30.065001000000002,1195.7107500000004,-1.6237579354,2.4107144447437676,-5.0396423,26.046875,31.0865173,75.17093943666667,32.090737316203224,39.857025,104.88098,65.023955
1472,-1.0021667,39.857025,76561199847502271,1,0.0,0.0,0.0,0.0,0.0,0.0,-31.067167700000002,1235.5677750000004,-1.6237579354,2.4107144447437676,-5.0396423,26.046875,31.0865173,75.17093943666667,32.090737316203224,39.857025,104.88098,65.023955
1473,-1.0021667,39.857025,76561199847502271,1,0.0,0.0,0.0,0.0,0.0,0.0,-32.0693344,1275.4248000000005,-1.6237579354,2.4107144447437676,-5.0396423,26.046875,31.0865173,75.17093943666667,32.090737316203224,39.857025,104.88098,65.023955
1474,-1.0021667,39.857025,76561199847502271,1,0.0,0.0,0.0,0.0,0.0,0.0,-33.071501100000006,1315.2818250000005,-1.6237579354,2.4107144447437676,-5.0396423,26.046875,31.0865173,75.17093943666667,32.090737316203224,39.857025,104.88098,65.023955
1475,-1.0021667,39.857025,76561199847502271,1,0.0,0.0,0.0,0.0,0.0,0.0,-34.07366780000001,1355.1388500000005,-1.6237579354,2.4107144447437676,-5.0396423,26.046875,31.0865173,75.17093943666667,32.090737316203224,39.857025,104.88098,65.023955
1476,-1.0021667,39.857025,76561199847502271,1,0.0,0.0,0.0,0.0,0.0,0.0,-35.07583450000001,1394.9958750000005,-1.6237579354,2.4107144447437676,-5.0396423,26.046875,31.0865173,75.17093943666667,32.090737316203224,39.857025,104.88098,65.023955
1477,-1.0021667,39.857025,76561199847502271,1,0.0,0.0,0.0,0.0,0.0,0.0,-36.07800120000002,1434.8529000000005,-1.6237579354,2.4107144447437676,-5.0396423,26.046875,31.0865173,75.17093943666667,32.090737316203224,39.857025,104.88098,65.023955
1478,-1.0021667,39.857025,76561199847502271,1,0.0,0.0,0.0,0.0,0.0,0.0,-37.08016790000002,1474.7099250000006,-1.6237579354,2.4107144447437676,-5.0396423,26.046875,31.0865173,75.17093943666667,32.090737316203224,39.857025,104.88098,65.023955
1479,-1.0021667,39.857025,76561199847502271,1,0.0,0.0,0.0,0.0,0.0,0.0,-38.082334600000024,1514.5669500000006,-1.6237579354,2.4107144447437676,-5.0396423,26.046875,31.0865173,75.17093943666667,32.090737316203224,39.857025,104.88098,65.023955
1480,-1.0021667,39.857025,76561199847502271,1,0.0,0.0,0.0,0.0,0.0,0.0,-39.08450130000003,1554.4239750000006,-1.6237579354,2.4107144447437676,-5.0396423,26.046875,31.0865173,75.17093943666667,32.090737316203224,39.857025,104.88098,65.023955
1481,-1.0021667,39.857025,76561199847502271,1,0.0,0.0,0.0,0.0,0.0,0.0,-40.08666800000003,1594.2810000000006,-1.6237579354,2.4107144447437676,-5.0396423,26.046875,31.0865173,75.17093943666667,32.090737316203224,39.857025,104.88098,65.023955
1482,-1.0021667,39.857025,76561199847502271,1,0.0,0.0,0.0,0.0,0.0,0.0,-41.088834700000035,1634.1380250000007,-1.6237579354,2.4107144447437676,-5.0396423,26.046875,31.0865173,75.17093943666667,32.090737316203224,39.857025,104.88098,65.023955
1483,-1.0021667,39.857025,76561199847502271,1,0.0,0.0,0.0,0.0,0.0,0.0,-42.09100140000004,1673.9950500000007,-1.6237579354,2.4107144447437676,-5.0396423,26.046875,31.0865173,75.17093943666667,32.090737316203224,39.857025,104.88098,65.023955
1484,-1.0021667,39.857025,76561199847502271,1,0.0,0.0,0.0,0.0,0.0,0.0,-43.09316810000004,1713.8520750000007,-1.6237579354,2.4107144447437676,-5.0396423,26.046875,31.0865173,75.17093943666667,32.090737316203224,39.857025,104.88098,65.023955
1485,-1.0021667,39.857025,76561199847502271,1,0.0,0.0,0.0,0.0,0.0,0.0,-44.095334800000046,1753.7091000000007,-1.6237579354,2.4107144447437676,-5.0396423,26.046875,31.0865173,75.17093943666667,32.090737316203224,39.857025,104.88098,65.023955
1486,-1.0021667,39.857025,76561199847502271,1,0.0,0.0,0.0,0.0,0.0,0.0,-45.09750150000005,1793.5661250000007,-1.6237579354,2.4107144447437676,-5.0396423,26.046875,31.0865173,75.17093943666667,32.090737316203224,39.857025,104.88098,65.023955
1487,-1.0021667,39.857025,76561199847502271,1,0.0,0.0,0.0,0.0,0.0,0.0,-46.09966820000005,1833.4231500000008,-1.6237579354,2.4107144447437676,-5.0396423,26.046875,31.0865173,75.17093943666667,32.090737316203224,39.857025,104.88098,65.023955
1488,-1.0021667,39.857025,76561199847502271,1,0.0,0.0,0.0,0.0,0.0,0.0,-47.10183490000006,1873.2801750000008,-1.6237579354,2.4107144447437676,-5.0396423,26.046875,31.0865173,75.17093943666667,32.090737316203224,39.857025,104.88098,65.023955
1489,-1.0021667,39.857025,76561199847502271,1,0.0,0.0,0.0,0.0,0.0,0.0,-48.10400160000006,1913.1372000000008,-1.6237579354,2.4107144447437676,-5.0396423,26.046875,31.0865173,75.17093943666667,32.090737316203224,39.857025,104.88098,65.023955
1490,-1.0021667,39.857025,76561199847502271,1,0.0,0.0,0.0,0.0,0.0,0.0,-49.106168300000064,1952.9942250000008,-1.6237579354,2.4107144447437676,-5.0396423,26.046875,31.0865173,75.17093943666667,32.090737316203224,39.857025,104.88098,65.023955
1491,-1.0021667,39.857025,76561199847502271,1,0.0,0.0,0.0,0.0,0.0,0.0,-50.10833500000007,1992.8512500000008,-1.6237579354,2.4107144447437676,-5.0396423,26.046875,31.0865173,75.17093943666667,32.090737316203224,39.857025,104.88098,65.023955
1492,-1.0021667,39.857025,76561199847502271,1,0.0,0.0,0.0,0.0,0.0,0.0,-51.11050170000007,2032.7082750000009,-1.6237579354,2.4107144447437676,-5.0396423,26.046875,31.0865173,75.17093943666667,32.090737316203224,39.857025,104.88098,65.023955
1493,-1.0021667,39.857025,76561199847502271,1,0.0,0.0,0.0,0.0,0.0,0.0,-52.112668400000075,2072.5653000000007,-1.6237579354,2.4107144447437676,-5.0396423,26.046875,31.0865173,75.17093943666667,32.090737316203224,39.857025,104.88098,65.023955
1494,-1.0021667,39.857025,76561199847502271,1,0.0,0.0,0.0,0.0,0.0,0.0,-53.11483510000008,2112.4223250000005,-1.6237579354,2.4107144447437676,-5.0396423,26.046875,31.0865173,75.17093943666667,32.090737316203224,39.857025,104.88098,65.023955
1495,-1.0021667,39.857025,76561199847502271,1,0.0,0.0,0.0,0.0,0.0,0.0,-54.11700180000008,2152.2793500000002,-1.6237579354,2.4107144447437676,-5.0396423,26.046875,31.0865173,75.17093943666667,32.090737316203224,39.857025,104.88098,65.023955
1496,-1.0021667,39.857025,76561199847502271,1,0.0,0.0,0.0,0.0,0.0,0.0,-55.119168500000086,2192.136375,-1.6237579354,2.4107144447437676,-5.0396423,26.046875,31.0865173,75.17093943666667,32.090737316203224,39.857025,104.88098,65.023955
1497,-1.0021667,39.857025,76561199847502271,1,0.0,0.0,0.0,0.0,0.0,0.0,-56.12133520000009,2231.9934,-1.6237579354,2.4107144447437676,-5.0396423,26.046875,31.0865173,75.17093943666667,32.090737316203224,39.857025,104.88098,65.023955
1498,-1.0021667,39.857025,76561199847502271,1,0.0,0.0,0.0,0.0,0.0,0.0,-57.12350190000009,2271.8504249999996,-1.6237579354,2.4107144447437676,-5.0396423,26.046875,31.0865173,75.17093943666667,32.090737316203224,39.857025,104.88098,65.023955
1499,-1.0021667,39.857025,76561199847502271,1,0.0,0.0,0.0,0.0,0.0,0.0,-58.1256686000001,2311.7074499999994,-1.6237579354,2.4107144447437676,-5.0396423,26.046875,31.0865173,75.17093943666667,32.090737316203224,39.857025,104.88098,65.023955
1500,-1.0021667,39.857025,76561199847502271,1,0.0,0.0,0.0,0.0,0.0,0.0,-59.1278353000001,2351.564474999999,-1.6237579354,2.4107144447437676,-5.0396423,26.046875,31.0865173,75.17093943666667,32.090737316203224,39.857025,104.88098,65.023955
1501,-1.0021667,39.857025,76561199847502271,1,0.0,0.0,0.0,0.0,0.0,0.0,-60.130002000000104,2391.421499999999,-1.6237579354,2.4107144447437676,-5.0396423,26.046875,31.0865173,75.17093943666667,32.090737316203224,39.857025,104.88098,65.023955
1502,-1.0021667,39.857025,76561199847502271,1,0.0,0.0,0.0,0.0,0.0,0.0,-61.13216870000011,2431.278524999999,-1.6237579354,2.4107144447437676,-5.0396423,26.046875,31.0865173,75.17093943666667,32.090737316203224,39.857025,104.88098,65.023955
1503,-1.0021667,39.857025,76561199847502271,1,0.0,0.0,0.0,0.0,0.0,0.0,-62.13433540000011,2471.1355499999986,-1.6237579354,2.4107144447437676,-5.0396423,26.046875,31.0865173,75.17093943666667,32.090737316203224,39.857025,104.88098,65.023955
1504,-1.0021667,39.857025,76561199847502271,1,0.0,0.0,0.0,0.0,0.0,0.0,-63.136502100000115,2510.9925749999984,-1.6237579354,2.4107144447437676,-5.0396423,26.046875,31.0865173,75.17093943666667,32.090737316203224,39.857025,104.88098,65.023955
1505,-1.0021667,39.857025,76561199847502271,1,0.0,0.0,0.0,0.0,0.0,0.0,-64.13866880000012,2550.849599999998,-1.6237579354,2.4107144447437676,-5.0396423,26.046875,31.0865173,75.17093943666667,32.090737316203224,39.857025,104.88098,65.023955
1506,-1.0021667,39.857025,76561199847502271,1,0.0,0.0,0.0,0.0,0.0,0.0,-65.14083550000012,2590.706624999998,-1.6237579354,2.4107144447437676,-5.0396423,26.046875,31.0865173,75.17093943666667,32.090737316203224,39.857025,104.88098,65.023955
1507,-1.0021667,39.857025,76561199847502271,1,0.0,0.0,0.0,0.0,0.0,0.0,-66.14300220000013,2630.563649999998,-1.6237579354,2.4107144447437676,-5.0396423,26.046875,31.0865173,75.17093943666667,32.090737316203224,39.857025,104.88098,65.023955
1508,-1.0021667,39.857025,76561199847502271,1,0.0,0.0,0.0,0.0,0.0,0.0,-67.14516890000013,2670.4206749999976,-1.6237579354,2.4107144447437676,-5.0396423,26.046875,31.0865173,75.17093943666667,32.090737316203224,39.857025,104.88098,65.023955
1509,-1.0021667,39.857025,76561199847502271,1,0.0,0.0,0.0,0.0,0.0,0.0,-68.14733560000013,2710.2776999999974,-1.6237579354,2.4107144447437676,-5.0396423,26.046875,31.0865173,75.17093943666667,32.090737316203224,39.857025,104.88098,65.023955
1510,-1.0021667,39.857025,76561199847502271,1,0.0,0.0,0.0,0.0,0.0,0.0,-69.14950230000014,2750.134724999997,-1.6237579354,2.4107144447437676,-5.0396423,26.046875,31.0865173,75.17093943666667,32.090737316203224,39.857025,104.88098,65.023955
1511,-1.0021667,39.857025,76561199847502271,1,0.0,0.0,0.0,0.0,0.0,0.0,-70.15166900000014,2789.991749999997,-1.6237579354,2.4107144447437676,-5.0396423,26.046875,31.0865173,75.17093943666667,32.090737316203224,39.857025,104.88098,65.023955
1512,-1.0021667,39.857025,76561199847502271,1,0.0,0.0,0.0,0.0,0.0,0.0,-71.15383570000014,2829.8487749999967,-1.6237579354,2.4107144447437676,-5.0396423,26.046875,31.0865173,75.17093943666667,32.090737316203224,39.857025,104.88098,65.023955
1513,-1.0021667,39.857025,76561199847502271,1,0.0,0.0,0.0,0.0,0.0,0.0,-72.15600240000015,2869.7057999999965,-1.6237579354,2.4107144447437676,-5.0396423,26.046875,31.0865173,75.17093943666667,32.090737316203224,39.857025,104.88098,65.023955
1514,-1.0021667,39.857025,76561199847502271,1,0.0,0.0,0.0,0.0,0.0,0.0,-73.15816910000015,2909.5628249999963,-1.6237579354,2.4107144447437676,-5.0396423,26.046875,31.0865173,75.17093943666667,32.090737316203224,39.857025,104.88098,65.023955
1515,-1.0021667,39.857025,76561199847502271,1,0.0,0.0,0.0,0.0,0.0,0.0,-74.16033580000015,2949.419849999996,-1.6237579354,2.4107144447437676,-5.0396423,26.046875,31.0865173,75.17093943666667,32.090737316203224,39.857025,104.88098,65.023955
1516,-1.0021667,39.857025,76561199847502271,1,0.0,0.0,0.0,0.0,0.0,0.0,-75.16250250000016,2989.276874999996,-1.6237579354,2.4107144447437676,-5.0396423,26.046875,31.0865173,75.17093943666667,32.090737316203224,39.857025,104.88098,65.023955
1517,-1.0021667,39.857025,76561199847502271,1,0.0,0.0,0.0,0.0,0.0,0.0,-76.16466920000016,3029.1338999999957,-1.6237579354,2.4107144447437676,-5.0396423,26.046875,31.0865173,75.17093943666667,32.090737316203224,39.857025,104.88098,65.023955
1518,-1.0021667,39.857025,76561199847502271,1,0.0,0.0,0.0,0.0,0.0,0.0,-77.16683590000017,3068.9909249999955,-1.6237579354,2.4107144447437676,-5.0396423,26.046875,31.0865173,75.17093943666667,32.090737316203224,39.857025,104.88098,65.023955
1519,-1.0021667,39.857025,76561199847502271,1,0.0,0.0,0.0,0.0,0.0,0.0,-78.16900260000017,3108.8479499999953,-1.6237579354,2.4107144447437676,-5.0396423,26.046875,31.0865173,75.17093943666667,32.090737316203224,39.857025,104.88098,65.023955
1520,-1.0021667,39.857025,76561199847502271,1,0.0,0.0,0.0,0.0,0.0,0.0,-79.17116930000017,3148.704974999995,-1.6237579354,2.4107144447437676,-5.0396423,26.046875,31.0865173,75.17093943666667,32.090737316203224,39.857025,104.88098,65.023955
1521,-1.0021667,39.857025,76561199847502271,1,0.0,0.0,0.0,0.0,0.0,0.0,-80.17333600000018,3188.561999999995,-1.6237579354,2.4107144447437676,-5.0396423,26.046875,31.0865173,75.17093943666667,32.090737316203224,39.857025,104.88098,65.023955
1522,-1.0021667,39.857025,76561199847502271,1,0.0,0.0,0.0,0.0,0.0,0.0,-81.17550270000018,3228.4190249999947,-1.6237579354,2.4107144447437676,-5.0396423,26.046875,31.0865173,75.17093943666667,32.090737316203224,39.857025,104.88098,65.023955
1523,-1.0021667,39.857025,76561199847502271,1,0.0,0.0,0.0,0.0,0.0,0.0,-82.17766940000018,3268.2760499999945,-1.6237579354,2.4107144447437676,-5.0396423,26.046875,31.0865173,75.17093943666667,32.090737316203224,39.857025,104.88098,65.023955
1524,-1.0021667,39.857025,76561199847502271,1,0.0,0.0,0.0,0.0,0.0,0.0,-83.17983610000019,3308.1330749999943,-1.6237579354,2.4107144447437676,-5.0396423,26.046875,31.0865173,75.17093943666667,32.090737316203224,39.857025,104.88098,65.023955
1525,-1.0021667,39.857025,76561199847502271,1,0.0,0.0,0.0,0.0,0.0,0.0,-84.18200280000019,3347.990099999994,-1.6237579354,2.4107144447437676,-5.0396423,26.046875,31.0865173,75.17093943666667,32.090737316203224,39.857025,104.88098,65.023955
1526,-1.0021667,39.857025,76561199847502271,1,0.0,0.0,0.0,0.0,0.0,0.0,-85.1841695000002,3387.847124999994,-1.6237579354,2.4107144447437676,-5.0396423,26.046875,31.0865173,75.17093943666667,32.090737316203224,39.857025,104.88098,65.023955
1527,-1.0021667,39.857025,76561199847502271,1,0.0,0.0,0.0,0.0,0.0,0.0,-86.1863362000002,3427.7041499999937,-1.6237579354,2.4107144447437676,-5.0396423,26.046875,31.0865173,75.17093943666667,32.090737316203224,39.857025,104.88098,65.023955
1528,-1.0021667,39.857025,76561199847502271,1,0.0,0.0,0.0,0.0,0.0,0.0,-87.1885029000002,3467.5611749999935,-1.6237579354,2.4107144447437676,-5.0396423,26.046875,31.0865173,75.17093943666667,32.090737316203224,39.857025,104.88098,65.023955
1529,-1.0021667,39.857025,76561199847502271,1,0.0,0.0,0.0,0.0,0.0,0.0,-88.1906696000002,3507.4181999999932,-1.6237579354,2.4107144447437676,-5.0396423,26.046875,31.0865173,75.17093943666667,32.090737316203224,39.857025,104.88098,65.023955
1530,-1.0021667,39.857025,76561199847502271,1,0.0,0.0,0.0,0.0,0.0,0.0,-89.19283630000021,3547.275224999993,-1.6237579354,2.4107144447437676,-5.0396423,26.046875,31.0865173,75.17093943666667,32.090737316203224,39.857025,104.88098,65.023955
1531,-1.0021667,39.857025,76561199847502271,1,0.0,0.0,0.0,0.0,0.0,0.0,-90.19500300000021,3587.132249999993,-1.6237579354,2.4107144447437676,-5.0396423,26.046875,31.0865173,75.17093943666667,32.090737316203224,39.857025,104.88098,65.023955
1532,-1.0021667,39.857025,76561199847502271,1,0.0,0.0,0.0,0.0,0.0,0.0,-91.19716970000022,3626.9892749999926,-1.6237579354,2.4107144447437676,-5.0396423,26.046875,31.0865173,75.17093943666667,32.090737316203224,39.857025,104.88098,65.023955
1533,-1.0021667,39.857025,76561199847502271,1,0.0,0.0,0.0,0.0,0.0,0.0,-92.19933640000022,3666.8462999999924,-1.6237579354,2.4107144447437676,-5.0396423,26.046875,31.0865173,75.17093943666667,32.090737316203224,39.857025,104.88098,65.023955
1534,-1.0021667,39.857025,76561199847502271,1,0.0,0.0,0.0,0.0,0.0,0.0,-93.20150310000022,3706.703324999992,-1.6237579354,2.4107144447437676,-5.0396423,26.046875,31.0865173,75.17093943666667,32.090737316203224,39.857025,104.88098,65.023955
1535,-1.0021667,39.857025,76561199847502271,1,0.0,0.0,0.0,0.0,0.0,0.0,-94.20366980000023,3746.560349999992,-1.6237579354,2.4107144447437676,-5.0396423,26.046875,31.0865173,75.17093943666667,32.090737316203224,39.857025,104.88098,65.023955
1536,-1.0021667,39.857025,76561199847502271,1,0.0,0.0,0.0,0.0,0.0,0.0,-95.20583650000023,3786.417374999992,-1.6237579354,2.4107144447437676,-5.0396423,26.046875,31.0865173,75.17093943666667,32.090737316203224,39.857025,104.88098,65.023955
1537,-1.0021667,39.857025,76561199847502271,1,0.0,0.0,0.0,0.0,0.0,0.0,-96.20800320000023,3826.2743999999916,-1.6237579354,2.4107144447437676,-5.0396423,26.046875,31.0865173,75.17093943666667,32.090737316203224,39.857025,104.88098,65.023955
1538,-1.0021667,39.857025,76561199847502271,1,0.0,0.0,0.0,0.0,0.0,0.0,-97.21016990000024,3866.1314249999914,-1.6237579354,2.4107144447437676,-5.0396423,26.046875,31.0865173,75.17093943666667,32.090737316203224,39.857025,104.88098,65.023955
1539,-1.0021667,39.857025,76561199847502271,1,0.0,0.0,0.0,0.0,0.0,0.0,-98.21233660000024,3905.988449999991,-1.6237579354,2.4107144447437676,-5.0396423,26.046875,31.0865173,75.17093943666667,32.090737316203224,39.857025,104.88098,65.023955
1540,-1.0021667,39.857025,76561199847502271,1,0.0,0.0,0.0,0.0,0.0,0.0,-99.21450330000025,3945.845474999991,-1.6237579354,2.4107144447437676,-5.0396423,26.046875,31.0865173,75.17093943666667,32.090737316203224,39.857025,104.88098,65.023955
1541,-1.0021667,39.857025,76561199847502271,1,0.0,0.0,0.0,0.0,0.0,0.0,-100.21667000000025,3985.702499999991,-1.6237579354,2.4107144447437676,-5.0396423,26.046875,31.0865173,75.17093943666667,32.090737316203224,39.857025,104.88098,65.023955
1542,-1.0021667,39.857025,76561199847502271,1,0.0,0.0,0.0,0.0,0.0,0.0,-101.21883670000025,4025.5595249999906,-1.6237579354,2.4107144447437676,-5.0396423,26.046875,31.0865173,75.17093943666667,32.090737316203224,39.857025,104.88098,65.023955
1543,-1.0021667,39.857025,76561199847502271,1,0.0,0.0,0.0,0.0,0.0,0.0,-102.22100340000026,4065.4165499999904,-1.6237579354,2.4107144447437676,-5.0396423,26.046875,31.0865173,75.17093943666667,32.090737316203224,39.857025,104.88098,65.023955
1544,-1.0021667,39.857025,76561199847502271,1,0.0,0.0,0.0,0.0,0.0,0.0,-103.22317010000026,4105.27357499999,-1.6237579354,2.4107144447437676,-5.0396423,26.046875,31.0865173,75.17093943666667,32.090737316203224,39.857025,104.88098,65.023955
1545,-1.0021667,39.857025,76561199847502271,1,0.0,0.0,0.0,0.0,0.0,0.0,-104.22533680000026,4145.13059999999,-1.6237579354,2.4107144447437676,-5.0396423,26.046875,31.0865173,75.17093943666667,32.090737316203224,39.857025,104.88098,65.023955
1546,-1.0021667,39.857025,76561199847502271,1,0.0,0.0,0.0,0.0,0.0,0.0,-105.22750350000027,4184.987624999991,-1.6237579354,2.4107144447437676,-5.0396423,26.046875,31.0865173,75.17093943666667,32.090737316203224,39.857025,104.88098,65.023955
1547,-1.0021667,39.857025,76561199847502271,1,0.0,0.0,0.0,0.0,0.0,0.0,-106.22967020000027,4224.844649999991,-1.6237579354,2.4107144447437676,-5.0396423,26.046875,31.0865173,75.17093943666667,32.090737316203224,39.857025,104.88098,65.023955
1548,-1.0021667,39.857025,76561199847502271,1,0.0,0.0,0.0,0.0,0.0,0.0,-107.23183690000027,4264.701674999991,-1.6237579354,2.4107144447437676,-5.0396423,26.046875,31.0865173,75.17093943666667,32.090737316203224,39.857025,104.88098,65.023955
1549,-1.0021667,39.857025,76561199847502271,1,0.0,0.0,0.0,0.0,0.0,0.0,-108.23400360000028,4304.558699999991,-1.6237579354,2.4107144447437676,-5.0396423,26.046875,31.0865173,75.17093943666667,32.090737316203224,39.857025,104.88098,65.023955
1550,-1.0021667,39.857025,76561199847502271,1,0.0,0.0,0.0,0.0,0.0,0.0,-109.23617030000028,4344.415724999992,-1.6237579354,2.4107144447437676,-5.0396423,26.046875,31.0865173,75.17093943666667,32.090737316203224,39.857025,104.88098,65.023955
1551,-1.0021667,39.857025,76561199847502271,1,0.0,0.0,0.0,0.0,0.0,0.0,-110.23833700000029,4384.272749999992,-1.6237579354,2.4107144447437676,-5.0396423,26.046875,31.0865173,75.17093943666667,32.090737316203224,39.857025,104.88098,65.023955
1552,-1.0021667,39.857025,76561199847502271,1,0.0,0.0,0.0,0.0,0.0,0.0,-111.24050370000029,4424.129774999992,-1.6237579354,2.4107144447437676,-5.0396423,26.046875,31.0865173,75.17093943666667,32.090737316203224,39.857025,104.88098,65.023955
1553,-1.0021667,39.857025,76561199847502271,1,0.0,0.0,0.0,0.0,0.0,0.0,-112.24267040000029,4463.986799999992,-1.6237579354,2.4107144447437676,-5.0396423,26.046875,31.0865173,75.17093943666667,32.090737316203224,39.857025,104.88098,65.023955
1554,-1.0021667,39.857025,76561199847502271,1,0.0,0.0,0.0,0.0,0.0,0.0,-113.2448371000003,4503.843824999993,-1.6237579354,2.4107144447437676,-5.0396423,26.046875,31.0865173,75.17093943666667,32.090737316203224,39.857025,104.88098,65.023955
1555,-1.0021667,39.857025,76561199847502271,1,0.0,0.0,0.0,0.0,0.0,0.0,-114.2470038000003,4543.700849999993,-1.6237579354,2.4107144447437676,-5.0396423,26.046875,31.0865173,75.17093943666667,32.090737316203224,39.857025,104.88098,65.023955
1556,-1.0021667,39.857025,76561199847502271,1,0.0,0.0,0.0,0.0,0.0,0.0,-115.2491705000003,4583.557874999993,-1.6237579354,2.4107144447437676,-5.0396423,26.046875,31.0865173,75.17093943666667,32.090737316203224,39.857025,104.88098,65.023955
1557,-1.0021667,39.857025,76561199847502271,1,0.0,0.0,0.0,0.0,0.0,0.0,-116.25133720000031,4623.414899999993,-1.6237579354,2.4107144447437676,-5.0396423,26.046875,31.0865173,75.17093943666667,32.090737316203224,39.857025,104.88098,65.023955
1558,-1.0021667,39.857025,76561199847502271,1,0.0,0.0,0.0,0.0,0.0,0.0,-117.25350390000031,4663.271924999994,-1.6237579354,2.4107144447437676,-5.0396423,26.046875,31.0865173,75.17093943666667,32.090737316203224,39.857025,104.88098,65.023955
1559,-1.0021667,39.857025,76561199847502271,1,0.0,0.0,0.0,0.0,0.0,0.0,-118.25567060000031,4703.128949999994,-1.6237579354,2.4107144447437676,-5.0396423,26.046875,31.0865173,75.17093943666667,32.090737316203224,39.857025,104.88098,65.023955
1560,-1.0021667,39.857025,76561199847502271,1,0.0,0.0,0.0,0.0,0.0,0.0,-119.25783730000032,4742.985974999994,-1.6237579354,2.4107144447437676,-5.0396423,26.046875,31.0865173,75.17093943666667,32.090737316203224,39.857025,104.88098,65.023955
1561,-1.0021667,39.857025,76561199847502271,1,0.0,0.0,0.0,0.0,0.0,0.0,-120.26000400000032,4782.842999999994,-1.6237579354,2.4107144447437676,-5.0396423,26.046875,31.0865173,75.17093943666667,32.090737316203224,39.857025,104.88098,65.023955
1562,-1.0021667,39.857025,76561199847502271,1,0.0,0.0,0.0,0.0,0.0,0.0,-121.26217070000033,4822.700024999995,-1.6237579354,2.4107144447437676,-5.0396423,26.046875,31.0865173,75.17093943666667,32.090737316203224,39.857025,104.88098,65.023955
1563,-1.0021667,39.857025,76561199847502271,1,0.0,0.0,0.0,0.0,0.0,0.0,-122.26433740000033,4862.557049999995,-1.6237579354,2.4107144447437676,-5.0396423,26.046875,31.0865173,75.17093943666667,32.090737316203224,39.857025,104.88098,65.023955
1564,-1.0021667,39.857025,76561199847502271,1,0.0,0.0,0.0,0.0,0.0,0.0,-123.26650410000033,4902.414074999995,-1.6237579354,2.4107144447437676,-5.0396423,26.046875,31.0865173,75.17093943666667,32.090737316203224,39.857025,104.88098,65.023955
1565,-1.0021667,39.857025,76561199847502271,1,0.0,0.0,0.0,0.0,0.0,0.0,-124.26867080000034,4942.271099999995,-1.6237579354,2.4107144447437676,-5.0396423,26.046875,31.0865173,75.17093943666667,32.090737316203224,39.857025,104.88098,65.023955
1566,-1.0021667,39.857025,76561199847502271,1,0.0,0.0,0.0,0.0,0.0,0.0,-125.27083750000034,4982.128124999996,-1.6237579354,2.4107144447437676,-5.0396423,26.046875,31.0865173,75.17093943666667,32.090737316203224,39.857025,104.88098,65.023955
1567,-1.0021667,39.857025,76561199847502271,1,0.0,0.0,0.0,0.0,0.0,0.0,-126.27300420000034,5021.985149999996,-1.6237579354,2.4107144447437676,-5.0396423,26.046875,31.0865173,75.17093943666667,32.090737316203224,39.857025,104.88098,65.023955
1568,-1.0021667,39.857025,76561199847502271,1,0.0,0.0,0.0,0.0,0.0,0.0,-127.27517090000035,5061.842174999996,-1.6237579354,2.4107144447437676,-5.0396423,26.046875,31.0865173,75.17093943666667,32.090737316203224,39.857025,104.88098,65.023955
1569,-2.3747559,104.88098,76561199847502271,1,-1.3725891999999997,65.023955,-1.3725891999999997,65.023955,-1.3725891999999997,65.023955,-129.64992680000034,5166.723154999996,-1.6237579354,2.4107144447437676,-5.0396423,26.046875,31.0865173,75.17093943666667,32.090737316203224,39.857025,104.88098,65.023955
1570,-2.3747559,104.88098,76561199847502271,1,0.0,0.0,1.3725891999999997,-65.023955,2.7451783999999995,-130.04791,-132.02468270000034,5271.604134999996,-1.6237579354,2.4107144447437676,-5.0396423,26.046875,31.0865173,75.17093943666667,32.090737316203224,39.857025,104.88098,65.023955
1571,-2.3747559,104.88098,76561199847502271,1,0.0,0.0,0.0,0.0,-1.3725891999999997,65.023955,-134.39943860000034,5376.485114999996,-1.6237579354,2.4107144447437676,-5.0396423,26.046875,31.0865173,75.17093943666667,32.090737316203224,39.857025,104.88098,65.023955
1572,-2.3747559,104.88098,76561199847502271,1,0.0,0.0,0.0,0.0,0.0,0.0,-136.77419450000033,5481.366094999996,-1.6237579354,2.4107144447437676,-5.0396423,26.046875,31.0865173,75.17093943666667,32.090737316203224,39.857025,104.88098,65.023955
1573,-2.3747559,104.88098,76561199847502271,1,0.0,0.0,0.0,0.0,0.0,0.0,-139.14895040000033,5586.247074999996,-1.6237579354,2.4107144447437676,-5.0396423,26.046875,31.0865173,75.17093943666667,32.090737316203224,39.857025,104.88098,65.023955
1574,-2.3747559,104.88098,76561199847502271,1,0.0,0.0,0.0,0.0,0.0,0.0,-141.52370630000033,5691.128054999996,-1.6237579354,2.4107144447437676,-5.0396423,26.046875,31.0865173,75.17093943666667,32.090737316203224,39.857025,104.88098,65.023955
1575,-2.3747559,104.88098,76561199847502271,1,0.0,0.0,0.0,0.0,0.0,0.0,-143.89846220000032,5796.0090349999955,-1.6237579354,2.4107144447437676,-5.0396423,26.046875,31.0865173,75.17093943666667,32.090737316203224,39.857025,104.88098,65.023955
1576,-2.3747559,104.88098,76561199847502271,1,0.0,0.0,0.0,0.0,0.0,0.0,-146.27321810000032,5900.890014999995,-1.6237579354,2.4107144447437676,-5.0396423,26.046875,31.0865173,75.17093943666667,32.090737316203224,39.857025,104.88098,65.023955
1577,-2.3747559,104.88098,76561199847502271,1,0.0,0.0,0.0,0.0,0.0,0.0,-148.64797400000032,6005.770994999995,-1.6237579354,2.4107144447437676,-5.0396423,26.046875,31.0865173,75.17093943666667,32.090737316203224,39.857025,104.88098,65.023955
1578,-2.3747559,104.88098,76561199847502271,1,0.0,0.0,0.0,0.0,0.0,0.0,-151.02272990000031,6110.651974999995,-1.6237579354,2.4107144447437676,-5.0396423,26.046875,31.0865173,75.17093943666667,32.090737316203224,39.857025,104.88098,65.023955
1579,-2.3747559,104.88098,76561199847502271,1,0.0,0.0,0.0,0.0,0.0,0.0,-153.3974858000003,6215.532954999995,-1.6237579354,2.4107144447437676,-5.0396423,26.046875,31.0865173,75.17093943666667,32.090737316203224,39.857025,104.88098,65.023955
1580,-2.3747559,104.88098,76561199847502271,1,0.0,0.0,0.0,0.0,0.0,0.0,-155.7722417000003,6320.413934999995,-1.6237579354,2.4107144447437676,-5.0396423,26.046875,31.0865173,75.17093943666667,32.090737316203224,39.857025,104.88098,65.023955
1581,-2.3747559,104.88098,76561199847502271,1,0.0,0.0,0.0,0.0,0.0,0.0,-158.1469976000003,6425.294914999995,-1.6237579354,2.4107144447437676,-5.0396423,26.046875,31.0865173,75.17093943666667,32.090737316203224,39.857025,104.88098,65.023955
1582,-2.3747559,104.88098,76561199847502271,1,0.0,0.0,0.0,0.0,0.0,0.0,-160.5217535000003,6530.175894999995,-1.6237579354,2.4107144447437676,-5.0396423,26.046875,31.0865173,75.17093943666667,32.090737316203224,39.857025,104.88098,65.023955
1583,-2.3747559,104.88098,76561199847502271,1,0.0,0.0,0.0,0.0,0.0,0.0,-162.8965094000003,6635.056874999995,-1.6237579354,2.4107144447437676,-5.0396423,26.046875,31.0865173,75.17093943666667,32.090737316203224,39.857025,104.88098,65.023955
1584,-2.3747559,104.88098,76561199847502271,1,0.0,0.0,0.0,0.0,0.0,0.0,-165.2712653000003,6739.937854999995,-1.6237579354,2.4107144447437676,-5.0396423,26.046875,31.0865173,75.17093943666667,32.090737316203224,39.857025,104.88098,65.023955
1585,-2.3747559,104.88098,76561199847502271,1,0.0,0.0,0.0,0.0,0.0,0.0,-167.6460212000003,6844.818834999995,-1.6237579354,2.4107144447437676,-5.0396423,26.046875,31.0865173,75.17093943666667,32.090737316203224,39.857025,104.88098,65.023955
1586,-2.3747559,104.88098,76561199847502271,1,0.0,0.0,0.0,0.0,0.0,0.0,-170.0207771000003,6949.6998149999945,-1.6237579354,2.4107144447437676,-5.0396423,26.046875,31.0865173,75.17093943666667,32.090737316203224,39.857025,104.88098,65.023955
1587,-2.3747559,104.88098,76561199847502271,1,0.0,0.0,0.0,0.0,0.0,0.0,-172.39553300000028,7054.580794999994,-1.6237579354,2.4107144447437676,-5.0396423,26.046875,31.0865173,75.17093943666667,32.090737316203224,39.857025,104.88098,65.023955
1588,-2.3747559,104.88098,76561199847502271,1,0.0,0.0,0.0,0.0,0.0,0.0,-174.77028890000028,7159.461774999994,-1.6237579354,2.4107144447437676,-5.0396423,26.046875,31.0865173,75.17093943666667,32.090737316203224,39.857025,104.88098,65.023955
1589,-2.3747559,104.88098,76561199847502271,1,0.0,0.0,0.0,0.0,0.0,0.0,-177.14504480000028,7264.342754999994,-1.6237579354,2.4107144447437676,-5.0396423,26.046875,31.0865173,75.17093943666667,32.090737316203224,39.857025,104.88098,65.023955
1590,-2.3747559,104.88098,76561199847502271,1,0.0,0.0,0.0,0.0,0.0,0.0,-179.51980070000027,7369.223734999994,-1.6237579354,2.4107144447437676,-5.0396423,26.046875,31.0865173,75.17093943666667,32.090737316203224,39.857025,104.88098,65.023955
1591,-2.3747559,104.88098,76561199847502271,1,0.0,0.0,0.0,0.0,0.0,0.0,-181.89455660000027,7474.104714999994,-1.6237579354,2.4107144447437676,-5.0396423,26.046875,31.0865173,75.17093943666667,32.090737316203224,39.857025,104.88098,65.023955
1592,-2.3747559,104.88098,76561199847502271,1,0.0,0.0,0.0,0.0,0.0,0.0,-184.26931250000027,7578.985694999994,-1.6237579354,2.4107144447437676,-5.0396423,26.046875,31.0865173,75.17093943666667,32.090737316203224,39.857025,104.88098,65.023955
1593,-2.3747559,104.88098,76561199847502271,1,0.0,0.0,0.0,0.0,0.0,0.0,-186.64406840000026,7683.866674999994,-1.6237579354,2.4107144447437676,-5.0396423,26.046875,31.0865173,75.17093943666667,32.090737316203224,39.857025,104.88098,65.023955
1594,-2.3747559,104.88098,76561199847502271,1,0.0,0.0,0.0,0.0,0.0,0.0,-189.01882430000026,7788.747654999994,-1.6237579354,2.4107144447437676,-5.0396423,26.046875,31.0865173,75.17093943666667,32.090737316203224,39.857025,104.88098,65.023955
1595,-2.3747559,104.88098,76561199847502271,1,0.0,0.0,0.0,0.0,0.0,0.0,-191.39358020000026,7893.628634999994,-1.6237579354,2.4107144447437676,-5.0396423,26.046875,31.0865173,75.17093943666667,32.090737316203224,39.857025,104.88098,65.023955
1596,-2.3747559,104.88098,76561199847502271,1,0.0,0.0,0.0,0.0,0.0,0.0,-193.76833610000025,7998.509614999994,-1.6237579354,2.4107144447437676,-5.0396423,26.046875,31.0865173,75.17093943666667,32.090737316203224,39.857025,104.88098,65.023955
1597,-2.3747559,104.88098,76561199847502271,1,0.0,0.0,0.0,0.0,0.0,0.0,-196.14309200000025,8103.3905949999935,-1.6237579354,2.4107144447437676,-5.0396423,26.046875,31.0865173,75.17093943666667,32.090737316203224,39.857025,104.88098,65.023955
1598,-2.3747559,104.88098,76561199847502271,1,0.0,0.0,0.0,0.0,0.0,0.0,-198.51784790000025,8208.271574999993,-1.6237579354,2.4107144447437676,-5.0396423,26.046875,31.0865173,75.17093943666667,32.090737316203224,39.857025,104.88098,65.023955
1599,-2.3747559,104.88098,76561199847502271,1,0.0,0.0,0.0,0.0,0.0,0.0,-200.89260380000024,8313.152554999993,-1.6237579354,2.4107144447437676,-5.0396423,26.046875,31.0865173,75.17093943666667,32.090737316203224,39.857025,104.88098,65.023955
1600,-2.3747559,104.88098,76561199847502271,1,0.0,0.0,0.0,0.0,0.0,0.0,-203.26735970000024,8418.033534999993,-1.6237579354,2.4107144447437676,-5.0396423,26.046875,31.0865173,75.17093943666667,32.090737316203224,39.857025,104.88098,65.023955
1601,-2.3747559,104.88098,76561199847502271,1,0.0,0.0,0.0,0.0,0.0,0.0,-205.64211560000024,8522.914514999993,-1.6237579354,2.4107144447437676,-5.0396423,26.046875,31.0865173,75.17093943666667,32.090737316203224,39.857025,104.88098,65.023955
1602,-2.3747559,104.88098,76561199847502271,1,0.0,0.0,0.0,0.0,0.0,0.0,-208.01687150000024,8627.795494999993,-1.6237579354,2.4107144447437676,-5.0396423,26.046875,31.0865173,75.17093943666667,32.090737316203224,39.857025,104.88098,65.023955
1603,-2.3747559,104.88098,76561199847502271,1,0.0,0.0,0.0,0.0,0.0,0.0,-210.39162740000023,8732.676474999993,-1.6237579354,2.4107144447437676,-5.0396423,26.046875,31.0865173,75.17093943666667,32.090737316203224,39.857025,104.88098,65.023955
1604,-2.3747559,104.88098,76561199847502271,1,0.0,0.0,0.0,0.0,0.0,0.0,-212.76638330000023,8837.557454999993,-1.6237579354,2.4107144447437676,-5.0396423,26.046875,31.0865173,75.17093943666667,32.090737316203224,39.857025,104.88098,65.023955
1605,-2.3747559,104.88098,76561199847502271,1,0.0,0.0,0.0,0.0,0.0,0.0,-215.14113920000023,8942.438434999993,-1.6237579354,2.4107144447437676,-5.0396423,26.046875,31.0865173,75.17093943666667,32.090737316203224,39.857025,104.88098,65.023955
1606,-2.3747559,104.88098,76561199847502271,1,0.0,0.0,0.0,0.0,0.0,0.0,-217.51589510000022,9047.319414999993,-1.6237579354,2.4107144447437676,-5.0396423,26.046875,31.0865173,75.17093943666667,32.090737316203224,39.857025,104.88098,65.023955
1607,-2.3747559,104.88098,76561199847502271,1,0.0,0.0,0.0,0.0,0.0,0.0,-219.89065100000022,9152.200394999993,-1.6237579354,2.4107144447437676,-5.0396423,26.046875,31.0865173,75.17093943666667,32.090737316203224,39.857025,104.88098,65.023955
1608,-2.3747559,104.88098,76561199847502271,1,0.0,0.0,0.0,0.0,0.0,0.0,-222.26540690000022,9257.081374999992,-1.6237579354,2.4107144447437676,-5.0396423,26.046875,31.0865173,75.17093943666667,32.090737316203224,39.857025,104.88098,65.023955
1609,-2.3747559,104.88098,76561199847502271,1,0.0,0.0,0.0,0.0,0.0,0.0,-224.6401628000002,9361.962354999992,-1.6237579354,2.4107144447437676,-5.0396423,26.046875,31.0865173,75.17093943666667,32.090737316203224,39.857025,104.88098,65.023955
1610,-2.3747559,104.88098,76561199847502271,1,0.0,0.0,0.0,0.0,0.0,0.0,-227.0149187000002,9466.843334999992,-1.6237579354,2.4107144447437676,-5.0396423,26.046875,31.0865173,75.17093943666667,32.090737316203224,39.857025,104.88098,65.023955
1611,-2.3747559,104.88098,76561199847502271,1,0.0,0.0,0.0,0.0,0.0,0.0,-229.3896746000002,9571.724314999992,-1.6237579354,2.4107144447437676,-5.0396423,26.046875,31.0865173,75.17093943666667,32.090737316203224,39.857025,104.88098,65.023955
1612,-2.3747559,104.88098,76561199847502271,1,0.0,0.0,0.0,0.0,0.0,0.0,-231.7644305000002,9676.605294999992,-1.6237579354,2.4107144447437676,-5.0396423,26.046875,31.0865173,75.17093943666667,32.090737316203224,39.857025,104.88098,65.023955
1613,-2.3747559,104.88098,76561199847502271,1,0.0,0.0,0.0,0.0,0.0,0.0,-234.1391864000002,9781.486274999992,-1.6237579354,2.4107144447437676,-5.0396423,26.046875,31.0865173,75.17093943666667,32.090737316203224,39.857025,104.88098,65.023955
1614,-2.3747559,104.88098,76561199847502271,1,0.0,0.0,0.0,0.0,0.0,0.0,-236.5139423000002,9886.367254999992,-1.6237579354,2.4107144447437676,-5.0396423,26.046875,31.0865173,75.17093943666667,32.090737316203224,39.857025,104.88098,65.023955
1615,-2.3747559,104.88098,76561199847502271,1,0.0,0.0,0.0,0.0,0.0,0.0,-238.8886982000002,9991.248234999992,-1.6237579354,2.4107144447437676,-5.0396423,26.046875,31.0865173,75.17093943666667,32.090737316203224,39.857025,104.88098,65.023955
1616,-2.3747559,104.88098,76561199847502271,1,0.0,0.0,0.0,0.0,0.0,0.0,-241.2634541000002,10096.129214999992,-1.6237579354,2.4107144447437676,-5.0396423,26.046875,31.0865173,75.17093943666667,32.090737316203224,39.857025,104.88098,65.023955
1617,-2.3747559,104.88098,76561199847502271,1,0.0,0.0,0.0,0.0,0.0,0.0,-243.63821000000019,10201.010194999992,-1.6237579354,2.4107144447437676,-5.0396423,26.046875,31.0865173,75.17093943666667,32.090737316203224,39.857025,104.88098,65.023955
1618,-2.3747559,104.88098,76561199847502271,1,0.0,0.0,0.0,0.0,0.0,0.0,-246.01296590000018,10305.891174999992,-1.6237579354,2.4107144447437676,-5.0396423,26.046875,31.0865173,75.17093943666667,32.090737316203224,39.857025,104.88098,65.023955
1619,-2.3747559,104.88098,76561199847502271,1,0.0,0.0,0.0,0.0,0.0,0.0,-248.38772180000018,10410.772154999991,-1.6237579354,2.4107144447437676,-5.0396423,26.046875,31.0865173,75.17093943666667,32.090737316203224,39.857025,104.88098,65.023955
1620,-2.3747559,104.88098,76561199847502271,1,0.0,0.0,0.0,0.0,0.0,0.0,-250.76247770000018,10515.653134999991,-1.6237579354,2.4107144447437676,-5.0396423,26.046875,31.0865173,75.17093943666667,32.090737316203224,39.857025,104.88098,65.023955
1621,-2.3747559,104.88098,76561199847502271,1,0.0,0.0,0.0,0.0,0.0,0.0,-253.13723360000017,10620.534114999991,-1.6237579354,2.4107144447437676,-5.0396423,26.046875,31.0865173,75.17093943666667,32.090737316203224,39.857025,104.88098,65.023955
1622,-2.3747559,104.88098,76561199847502271,1,0.0,0.0,0.0,0.0,0.0,0.0,-255.51198950000017,10725.415094999991,-1.6237579354,2.4107144447437676,-5.0396423,26.046875,31.0865173,75.17093943666667,32.090737316203224,39.857025,104.88098,65.023955
1623,-2.3747559,104.88098,76561199847502271,1,0.0,0.0,0.0,0.0,0.0,0.0,-257.88674540000017,10830.296074999991,-1.6237579354,2.4107144447437676,-5.0396423,26.046875,31.0865173,75.17093943666667,32.090737316203224,39.857025,104.88098,65.023955
1624,-2.3747559,104.88098,76561199847502271,1,0.0,0.0,0.0,0.0,0.0,0.0,-260.2615013000002,10935.177054999991,-1.6237579354,2.4107144447437676,-5.0396423,26.046875,31.0865173,75.17093943666667,32.090737316203224,39.857025,104.88098,65.023955
1625,-2.3747559,104.88098,76561199847502271,1,0.0,0.0,0.0,0.0,0.0,0.0,-262.6362572000002,11040.058034999991,-1.6237579354,2.4107144447437676,-5.0396423,26.046875,31.0865173,75.17093943666667,32.090737316203224,39.857025,104.88098,65.023955
1626,-2.3747559,104.88098,76561199847502271,1,0.0,0.0,0.0,0.0,0.0,0.0,-265.01101310000024,11144.93901499999,-1.6237579354,2.4107144447437676,-5.0396423,26.046875,31.0865173,75.17093943666667,32.090737316203224,39.857025,104.88098,65.023955
1627,-2.3747559,104.88098,76561199847502271,1,0.0,0.0,0.0,0.0,0.0,0.0,-267.38576900000027,11249.81999499999,-1.6237579354,2.4107144447437676,-5.0396423,26.046875,31.0865173,75.17093943666667,32.090737316203224,39.857025,104.88098,65.023955
1628,-2.3747559,104.88098,76561199847502271,1,0.0,0.0,0.0,0.0,0.0,0.0,-269.7605249000003,11354.70097499999,-1.6237579354,2.4107144447437676,-5.0396423,26.046875,31.0865173,75.17093943666667,32.090737316203224,39.857025,104.88098,65.023955
1629,-2.3747559,104.88098,76561199847502271,1,0.0,0.0,0.0,0.0,0.0,0.0,-272.1352808000003,11459.58195499999,-1.6237579354,2.4107144447437676,-5.0396423,26.046875,31.0865173,75.17093943666667,32.090737316203224,39.857025,104.88098,65.023955
1630,-2.3747559,104.88098,76561199847502271,1,0.0,0.0,0.0,0.0,0.0,0.0,-274.51003670000034,11564.46293499999,-1.6237579354,2.4107144447437676,-5.0396423,26.046875,31.0865173,75.17093943666667,32.090737316203224,39.857025,104.88098,65.023955
1631,-2.3747559,104.88098,76561199847502271,1,0.0,0.0,0.0,0.0,0.0,0.0,-276.88479260000037,11669.34391499999,-1.6237579354,2.4107144447437676,-5.0396423,26.046875,31.0865173,75.17093943666667,32.090737316203224,39.857025,104.88098,65.023955
1632,-2.3747559,104.88098,76561199847502271,1,0.0,0.0,0.0,0.0,0.0,0.0,-279.2595485000004,11774.22489499999,-1.6237579354,2.4107144447437676,-5.0396423,26.046875,31.0865173,75.17093943666667,32.090737316203224,39.857025,104.88098,65.023955
1633,-2.3747559,104.88098,76561199847502271,1,0.0,0.0,0.0,0.0,0.0,0.0,-281.6343044000004,11879.10587499999,-1.6237579354,2.4107144447437676,-5.0396423,26.046875,31.0865173,75.17093943666667,32.090737316203224,39.857025,104.88098,65.023955
1634,-2.3747559,104.88098,76561199847502271,1,0.0,0.0,0.0,0.0,0.0,0.0,-284.00906030000044,11983.98685499999,-1.6237579354,2.4107144447437676,-5.0396423,26.046875,31.0865173,75.17093943666667,32.090737316203224,39.857025,104.88098,65.023955
1635,-2.3747559,104.88098,76561199847502271,1,0.0,0.0,0.0,0.0,0.0,0.0,-286.38381620000047,12088.86783499999,-1.6237579354,2.4107144447437676,-5.0396423,26.046875,31.0865173,75.17093943666667,32.090737316203224,39.857025,104.88098,65.023955
1636,-2.3747559,104.88098,76561199847502271,1,0.0,0.0,0.0,0.0,0.0,0.0,-288.7585721000005,12193.74881499999,-1.6237579354,2.4107144447437676,-5.0396423,26.046875,31.0865173,75.17093943666667,32.090737316203224,39.857025,104.88098,65.023955
1637,-2.3747559,104.88098,76561199847502271,1,0.0,0.0,0.0,0.0,0.0,0.0,-291.1333280000005,12298.62979499999,-1.6237579354,2.4107144447437676,-5.0396423,26.046875,31.0865173,75.17093943666667,32.090737316203224,39.857025,104.88098,65.023955
1638,-2.3747559,104.88098,76561199847502271,1,0.0,0.0,0.0,0.0,0.0,0.0,-293.50808390000054,12403.51077499999,-1.6237579354,2.4107144447437676,-5.0396423,26.046875,31.0865173,75.17093943666667,32.090737316203224,39.857025,104.88098,65.023955
1639,-2.3747559,104.88098,76561199847502271,1,0.0,0.0,0.0,0.0,0.0,0.0,-295.88283980000057,12508.39175499999,-1.6237579354,2.4107144447437676,-5.0396423,26.046875,31.0865173,75.17093943666667,32.090737316203224,39.857025,104.88098,65.023955
1640,-2.3747559,104.88098,76561199847502271,1,0.0,0.0,0.0,0.0,0.0,0.0,-298.2575957000006,12613.27273499999,-1.6237579354,2.4107144447437676,-5.0396423,26.046875,31.0865173,75.17093943666667,32.090737316203224,39.857025,104.88098,65.023955
1641,-2.3747559,104.88098,76561199847502271,1,0.0,0.0,0.0,0.0,0.0,0.0,-300.6323516000006,12718.15371499999,-1.6237579354,2.4107144447437676,-5.0396423,26.046875,31.0865173,75.17093943666667,32.090737316203224,39.857025,104.88098,65.023955
1642,-2.3747559,104.88098,76561199847502271,1,0.0,0.0,0.0,0.0,0.0,0.0,-303.00710750000064,12823.03469499999,-1.6237579354,2.4107144447437676,-5.0396423,26.046875,31.0865173,75.17093943666667,32.090737316203224,39.857025,104.88098,65.023955
1643,-2.3747559,104.88098,76561199847502271,1,0.0,0.0,0.0,0.0,0.0,0.0,-305.38186340000067,12927.91567499999,-1.6237579354,2.4107144447437676,-5.0396423,26.046875,31.0865173,75.17093943666667,32.090737316203224,39.857025,104.88098,65.023955
1644,-2.3747559,104.88098,76561199847502271,1,0.0,0.0,0.0,0.0,0.0,0.0,-307.7566193000007,13032.79665499999,-1.6237579354,2.4107144447437676,-5.0396423,26.046875,31.0865173,75.17093943666667,32.090737316203224,39.857025,104.88098,65.023955
1645,-2.3747559,104.88098,76561199847502271,1,0.0,0.0,0.0,0.0,0.0,0.0,-310.1313752000007,13137.67763499999,-1.6237579354,2.4107144447437676,-5.0396423,26.046875,31.0865173,75.17093943666667,32.090737316203224,39.857025,104.88098,65.023955
1646,-2.3747559,104.88098,76561199847502271,1,0.0,0.0,0.0,0.0,0.0,0.0,-312.50613110000074,13242.558614999989,-1.6237579354,2.4107144447437676,-5.0396423,26.046875,31.0865173,75.17093943666667,32.090737316203224,39.857025,104.88098,65.023955
1647,-2.3747559,104.88098,76561199847502271,1,0.0,0.0,0.0,0.0,0.0,0.0,-314.88088700000077,13347.439594999989,-1.6237579354,2.4107144447437676,-5.0396423,26.046875,31.0865173,75.17093943666667,32.090737316203224,39.857025,104.88098,65.023955
1648,-2.3747559,104.88098,76561199847502271,1,0.0,0.0,0.0,0.0,0.0,0.0,-317.2556429000008,13452.320574999989,-1.6237579354,2.4107144447437676,-5.0396423,26.046875,31.0865173,75.17093943666667,32.090737316203224,39.857025,104.88098,65.023955
1649,-2.3747559,104.88098,76561199847502271,1,0.0,0.0,0.0,0.0,0.0,0.0,-319.6303988000008,13557.201554999989,-1.6237579354,2.4107144447437676,-5.0396423,26.046875,31.0865173,75.17093943666667,32.090737316203224,39.857025,104.88098,65.023955
1650,-2.3747559,104.88098,76561199847502271,1,0.0,0.0,0.0,0.0,0.0,0.0,-322.00515470000084,13662.082534999989,-1.6237579354,2.4107144447437676,-5.0396423,26.046875,31.0865173,75.17093943666667,32.090737316203224,39.857025,104.88098,65.023955
1651,-2.3747559,104.88098,76561199847502271,1,0.0,0.0,0.0,0.0,0.0,0.0,-324.37991060000087,13766.963514999989,-1.6237579354,2.4107144447437676,-5.0396423,26.046875,31.0865173,75.17093943666667,32.090737316203224,39.857025,104.88098,65.023955
1652,-2.3747559,104.88098,76561199847502271,1,0.0,0.0,0.0,0.0,0.0,0.0,-326.7546665000009,13871.844494999988,-1.6237579354,2.4107144447437676,-5.0396423,26.046875,31.0865173,75.17093943666667,32.090737316203224,39.857025,104.88098,65.023955
1653,-2.3747559,104.88098,76561199847502271,1,0.0,0.0,0.0,0.0,0.0,0.0,-329.1294224000009,13976.725474999988,-1.6237579354,2.4107144447437676,-5.0396423,26.046875,31.0865173,75.17093943666667,32.090737316203224,39.857025,104.88098,65.023955
1654,-2.3747559,104.88098,76561199847502271,1,0.0,0.0,0.0,0.0,0.0,0.0,-331.50417830000094,14081.606454999988,-1.6237579354,2.4107144447437676,-5.0396423,26.046875,31.0865173,75.17093943666667,32.090737316203224,39.857025,104.88098,65.023955
1655,-2.3747559,104.88098,76561199847502271,1,0.0,0.0,0.0,0.0,0.0,0.0,-333.87893420000097,14186.487434999988,-1.6237579354,2.4107144447437676,-5.0396423,26.046875,31.0865173,75.17093943666667,32.090737316203224,39.857025,104.88098,65.023955
1656,-2.3747559,104.88098,76561199847502271,1,0.0,0.0,0.0,0.0,0.0,0.0,-336.253690100001,14291.368414999988,-1.6237579354,2.4107144447437676,-5.0396423,26.046875,31.0865173,75.17093943666667,32.090737316203224,39.857025,104.88098,65.023955
1657,-2.3747559,104.88098,76561199847502271,1,0.0,0.0,0.0,0.0,0.0,0.0,-338.628446000001,14396.249394999988,-1.6237579354,2.4107144447437676,-5.0396423,26.046875,31.0865173,75.17093943666667,32.090737316203224,39.857025,104.88098,65.023955
1658,-2.3747559,104.88098,76561199847502271,1,0.0,0.0,0.0,0.0,0.0,0.0,-341.00320190000105,14501.130374999988,-1.6237579354,2.4107144447437676,-5.0396423,26.046875,31.0865173,75.17093943666667,32.090737316203224,39.857025,104.88098,65.023955
1659,-2.3747559,104.88098,76561199847502271,1,0.0,0.0,0.0,0.0,0.0,0.0,-343.37795780000107,14606.011354999988,-1.6237579354,2.4107144447437676,-5.0396423,26.046875,31.0865173,75.17093943666667,32.090737316203224,39.857025,104.88098,65.023955
1660,-2.3747559,104.88098,76561199847502271,1,0.0,0.0,0.0,0.0,0.0,0.0,-345.7527137000011,14710.892334999988,-1.6237579354,2.4107144447437676,-5.0396423,26.046875,31.0865173,75.17093943666667,32.090737316203224,39.857025,104.88098,65.023955
1661,-2.3747559,104.88098,76561199847502271,1,0.0,0.0,0.0,0.0,0.0,0.0,-348.1274696000011,14815.773314999988,-1.6237579354,2.4107144447437676,-5.0396423,26.046875,31.0865173,75.17093943666667,32.090737316203224,39.857025,104.88098,65.023955
1662,-2.3747559,104.88098,76561199847502271,1,0.0,0.0,0.0,0.0,0.0,0.0,-350.50222550000115,14920.654294999988,-1.6237579354,2.4107144447437676,-5.0396423,26.046875,31.0865173,75.17093943666667,32.090737316203224,39.857025,104.88098,65.023955
1663,-2.3747559,104.88098,76561199847502271,1,0.0,0.0,0.0,0.0,0.0,0.0,-352.87698140000117,15025.535274999987,-1.6237579354,2.4107144447437676,-5.0396423,26.046875,31.0865173,75.17093943666667,32.090737316203224,39.857025,104.88098,65.023955
1664,-2.3747559,104.88098,76561199847502271,1,0.0,0.0,0.0,0.0,0.0,0.0,-355.2517373000012,15130.416254999987,-1.6237579354,2.4107144447437676,-5.0396423,26.046875,31.0865173,75.17093943666667,32.090737316203224,39.857025,104.88098,65.023955
1665,-2.3747559,104.88098,76561199847502271,1,0.0,0.0,0.0,0.0,0.0,0.0,-357.6264932000012,15235.297234999987,-1.6237579354,2.4107144447437676,-5.0396423,26.046875,31.0865173,75.17093943666667,32.090737316203224,39.857025,104.88098,65.023955
1666,-2.3747559,104.88098,76561199847502271,1,0.0,0.0,0.0,0.0,0.0,0.0,-360.00124910000125,15340.178214999987,-1.6237579354,2.4107144447437676,-5.0396423,26.046875,31.0865173,75.17093943666667,32.090737316203224,39.857025,104.88098,65.023955
1667,-2.3747559,104.88098,76561199847502271,1,0.0,0.0,0.0,0.0,0.0,0.0,-362.37600500000127,15445.059194999987,-1.6237579354,2.4107144447437676,-5.0396423,26.046875,31.0865173,75.17093943666667,32.090737316203224,39.857025,104.88098,65.023955
1668,-2.3747559,104.88098,76561199847502271,1,0.0,0.0,0.0,0.0,0.0,0.0,-364.7507609000013,15549.940174999987,-1.6237579354,2.4107144447437676,-5.0396423,26.046875,31.0865173,75.17093943666667,32.090737316203224,39.857025,104.88098,65.023955
1669,-2.3747559,104.88098,76561199847502271,1,0.0,0.0,0.0,0.0,0.0,0.0,-367.1255168000013,15654.821154999987,-1.6237579354,2.4107144447437676,-5.0396423,26.046875,31.0865173,75.17093943666667,32.090737316203224,39.857025,104.88098,65.023955
1670,-2.3747559,104.88098,76561199847502271,1,0.0,0.0,0.0,0.0,0.0,0.0,-369.50027270000135,15759.702134999987,-1.6237579354,2.4107144447437676,-5.0396423,26.046875,31.0865173,75.17093943666667,32.090737316203224,39.857025,104.88098,65.023955
1671,-2.3747559,104.88098,76561199847502271,1,0.0,0.0,0.0,0.0,0.0,0.0,-371.8750286000014,15864.583114999987,-1.6237579354,2.4107144447437676,-5.0396423,26.046875,31.0865173,75.17093943666667,32.090737316203224,39.857025,104.88098,65.023955
1672,-2.3747559,104.88098,76561199847502271,1,0.0,0.0,0.0,0.0,0.0,0.0,-374.2497845000014,15969.464094999987,-1.6237579354,2.4107144447437676,-5.0396423,26.046875,31.0865173,75.17093943666667,32.090737316203224,39.857025,104.88098,65.023955
1673,-2.3747559,104.88098,76561199847502271,1,0.0,0.0,0.0,0.0,0.0,0.0,-376.6245404000014,16074.345074999987,-1.6237579354,2.4107144447437676,-5.0396423,26.046875,31.0865173,75.17093943666667,32.090737316203224,39.857025,104.88098,65.023955
1674,-2.3747559,104.88098,76561199847502271,1,0.0,0.0,0.0,0.0,0.0,0.0,-378.99929630000145,16179.226054999986,-1.6237579354,2.4107144447437676,-5.0396423,26.046875,31.0865173,75.17093943666667,32.090737316203224,39.857025,104.88098,65.023955
1675,-2.3747559,104.88098,76561199847502271,1,0.0,0.0,0.0,0.0,0.0,0.0,-381.3740522000015,16284.107034999986,-1.6237579354,2.4107144447437676,-5.0396423,26.046875,31.0865173,75.17093943666667,32.090737316203224,39.857025,104.88098,65.023955
1676,-2.3747559,104.88098,76561199847502271,1,0.0,0.0,0.0,0.0,0.0,0.0,-383.7488081000015,16388.988014999988,-1.6237579354,2.4107144447437676,-5.0396423,26.046875,31.0865173,75.17093943666667,32.090737316203224,39.857025,104.88098,65.023955
1677,-2.3747559,104.88098,76561199847502271,1,0.0,0.0,0.0,0.0,0.0,0.0,-386.1235640000015,16493.86899499999,-1.6237579354,2.4107144447437676,-5.0396423,26.046875,31.0865173,75.17093943666667,32.090737316203224,39.857025,104.88098,65.023955
1678,-2.3747559,104.88098,76561199847502271,1,0.0,0.0,0.0,0.0,0.0,0.0,-388.49831990000155,16598.74997499999,-1.6237579354,2.4107144447437676,-5.0396423,26.046875,31.0865173,75.17093943666667,32.090737316203224,39.857025,104.88098,65.023955
1679,-2.3747559,104.88098,76561199847502271,1,0.0,0.0,0.0,0.0,0.0,0.0,-390.8730758000016,16703.630954999993,-1.6237579354,2.4107144447437676,-5.0396423,26.046875,31.0865173,75.17093943666667,32.090737316203224,39.857025,104.88098,65.023955
1680,-2.3747559,104.88098,76561199847502271,1,0.0,0.0,0.0,0.0,0.0,0.0,-393.2478317000016,16808.511934999995,-1.6237579354,2.4107144447437676,-5.0396423,26.046875,31.0865173,75.17093943666667,32.090737316203224,39.857025,104.88098,65.023955
1681,-2.3747559,104.88098,76561199847502271,1,0.0,0.0,0.0,0.0,0.0,0.0,-395.6225876000016,16913.392914999997,-1.6237579354,2.4107144447437676,-5.0396423,26.046875,31.0865173,75.17093943666667,32.090737316203224,39.857025,104.88098,65.023955
1682,-2.3747559,104.88098,76561199847502271,1,0.0,0.0,0.0,0.0,0.0,0.0,-397.99734350000165,17018.273895,-1.6237579354,2.4107144447437676,-5.0396423,26.046875,31.0865173,75.17093943666667,32.090737316203224,39.857025,104.88098,65.023955
1683,-2.3747559,104.88098,76561199847502271,1,0.0,0.0,0.0,0.0,0.0,0.0,-400.3720994000017,17123.154875,-1.6237579354,2.4107144447437676,-5.0396423,26.046875,31.0865173,75.17093943666667,32.090737316203224,39.857025,104.88098,65.023955
1684,-2.3747559,104.88098,76561199847502271,1,0.0,0.0,0.0,0.0,0.0,0.0,-402.7468553000017,17228.035855000002,-1.6237579354,2.4107144447437676,-5.0396423,26.046875,31.0865173,75.17093943666667,32.090737316203224,39.857025,104.88098,65.023955
1685,-2.3747559,104.88098,76561199847502271,1,0.0,0.0,0.0,0.0,0.0,0.0,-405.1216112000017,17332.916835000004,-1.6237579354,2.4107144447437676,-5.0396423,26.046875,31.0865173,75.17093943666667,32.090737316203224,39.857025,104.88098,65.023955
1686,-2.3747559,104.88098,76561199847502271,1,0.0,0.0,0.0,0.0,0.0,0.0,-407.49636710000175,17437.797815000005,-1.6237579354,2.4107144447437676,-5.0396423,26.046875,31.0865173,75.17093943666667,32.090737316203224,39.857025,104.88098,65.023955
1687,-2.3747559,104.88098,76561199847502271,1,0.0,0.0,0.0,0.0,0.0,0.0,-409.8711230000018,17542.678795000007,-1.6237579354,2.4107144447437676,-5.0396423,26.046875,31.0865173,75.17093943666667,32.090737316203224,39.857025,104.88098,65.023955
1688,-2.3747559,104.88098,76561199847502271,1,0.0,0.0,0.0,0.0,0.0,0.0,-412.2458789000018,17647.55977500001,-1.6237579354,2.4107144447437676,-5.0396423,26.046875,31.0865173,75.17093943666667,32.090737316203224,39.857025,104.88098,65.023955
1689,-2.3747559,104.88098,76561199847502271,1,0.0,0.0,0.0,0.0,0.0,0.0,-414.6206348000018,17752.44075500001,-1.6237579354,2.4107144447437676,-5.0396423,26.046875,31.0865173,75.17093943666667,32.090737316203224,39.857025,104.88098,65.023955
1690,-2.3747559,104.88098,76561199847502271,1,0.0,0.0,0.0,0.0,0.0,0.0,-416.99539070000185,17857.321735000012,-1.6237579354,2.4107144447437676,-5.0396423,26.046875,31.0865173,75.17093943666667,32.090737316203224,39.857025,104.88098,65.023955
1691,-2.3747559,104.88098,76561199847502271,1,0.0,0.0,0.0,0.0,0.0,0.0,-419.3701466000019,17962.202715000014,-1.6237579354,2.4107144447437676,-5.0396423,26.046875,31.0865173,75.17093943666667,32.090737316203224,39.857025,104.88098,65.023955
1692,-2.3747559,104.88098,76561199847502271,1,0.0,0.0,0.0,0.0,0.0,0.0,-421.7449025000019,18067.083695000016,-1.6237579354,2.4107144447437676,-5.0396423,26.046875,31.0865173,75.17093943666667,32.090737316203224,39.857025,104.88098,65.023955
1693,-2.3747559,104.88098,76561199847502271,1,0.0,0.0,0.0,0.0,0.0,0.0,-424.1196584000019,18171.964675000017,-1.6237579354,2.4107144447437676,-5.0396423,26.046875,31.0865173,75.17093943666667,32.090737316203224,39.857025,104.88098,65.023955
1694,-2.3747559,104.88098,76561199847502271,1,0.0,0.0,0.0,0.0,0.0,0.0,-426.49441430000195,18276.84565500002,-1.6237579354,2.4107144447437676,-5.0396423,26.046875,31.0865173,75.17093943666667,32.090737316203224,39.857025,104.88098,65.023955
1695,-2.3747559,104.88098,76561199847502271,1,0.0,0.0,0.0,0.0,0.0,0.0,-428.869170200002,18381.72663500002,-1.6237579354,2.4107144447437676,-5.0396423,26.046875,31.0865173,75.17093943666667,32.090737316203224,39.857025,104.88098,65.023955
1696,-2.3747559,104.88098,76561199847502271,1,0.0,0.0,0.0,0.0,0.0,0.0,-431.243926100002,18486.607615000023,-1.6237579354,2.4107144447437676,-5.0396423,26.046875,31.0865173,75.17093943666667,32.090737316203224,39.857025,104.88098,65.023955
1697,-2.3747559,104.88098,76561199847502271,1,0.0,0.0,0.0,0.0,0.0,0.0,-433.618682000002,18591.488595000024,-1.6237579354,2.4107144447437676,-5.0396423,26.046875,31.0865173,75.17093943666667,32.090737316203224,39.857025,104.88098,65.023955
1698,-2.3747559,104.88098,76561199847502271,1,0.0,0.0,0.0,0.0,0.0,0.0,-435.99343790000205,18696.369575000026,-1.6237579354,2.4107144447437676,-5.0396423,26.046875,31.0865173,75.17093943666667,32.090737316203224,39.857025,104.88098,65.023955
1699,-2.3747559,104.88098,76561199847502271,1,0.0,0.0,0.0,0.0,0.0,0.0,-438.3681938000021,18801.250555000028,-1.6237579354,2.4107144447437676,-5.0396423,26.046875,31.0865173,75.17093943666667,32.090737316203224,39.857025,104.88098,65.023955
1700,-2.3747559,104.88098,76561199847502271,1,0.0,0.0,0.0,0.0,0.0,0.0,-440.7429497000021,18906.13153500003,-1.6237579354,2.4107144447437676,-5.0396423,26.046875,31.0865173,75.17093943666667,32.090737316203224,39.857025,104.88098,65.023955
1701,-2.3747559,104.88098,76561199847502271,1,0.0,0.0,0.0,0.0,0.0,0.0,-443.1177056000021,19011.01251500003,-1.6237579354,2.4107144447437676,-5.0396423,26.046875,31.0865173,75.17093943666667,32.090737316203224,39.857025,104.88098,65.023955
1702,-2.3747559,104.88098,76561199847502271,1,0.0,0.0,0.0,0.0,0.0,0.0,-445.49246150000215,19115.893495000033,-1.6237579354,2.4107144447437676,-5.0396423,26.046875,31.0865173,75.17093943666667,32.090737316203224,39.857025,104.88098,65.023955
1703,-2.3747559,104.88098,76561199847502271,1,0.0,0.0,0.0,0.0,0.0,0.0,-447.8672174000022,19220.774475000035,-1.6237579354,2.4107144447437676,-5.0396423,26.046875,31.0865173,75.17093943666667,32.090737316203224,39.857025,104.88098,65.023955
1704,-2.3747559,104.88098,76561199847502271,1,0.0,0.0,0.0,0.0,0.0,0.0,-450.2419733000022,19325.655455000036,-1.6237579354,2.4107144447437676,-5.0396423,26.046875,31.0865173,75.17093943666667,32.090737316203224,39.857025,104.88098,65.023955
1705,-2.3747559,104.88098,76561199847502271,1,0.0,0.0,0.0,0.0,0.0,0.0,-452.6167292000022,19430.53643500004,-1.6237579354,2.4107144447437676,-5.0396423,26.046875,31.0865173,75.17093943666667,32.090737316203224,39.857025,104.88098,65.023955
1706,-2.3747559,104.88098,76561199847502271,1,0.0,0.0,0.0,0.0,0.0,0.0,-454.99148510000225,19535.41741500004,-1.6237579354,2.4107144447437676,-5.0396423,26.046875,31.0865173,75.17093943666667,32.090737316203224,39.857025,104.88098,65.023955
1707,-2.3747559,104.88098,76561199847502271,1,0.0,0.0,0.0,0.0,0.0,0.0,-457.3662410000023,19640.29839500004,-1.6237579354,2.4107144447437676,-5.0396423,26.046875,31.0865173,75.17093943666667,32.090737316203224,39.857025,104.88098,65.023955
1708,-2.3747559,104.88098,76561199847502271,1,0.0,0.0,0.0,0.0,0.0,0.0,-459.7409969000023,19745.179375000043,-1.6237579354,2.4107144447437676,-5.0396423,26.046875,31.0865173,75.17093943666667,32.090737316203224,39.857025,104.88098,65.023955
1709,-2.3747559,104.88098,76561199847502271,1,0.0,0.0,0.0,0.0,0.0,0.0,-462.1157528000023,19850.060355000045,-1.6237579354,2.4107144447437676,-5.0396423,26.046875,31.0865173,75.17093943666667,32.090737316203224,39.857025,104.88098,65.023955
1710,-2.3747559,104.88098,76561199847502271,1,0.0,0.0,0.0,0.0,0.0,0.0,-464.49050870000235,19954.941335000047,-1.6237579354,2.4107144447437676,-5.0396423,26.046875,31.0865173,75.17093943666667,32.090737316203224,39.857025,104.88098,65.023955
1711,-2.3747559,104.88098,76561199847502271,1,0.0,0.0,0.0,0.0,0.0,0.0,-466.8652646000024,20059.82231500005,-1.6237579354,2.4107144447437676,-5.0396423,26.046875,31.0865173,75.17093943666667,32.090737316203224,39.857025,104.88098,65.023955
1712,-2.3747559,104.88098,76561199847502271,1,0.0,0.0,0.0,0.0,0.0,0.0,-469.2400205000024,20164.70329500005,-1.6237579354,2.4107144447437676,-5.0396423,26.046875,31.0865173,75.17093943666667,32.090737316203224,39.857025,104.88098,65.023955
1713,-2.3747559,104.88098,76561199847502271,1,0.0,0.0,0.0,0.0,0.0,0.0,-471.6147764000024,20269.584275000052,-1.6237579354,2.4107144447437676,-5.0396423,26.046875,31.0865173,75.17093943666667,32.090737316203224,39.857025,104.88098,65.023955
1714,-2.3747559,104.88098,76561199847502271,1,0.0,0.0,0.0,0.0,0.0,0.0,-473.98953230000245,20374.465255000054,-1.6237579354,2.4107144447437676,-5.0396423,26.046875,31.0865173,75.17093943666667,32.090737316203224,39.857025,104.88098,65.023955
1715,-2.3747559,104.88098,76561199847502271,1,0.0,0.0,0.0,0.0,0.0,0.0,-476.3642882000025,20479.346235000055,-1.6237579354,2.4107144447437676,-5.0396423,26.046875,31.0865173,75.17093943666667,32.090737316203224,39.857025,104.88098,65.023955
1716,-2.3747559,104.88098,76561199847502271,1,0.0,0.0,0.0,0.0,0.0,0.0,-478.7390441000025,20584.227215000057,-1.6237579354,2.4107144447437676,-5.0396423,26.046875,31.0865173,75.17093943666667,32.090737316203224,39.857025,104.88098,65.023955
1717,-2.3747559,104.88098,76561199847502271,1,0.0,0.0,0.0,0.0,0.0,0.0,-481.1138000000025,20689.10819500006,-1.6237579354,2.4107144447437676,-5.0396423,26.046875,31.0865173,75.17093943666667,32.090737316203224,39.857025,104.88098,65.023955
1718,-2.3747559,104.88098,76561199847502271,1,0.0,0.0,0.0,0.0,0.0,0.0,-483.48855590000255,20793.98917500006,-1.6237579354,2.4107144447437676,-5.0396423,26.046875,31.0865173,75.17093943666667,32.090737316203224,39.857025,104.88098,65.023955
1719,-2.3747559,104.88098,76561199847502271,1,0.0,0.0,0.0,0.0,0.0,0.0,-485.8633118000026,20898.870155000062,-1.6237579354,2.4107144447437676,-5.0396423,26.046875,31.0865173,75.17093943666667,32.090737316203224,39.857025,104.88098,65.023955
1720,-2.3747559,104.88098,76561199847502271,1,0.0,0.0,0.0,0.0,0.0,0.0,-488.2380677000026,21003.751135000064,-1.6237579354,2.4107144447437676,-5.0396423,26.046875,31.0865173,75.17093943666667,32.090737316203224,39.857025,104.88098,65.023955
1721,-2.3747559,104.88098,76561199847502271,1,0.0,0.0,0.0,0.0,0.0,0.0,-490.6128236000026,21108.632115000066,-1.6237579354,2.4107144447437676,-5.0396423,26.046875,31.0865173,75.17093943666667,32.090737316203224,39.857025,104.88098,65.023955
1722,-2.3747559,104.88098,76561199847502271,1,0.0,0.0,0.0,0.0,0.0,0.0,-492.98757950000265,21213.513095000068,-1.6237579354,2.4107144447437676,-5.0396423,26.046875,31.0865173,75.17093943666667,32.090737316203224,39.857025,104.88098,65.023955
1723,-2.3747559,104.88098,76561199847502271,1,0.0,0.0,0.0,0.0,0.0,0.0,-495.3623354000027,21318.39407500007,-1.6237579354,2.4107144447437676,-5.0396423,26.046875,31.0865173,75.17093943666667,32.090737316203224,39.857025,104.88098,65.023955
1724,-2.3747559,104.88098,76561199847502271,1,0.0,0.0,0.0,0.0,0.0,0.0,-497.7370913000027,21423.27505500007,-1.6237579354,2.4107144447437676,-5.0396423,26.046875,31.0865173,75.17093943666667,32.090737316203224,39.857025,104.88098,65.023955
1725,-2.3747559,104.88098,76561199847502271,1,0.0,0.0,0.0,0.0,0.0,0.0,-500.1118472000027,21528.156035000073,-1.6237579354,2.4107144447437676,-5.0396423,26.046875,31.0865173,75.17093943666667,32.090737316203224,39.857025,104.88098,65.023955
1726,-2.3747559,104.88098,76561199847502271,1,0.0,0.0,0.0,0.0,0.0,0.0,-502.48660310000275,21633.037015000074,-1.6237579354,2.4107144447437676,-5.0396423,26.046875,31.0865173,75.17093943666667,32.090737316203224,39.857025,104.88098,65.023955
1727,-2.3747559,104.88098,76561199847502271,1,0.0,0.0,0.0,0.0,0.0,0.0,-504.8613590000028,21737.917995000076,-1.6237579354,2.4107144447437676,-5.0396423,26.046875,31.0865173,75.17093943666667,32.090737316203224,39.857025,104.88098,65.023955
1728,-4.5627594,104.88098,76561199847502271,1,-2.1880035,0.0,-2.1880035,0.0,-2.1880035,0.0,-509.4241184000028,21842.798975000078,-1.6237579354,2.4107144447437676,-5.0396423,26.046875,31.0865173,75.17093943666667,32.090737316203224,39.857025,104.88098,65.023955
1729,-4.5627594,104.88098,76561199847502271,1,0.0,0.0,2.1880035,0.0,4.376007,0.0,-513.9868778000027,21947.67995500008,-1.6237579354,2.4107144447437676,-5.0396423,26.046875,31.0865173,75.17093943666667,32.090737316203224,39.857025,104.88098,65.023955
1730,-0.84594727,50.05954,76561199847502271,1,3.71681213,-54.821439999999996,3.71681213,-54.821439999999996,1.52880863,-54.821439999999996,-514.8328250700027,21997.739495000078,-1.6237579354,2.4107144447437676,-5.0396423,26.046875,31.0865173,75.17093943666667,32.090737316203224,39.857025,104.88098,65.023955
1731,-0.84594727,50.05954,76561199847502271,1,0.0,0.0,-3.71681213,54.821439999999996,-7.43362426,109.64287999999999,-515.6787723400028,22047.799035000076,-1.6237579354,2.4107144447437676,-5.0396423,26.046875,31.0865173,75.17093943666667,32.090737316203224,39.857025,104.88098,65.023955
1732,-0.84594727,50.05954,76561199847502271,1,0.0,0.0,0.0,0.0,3.71681213,-54.821439999999996,-516.5247196100028,22097.858575000075,-1.6237579354,2.4107144447437676,-5.0396423,26.046875,31.0865173,75.17093943666667,32.090737316203224,39.857025,104.88098,65.023955
1733,-0.84594727,50.05954,76561199847502271,1,0.0,0.0,0.0,0.0,0.0,0.0,-517.3706668800028,22147.918115000073,-1.6237579354,2.4107144447437676,-5.0396423,26.046875,31.0865173,75.17093943666667,32.090737316203224,39.857025,104.88098,65.023955
1734,-0.84594727,50.05954,76561199847502271,1,0.0,0.0,0.0,0.0,0.0,0.0,-518.2166141500028,22197.97765500007,-1.6237579354,2.4107144447437676,-5.0396423,26.046875,31.0865173,75.17093943666667,32.090737316203224,39.857025,104.88098,65.023955
1735,-0.84594727,50.05954,76561199847502271,1,0.0,0.0,0.0,0.0,0.0,0.0,-519.0625614200028,22248.03719500007,-1.6237579354,2.4107144447437676,-5.0396423,26.046875,31.0865173,75.17093943666667,32.090737316203224,39.857025,104.88098,65.023955
1736,26.046875,50.056458,76561199847502271,1,26.89282227,-0.003081999999999141,26.89282227,-0.003081999999999141,26.89282227,-0.003081999999999141,-493.0156864200028,22298.09365300007,-1.6237579354,2.4107144447437676,-5.0396423,26.046875,31.0865173,75.17093943666667,32.090737316203224,39.857025,104.88098,65.023955
1737,26.046875,50.056458,76561199847502271,1,0.0,0.0,-26.89282227,0.003081999999999141,-53.78564454,0.006163999999998282,-466.9688114200028,22348.150111000068,-1.6237579354,2.4107144447437676,-5.0396423,26.046875,31.0865173,75.17093943666667,32.090737316203224,39.857025,104.88098,65.023955
1738,-5.0396423,50.78293,76561199847502271,1,-31.0865173,0.7264720000000011,-31.0865173,0.7264720000000011,-4.193695030000001,0.723390000000002,-472.0084537200028,22398.93304100007,-1.6237579354,2.4107144447437676,-5.0396423,26.046875,31.0865173,75.17093943666667,32.090737316203224,39.857025,104.88098,65.023955
1739,-5.0396423,50.78293,76561199847502271,1,0.0,0.0,31.0865173,-0.7264720000000011,62.1730346,-1.4529440000000022,-477.04809602000284,22449.71597100007,-1.6237579354,2.4107144447437676,-5.0396423,26.046875,31.0865173,75.17093943666667,32.090737316203224,39.857025,104.88098,65.023955
1740,-5.0396423,50.78293,76561199847502271,1,0.0,0.0,0.0,0.0,-31.0865173,0.7264720000000011,-482.08773832000287,22500.49890100007,-1.6237579354,2.4107144447437676,-5.0396423,26.046875,31.0865173,75.17093943666667,32.090737316203224,39.857025,104.88098,65.023955
1741,-5.0396423,50.78293,76561199847502271,1,0.0,0.0,0.0,0.0,0.0,0.0,-487.1273806200029,22551.281831000073,-1.6237579354,2.4107144447437676,-5.0396423,26.046875,31.0865173,75.17093943666667,32.090737316203224,39.857025,104.88098,65.023955
