tick,pitch,X,yaw,Y,Z,label,kill_distance,pitch_delta_at_kill,yaw_delta_at_kill,player_speed,pitch_velocity,yaw_velocity,pitch_acceleration,yaw_acceleration,pitch_jerk,yaw_jerk,snap_magnitude,speed_rolling_std,speed_rolling_mean,position_delta,position_jumpiness,cumulative_pitch,cumulative_yaw,angle_magnitude,yaw_change_sign,pitch_change_sign,direction_flips,flip_rate,yaw_rolling_std,pitch_rolling_std,yaw_rolling_mean,pitch_rolling_mean,pitch_peaks,yaw_peaks,pitch_mean,pitch_std,pitch_min,pitch_max,pitch_range,pitch_skew,pitch_kurtosis,yaw_mean,yaw_std,yaw_min,yaw_max,yaw_range,yaw_skew,yaw_kurtosis,pitch_velocity_mean,pitch_velocity_std,pitch_velocity_min,pitch_velocity_max,pitch_velocity_range,pitch_velocity_skew,pitch_velocity_kurtosis,yaw_velocity_mean,yaw_velocity_std,yaw_velocity_min,yaw_velocity_max,yaw_velocity_range,yaw_velocity_skew,yaw_velocity_kurtosis,angle_magnitude_mean,angle_magnitude_std,angle_magnitude_min,angle_magnitude_max,angle_magnitude_range,angle_magnitude_skew,angle_magnitude_kurtosis,weapon_grenade,weapon_lmg,weapon_melee,weapon_pistol,weapon_rifle,weapon_shotgun,weapon_smg,weapon_sniper,weapon_unknown
39948,-4.2173767,113.00042,-19.614029,2433.4924,-118.96295,1,1264.5048685506945,0.0,0.0044555664,0.120114386,0.0,0.0,0.0,0.0,0.0,0.0,0.0044555664,0.0,0.120114386,0.0,0.0,-42.178222600000005,-196.10971099999995,0.0,0.0,0.0,0,3.0,0.004600429386961412,0.0014089844342647453,-19.6109711,-4.21782226,0,0,-4.040696419666666,0.4551282614324888,-4.795868,-2.897644,1.8982239999999995,0.8478704442993921,0.012567595377195762,-20.406593466666667,0.768311204109069,-21.911896,-19.600983,2.3109129999999993,-0.8512652841478315,-0.724409005287109,-0.0019198518394648815,0.034405686123745005,-0.16171259999999998,0.3261566,0.4878692,4.415310804946382,38.46651623971697,-0.002717899665551839,0.03293358993128008,-0.18814099999999812,0.20324700000000107,0.3913879999999992,0.37852528051137063,10.033430379847125,0.02443414915848758,0.04099330990041696,0.0,0.3519254618417947,0.3519254618417947,3.9998129245639364,23.504570103288376,0.0,0.0,0.0,0.0,0.0,0.0,0.0,1.0,0.0
39949,-4.2173767,113.00042,-19.614029,2433.4924,-118.96295,1,1264.5048685506945,0.0,0.0044555664,0.120114386,0.0,0.0,0.0,0.0,0.0,0.0,0.0044555664,0.0,0.120114386,0.0,0.0,-46.39559930000001,-215.72373999999994,0.0,0.0,0.0,0,3.0,0.003037622500495225,0.0,-19.6122757,-4.2173767,0,0,-4.040696419666666,0.4551282614324888,-4.795868,-2.897644,1.8982239999999995,0.8478704442993921,0.012567595377195762,-20.406593466666667,0.768311204109069,-21.911896,-19.600983,2.3109129999999993,-0.8512652841478315,-0.724409005287109,-0.0019198518394648815,0.034405686123745005,-0.16171259999999998,0.3261566,0.4878692,4.415310804946382,38.46651623971697,-0.002717899665551839,0.03293358993128008,-0.18814099999999812,0.20324700000000107,0.3913879999999992,0.37852528051137063,10.033430379847125,0.02443414915848758,0.04099330990041696,0.0,0.3519254618417947,0.3519254618417947,3.9998129245639364,23.504570103288376,0.0,0.0,0.0,0.0,0.0,0.0,0.0,1.0,0.0
39950,-4.2173767,113.00042,-19.614029,2433.4924,-118.96295,1,1264.5048685506945,0.0,0.0044555664,0.120114386,0.0,0.0,0.0,0.0,0.0,0.0,0.0044555664,0.0,0.120114386,0.0,0.0,-50.61297600000001,-235.33776899999992,0.0,0.0,0.0,0,3.0,0.0018851391224682776,0.0,-19.613134799999997,-4.2173767,0,0,-4.040696419666666,0.4551282614324888,-4.795868,-2.897644,1.8982239999999995,0.8478704442993921,0.012567595377195762,-20.406593466666667,0.768311204109069,-21.911896,-19.600983,2.3109129999999993,-0.8512652841478315,-0.724409005287109,-0.0019198518394648815,0.034405686123745005,-0.16171259999999998,0.3261566,0.4878692,4.415310804946382,38.46651623971697,-0.002717899665551839,0.03293358993128008,-0.18814099999999812,0.20324700000000107,0.3913879999999992,0.37852528051137063,10.033430379847125,0.02443414915848758,0.04099330990041696,0.0,0.3519254618417947,0.3519254618417947,3.9998129245639364,23.504570103288376,0.0,0.0,0.0,0.0,0.0,0.0,0.0,1.0,0.0
39951,-4.2173767,113.00042,-19.614029,2433.4924,-118.96295,1,1264.5048685506945,0.0,0.0044555664,0.120114386,0.0,0.0,0.0,0.0,0.0,0.0,0.0044555664,0.0,0.120114386,0.0,0.0,-54.83035270000001,-254.9517979999999,0.0,0.0,0.0,0,3.0,0.0014138543418419456,0.0,-19.6135819,-4.2173767,0,0,-4.040696419666666,0.4551282614324888,-4.795868,-2.897644,1.8982239999999995,0.8478704442993921,0.012567595377195762,-20.406593466666667,0.768311204109069,-21.911896,-19.600983,2.3109129999999993,-0.8512652841478315,-0.724409005287109,-0.0019198518394648815,0.034405686123745005,-0.16171259999999998,0.3261566,0.4878692,4.415310804946382,38.46651623971697,-0.002717899665551839,0.03293358993128008,-0.18814099999999812,0.20324700000000107,0.3913879999999992,0.37852528051137063,10.033430379847125,0.02443414915848758,0.04099330990041696,0.0,0.3519254618417947,0.3519254618417947,3.9998129245639364,23.504570103288376,0.0,0.0,0.0,0.0,0.0,0.0,0.0,1.0,0.0
39952,-4.2173767,113.00042,-19.614029,2433.4924,-118.96295,1,1264.5048685506945,0.0,0.0044555664,0.120114386,0.0,0.0,0.0,0.0,0.0,0.0,0.0044555664,0.0,0.120114386,0.0,0.0,-59.047729400000016,-274.5658269999999,0.0,0.0,0.0,0,3.0,0.0,0.0,-19.614029,-4.2173767,0,0,-4.040696419666666,0.4551282614324888,-4.795868,-2.897644,1.8982239999999995,0.8478704442993921,0.012567595377195762,-20.406593466666667,0.768311204109069,-21.911896,-19.600983,2.3109129999999993,-0.8512652841478315,-0.724409005287109,-0.0019198518394648815,0.034405686123745005,-0.16171259999999998,0.3261566,0.4878692,4.415310804946382,38.46651623971697,-0.002717899665551839,0.03293358993128008,-0.18814099999999812,0.20324700000000107,0.3913879999999992,0.37852528051137063,10.033430379847125,0.02443414915848758,0.04099330990041696,0.0,0.3519254618417947,0.3519254618417947,3.9998129245639364,23.504570103288376,0.0,0.0,0.0,0.0,0.0,0.0,0.0,1.0,0.0
39953,-4.2173767,113.00042,-19.614029,2433.4924,-118.96295,1,1264.5048685506945,0.0,0.0044555664,0.120114386,0.0,0.0,0.0,0.0,0.0,0.0,0.0044555664,0.0,0.120114386,0.0,0.0,-63.26510610000002,-294.1798559999999,0.0,0.0,0.0,0,2.0,0.0,0.0,-19.614029,-4.2173767,0,0,-4.040696419666666,0.4551282614324888,-4.795868,-2.897644,1.8982239999999995,0.8478704442993921,0.012567595377195762,-20.406593466666667,0.768311204109069,-21.911896,-19.600983,2.3109129999999993,-0.8512652841478315,-0.724409005287109,-0.0019198518394648815,0.034405686123745005,-0.16171259999999998,0.3261566,0.4878692,4.415310804946382,38.46651623971697,-0.002717899665551839,0.03293358993128008,-0.18814099999999812,0.20324700000000107,0.3913879999999992,0.37852528051137063,10.033430379847125,0.02443414915848758,0.04099330990041696,0.0,0.3519254618417947,0.3519254618417947,3.9998129245639364,23.504570103288376,0.0,0.0,0.0,0.0,0.0,0.0,0.0,1.0,0.0
39954,-4.2173767,113.00042,-19.614029,2433.4924,-118.96295,1,1264.5048685506945,0.0,0.0044555664,0.120114386,0.0,0.0,0.0,0.0,0.0,0.0,0.0044555664,0.0,0.120114386,0.0,0.0,-67.48248280000001,-313.79388499999993,0.0,0.0,0.0,0,1.0,0.0,0.0,-19.614029,-4.2173767,0,0,-4.040696419666666,0.4551282614324888,-4.795868,-2.897644,1.8982239999999995,0.8478704442993921,0.012567595377195762,-20.406593466666667,0.768311204109069,-21.911896,-19.600983,2.3109129999999993,-0.8512652841478315,-0.724409005287109,-0.0019198518394648815,0.034405686123745005,-0.16171259999999998,0.3261566,0.4878692,4.415310804946382,38.46651623971697,-0.002717899665551839,0.03293358993128008,-0.18814099999999812,0.20324700000000107,0.3913879999999992,0.37852528051137063,10.033430379847125,0.02443414915848758,0.04099330990041696,0.0,0.3519254618417947,0.3519254618417947,3.9998129245639364,23.504570103288376,0.0,0.0,0.0,0.0,0.0,0.0,0.0,1.0,0.0
39955,-4.2173767,113.00042,-19.614029,2433.4924,-118.96295,1,1264.5048685506945,0.0,0.0044555664,0.120114386,0.0,0.0,0.0,0.0,0.0,0.0,0.0044555664,0.0,0.120114386,0.0,0.0,-71.69985950000002,-333.40791399999995,0.0,0.0,0.0,0,0.0,0.0,0.0,-19.614029,-4.2173767,0,0,-4.040696419666666,0.4551282614324888,-4.795868,-2.897644,1.8982239999999995,0.8478704442993921,0.012567595377195762,-20.406593466666667,0.768311204109069,-21.911896,-19.600983,2.3109129999999993,-0.8512652841478315,-0.724409005287109,-0.0019198518394648815,0.034405686123745005,-0.16171259999999998,0.3261566,0.4878692,4.415310804946382,38.46651623971697,-0.002717899665551839,0.03293358993128008,-0.18814099999999812,0.20324700000000107,0.3913879999999992,0.37852528051137063,10.033430379847125,0.02443414915848758,0.04099330990041696,0.0,0.3519254618417947,0.3519254618417947,3.9998129245639364,23.504570103288376,0.0,0.0,0.0,0.0,0.0,0.0,0.0,1.0,0.0
39956,-4.2173767,113.00042,-19.614029,2433.4924,-118.96295,1,1264.5048685506945,0.0,0.0044555664,0.120114386,0.0,0.0,0.0,0.0,0.0,0.0,0.0044555664,0.0,0.120114386,0.0,0.0,-75.91723620000002,-353.02194299999996,0.0,0.0,0.0,0,0.0,0.0,0.0,-19.614029,-4.2173767,0,0,-4.040696419666666,0.4551282614324888,-4.795868,-2.897644,1.8982239999999995,0.8478704442993921,0.012567595377195762,-20.406593466666667,0.768311204109069,-21.911896,-19.600983,2.3109129999999993,-0.8512652841478315,-0.724409005287109,-0.0019198518394648815,0.034405686123745005,-0.16171259999999998,0.3261566,0.4878692,4.415310804946382,38.46651623971697,-0.002717899665551839,0.03293358993128008,-0.18814099999999812,0.20324700000000107,0.3913879999999992,0.37852528051137063,10.033430379847125,0.02443414915848758,0.04099330990041696,0.0,0.3519254618417947,0.3519254618417947,3.9998129245639364,23.504570103288376,0.0,0.0,0.0,0.0,0.0,0.0,0.0,1.0,0.0
39957,-4.2173767,113.00042,-19.614029,2433.4924,-118.96295,1,1264.5048685506945,0.0,0.0044555664,0.120114386,0.0,0.0,0.0,0.0,0.0,0.0,0.0044555664,0.0,0.120114386,0.0,0.0,-80.13461290000002,-372.635972,0.0,0.0,0.0,0,0.0,0.0,0.0,-19.614029,-4.2173767,0,0,-4.040696419666666,0.4551282614324888,-4.795868,-2.897644,1.8982239999999995,0.8478704442993921,0.012567595377195762,-20.406593466666667,0.768311204109069,-21.911896,-19.600983,2.3109129999999993,-0.8512652841478315,-0.724409005287109,-0.0019198518394648815,0.034405686123745005,-0.16171259999999998,0.3261566,0.4878692,4.415310804946382,38.46651623971697,-0.002717899665551839,0.03293358993128008,-0.18814099999999812,0.20324700000000107,0.3913879999999992,0.37852528051137063,10.033430379847125,0.02443414915848758,0.04099330990041696,0.0,0.3519254618417947,0.3519254618417947,3.9998129245639364,23.504570103288376,0.0,0.0,0.0,0.0,0.0,0.0,0.0,1.0,0.0
39958,-4.2173767,113.00042,-19.614029,2433.4924,-118.96295,1,1264.5048685506945,0.0,0.0044555664,0.120114386,0.0,0.0,0.0,0.0,0.0,0.0,0.0044555664,0.0,0.120114386,0.0,0.0,-84.35198960000002,-392.250001,0.0,0.0,0.0,0,0.0,0.0,0.0,-19.614029,-4.2173767,0,0,-4.040696419666666,0.4551282614324888,-4.795868,-2.897644,1.8982239999999995,0.8478704442993921,0.012567595377195762,-20.406593466666667,0.768311204109069,-21.911896,-19.600983,2.3109129999999993,-0.8512652841478315,-0.724409005287109,-0.0019198518394648815,0.034405686123745005,-0.16171259999999998,0.3261566,0.4878692,4.415310804946382,38.46651623971697,-0.002717899665551839,0.03293358993128008,-0.18814099999999812,0.20324700000000107,0.3913879999999992,0.37852528051137063,10.033430379847125,0.02443414915848758,0.04099330990041696,0.0,0.3519254618417947,0.3519254618417947,3.9998129245639364,23.504570103288376,0.0,0.0,0.0,0.0,0.0,0.0,0.0,1.0,0.0
39959,-4.2173767,113.00042,-19.614029,2433.4924,-118.96295,1,1264.5048685506945,0.0,0.0044555664,0.120114386,0.0,0.0,0.0,0.0,0.0,0.0,0.0044555664,0.0,0.120114386,0.0,0.0,-88.56936630000003,-411.86403,0.0,0.0,0.0,0,0.0,0.0,0.0,-19.614029,-4.2173767,0,0,-4.040696419666666,0.4551282614324888,-4.795868,-2.897644,1.8982239999999995,0.8478704442993921,0.012567595377195762,-20.406593466666667,0.768311204109069,-21.911896,-19.600983,2.3109129999999993,-0.8512652841478315,-0.724409005287109,-0.0019198518394648815,0.034405686123745005,-0.16171259999999998,0.3261566,0.4878692,4.415310804946382,38.46651623971697,-0.002717899665551839,0.03293358993128008,-0.18814099999999812,0.20324700000000107,0.3913879999999992,0.37852528051137063,10.033430379847125,0.02443414915848758,0.04099330990041696,0.0,0.3519254618417947,0.3519254618417947,3.9998129245639364,23.504570103288376,0.0,0.0,0.0,0.0,0.0,0.0,0.0,1.0,0.0
39960,-4.2173767,113.00042,-19.614029,2433.4924,-118.96295,1,1264.5048685506945,0.0,0.0044555664,0.120114386,0.0,0.0,0.0,0.0,0.0,0.0,0.0044555664,0.0,0.120114386,0.0,0.0,-92.78674300000003,-431.47805900000003,0.0,0.0,0.0,0,0.0,0.0,0.0,-19.614029,-4.2173767,0,0,-4.040696419666666,0.4551282614324888,-4.795868,-2.897644,1.8982239999999995,0.8478704442993921,0.012567595377195762,-20.406593466666667,0.768311204109069,-21.911896,-19.600983,2.3109129999999993,-0.8512652841478315,-0.724409005287109,-0.0019198518394648815,0.034405686123745005,-0.16171259999999998,0.3261566,0.4878692,4.415310804946382,38.46651623971697,-0.002717899665551839,0.03293358993128008,-0.18814099999999812,0.20324700000000107,0.3913879999999992,0.37852528051137063,10.033430379847125,0.02443414915848758,0.04099330990041696,0.0,0.3519254618417947,0.3519254618417947,3.9998129245639364,23.504570103288376,0.0,0.0,0.0,0.0,0.0,0.0,0.0,1.0,0.0
39961,-4.2173767,113.00042,-19.614029,2433.4924,-118.96295,1,1264.5048685506945,0.0,0.0044555664,0.120114386,0.0,0.0,0.0,0.0,0.0,0.0,0.0044555664,0.0,0.120114386,0.0,0.0,-97.00411970000003,-451.09208800000005,0.0,0.0,0.0,0,0.0,0.0,0.0,-19.614029,-4.2173767,0,0,-4.040696419666666,0.4551282614324888,-4.795868,-2.897644,1.8982239999999995,0.8478704442993921,0.012567595377195762,-20.406593466666667,0.768311204109069,-21.911896,-19.600983,2.3109129999999993,-0.8512652841478315,-0.724409005287109,-0.0019198518394648815,0.034405686123745005,-0.16171259999999998,0.3261566,0.4878692,4.415310804946382,38.46651623971697,-0.002717899665551839,0.03293358993128008,-0.18814099999999812,0.20324700000000107,0.3913879999999992,0.37852528051137063,10.033430379847125,0.02443414915848758,0.04099330990041696,0.0,0.3519254618417947,0.3519254618417947,3.9998129245639364,23.504570103288376,0.0,0.0,0.0,0.0,0.0,0.0,0.0,1.0,0.0
39962,-4.2173767,113.00042,-19.614029,2433.4924,-118.96295,1,1264.5048685506945,0.0,0.0044555664,0.120114386,0.0,0.0,0.0,0.0,0.0,0.0,0.0044555664,0.0,0.120114386,0.0,0.0,-101.22149640000004,-470.70611700000006,0.0,0.0,0.0,0,0.0,0.0,0.0,-19.614029,-4.2173767,0,0,-4.040696419666666,0.4551282614324888,-4.795868,-2.897644,1.8982239999999995,0.8478704442993921,0.012567595377195762,-20.406593466666667,0.768311204109069,-21.911896,-19.600983,2.3109129999999993,-0.8512652841478315,-0.724409005287109,-0.0019198518394648815,0.034405686123745005,-0.16171259999999998,0.3261566,0.4878692,4.415310804946382,38.46651623971697,-0.002717899665551839,0.03293358993128008,-0.18814099999999812,0.20324700000000107,0.3913879999999992,0.37852528051137063,10.033430379847125,0.02443414915848758,0.04099330990041696,0.0,0.3519254618417947,0.3519254618417947,3.9998129245639364,23.504570103288376,0.0,0.0,0.0,0.0,0.0,0.0,0.0,1.0,0.0
39963,-4.2173767,113.00042,-19.614029,2433.4924,-118.96295,1,1264.5048685506945,0.0,0.0044555664,0.120114386,0.0,0.0,0.0,0.0,0.0,0.0,0.0044555664,0.0,0.120114386,0.0,0.0,-105.43887310000004,-490.3201460000001,0.0,0.0,0.0,0,0.0,0.0,0.0,-19.614029,-4.2173767,0,0,-4.040696419666666,0.4551282614324888,-4.795868,-2.897644,1.8982239999999995,0.8478704442993921,0.012567595377195762,-20.406593466666667,0.768311204109069,-21.911896,-19.600983,2.3109129999999993,-0.8512652841478315,-0.724409005287109,-0.0019198518394648815,0.034405686123745005,-0.16171259999999998,0.3261566,0.4878692,4.415310804946382,38.46651623971697,-0.002717899665551839,0.03293358993128008,-0.18814099999999812,0.20324700000000107,0.3913879999999992,0.37852528051137063,10.033430379847125,0.02443414915848758,0.04099330990041696,0.0,0.3519254618417947,0.3519254618417947,3.9998129245639364,23.504570103288376,0.0,0.0,0.0,0.0,0.0,0.0,0.0,1.0,0.0
39964,-4.2173767,113.00042,-19.614029,2433.4924,-118.96295,1,1264.5048685506945,0.0,0.0044555664,0.120114386,0.0,0.0,0.0,0.0,0.0,0.0,0.0044555664,0.0,0.120114386,0.0,0.0,-109.65624980000004,-509.9341750000001,0.0,0.0,0.0,0,0.0,0.0,0.0,-19.614029,-4.2173767,0,0,-4.040696419666666,0.4551282614324888,-4.795868,-2.897644,1.8982239999999995,0.8478704442993921,0.012567595377195762,-20.406593466666667,0.768311204109069,-21.911896,-19.600983,2.3109129999999993,-0.8512652841478315,-0.724409005287109,-0.0019198518394648815,0.034405686123745005,-0.16171259999999998,0.3261566,0.4878692,4.415310804946382,38.46651623971697,-0.002717899665551839,0.03293358993128008,-0.18814099999999812,0.20324700000000107,0.3913879999999992,0.37852528051137063,10.033430379847125,0.02443414915848758,0.04099330990041696,0.0,0.3519254618417947,0.3519254618417947,3.9998129245639364,23.504570103288376,0.0,0.0,0.0,0.0,0.0,0.0,0.0,1.0,0.0
39965,-4.2173767,113.00042,-19.614029,2433.4924,-118.96295,1,1264.5048685506945,0.0,0.0044555664,0.120114386,0.0,0.0,0.0,0.0,0.0,0.0,0.0044555664,0.0,0.120114386,0.0,0.0,-113.87362650000004,-529.548204,0.0,0.0,0.0,0,0.0,0.0,0.0,-19.614029,-4.2173767,0,0,-4.040696419666666,0.4551282614324888,-4.795868,-2.897644,1.8982239999999995,0.8478704442993921,0.012567595377195762,-20.406593466666667,0.768311204109069,-21.911896,-19.600983,2.3109129999999993,-0.8512652841478315,-0.724409005287109,-0.0019198518394648815,0.034405686123745005,-0.16171259999999998,0.3261566,0.4878692,4.415310804946382,38.46651623971697,-0.002717899665551839,0.03293358993128008,-0.18814099999999812,0.20324700000000107,0.3913879999999992,0.37852528051137063,10.033430379847125,0.02443414915848758,0.04099330990041696,0.0,0.3519254618417947,0.3519254618417947,3.9998129245639364,23.504570103288376,0.0,0.0,0.0,0.0,0.0,0.0,0.0,1.0,0.0
39966,-4.2173767,113.00042,-19.614029,2433.4924,-118.96295,1,1264.5048685506945,0.0,0.0044555664,0.120114386,0.0,0.0,0.0,0.0,0.0,0.0,0.0044555664,0.0,0.120114386,0.0,0.0,-118.09100320000005,-549.162233,0.0,0.0,0.0,0,0.0,0.0,0.0,-19.614029,-4.2173767,0,0,-4.040696419666666,0.4551282614324888,-4.795868,-2.897644,1.8982239999999995,0.8478704442993921,0.012567595377195762,-20.406593466666667,0.768311204109069,-21.911896,-19.600983,2.3109129999999993,-0.8512652841478315,-0.724409005287109,-0.0019198518394648815,0.034405686123745005,-0.16171259999999998,0.3261566,0.4878692,4.415310804946382,38.46651623971697,-0.002717899665551839,0.03293358993128008,-0.18814099999999812,0.20324700000000107,0.3913879999999992,0.37852528051137063,10.033430379847125,0.02443414915848758,0.04099330990041696,0.0,0.3519254618417947,0.3519254618417947,3.9998129245639364,23.504570103288376,0.0,0.0,0.0,0.0,0.0,0.0,0.0,1.0,0.0
39967,-4.2173767,113.00042,-19.614029,2433.4924,-118.96295,1,1264.5048685506945,0.0,0.0044555664,0.120114386,0.0,0.0,0.0,0.0,0.0,0.0,0.0044555664,0.0,0.120114386,0.0,0.0,-122.30837990000005,-568.776262,0.0,0.0,0.0,0,0.0,0.0,0.0,-19.614029,-4.2173767,0,0,-4.040696419666666,0.4551282614324888,-4.795868,-2.897644,1.8982239999999995,0.8478704442993921,0.012567595377195762,-20.406593466666667,0.768311204109069,-21.911896,-19.600983,2.3109129999999993,-0.8512652841478315,-0.724409005287109,-0.0019198518394648815,0.034405686123745005,-0.16171259999999998,0.3261566,0.4878692,4.415310804946382,38.46651623971697,-0.002717899665551839,0.03293358993128008,-0.18814099999999812,0.20324700000000107,0.3913879999999992,0.37852528051137063,10.033430379847125,0.02443414915848758,0.04099330990041696,0.0,0.3519254618417947,0.3519254618417947,3.9998129245639364,23.504570103288376,0.0,0.0,0.0,0.0,0.0,0.0,0.0,1.0,0.0
39968,-4.2173767,113.00042,-19.614029,2433.4924,-118.96295,1,1264.5048685506945,0.0,0.0044555664,0.120114386,0.0,0.0,0.0,0.0,0.0,0.0,0.0044555664,0.0,0.120114386,0.0,0.0,-126.52575660000005,-588.3902909999999,0.0,0.0,0.0,0,0.0,0.0,0.0,-19.614029,-4.2173767,0,0,-4.040696419666666,0.4551282614324888,-4.795868,-2.897644,1.8982239999999995,0.8478704442993921,0.012567595377195762,-20.406593466666667,0.768311204109069,-21.911896,-19.600983,2.3109129999999993,-0.8512652841478315,-0.724409005287109,-0.0019198518394648815,0.034405686123745005,-0.16171259999999998,0.3261566,0.4878692,4.415310804946382,38.46651623971697,-0.002717899665551839,0.03293358993128008,-0.18814099999999812,0.20324700000000107,0.3913879999999992,0.37852528051137063,10.033430379847125,0.02443414915848758,0.04099330990041696,0.0,0.3519254618417947,0.3519254618417947,3.9998129245639364,23.504570103288376,0.0,0.0,0.0,0.0,0.0,0.0,0.0,1.0,0.0
39969,-4.2173767,113.00042,-19.614029,2433.4924,-118.96295,1,1264.5048685506945,0.0,0.0044555664,0.120114386,0.0,0.0,0.0,0.0,0.0,0.0,0.0044555664,0.0,0.120114386,0.0,0.0,-130.74313330000004,-608.0043199999999,0.0,0.0,0.0,0,0.0,0.0,0.0,-19.614029,-4.2173767,0,0,-4.040696419666666,0.4551282614324888,-4.795868,-2.897644,1.8982239999999995,0.8478704442993921,0.012567595377195762,-20.406593466666667,0.768311204109069,-21.911896,-19.600983,2.3109129999999993,-0.8512652841478315,-0.724409005287109,-0.0019198518394648815,0.034405686123745005,-0.16171259999999998,0.3261566,0.4878692,4.415310804946382,38.46651623971697,-0.002717899665551839,0.03293358993128008,-0.18814099999999812,0.20324700000000107,0.3913879999999992,0.37852528051137063,10.033430379847125,0.02443414915848758,0.04099330990041696,0.0,0.3519254618417947,0.3519254618417947,3.9998129245639364,23.504570103288376,0.0,0.0,0.0,0.0,0.0,0.0,0.0,1.0,0.0
39970,-4.213257,113.00042,-19.614029,2433.4924,-118.96295,1,1264.5048685506945,0.0,0.0044555664,0.120114386,0.0041197000000003925,0.0,0.0041197000000003925,0.0,0.0041197000000003925,0.0,0.0044555664,0.0,0.120114386,0.0,0.0,-134.95639030000004,-627.6183489999999,0.0041197000000003925,0.0,1.0,0,0.0,0.0,0.0013027635276598559,-19.614029,-4.216964729999999,1,0,-4.040696419666666,0.4551282614324888,-4.795868,-2.897644,1.8982239999999995,0.8478704442993921,0.012567595377195762,-20.406593466666667,0.768311204109069,-21.911896,-19.600983,2.3109129999999993,-0.8512652841478315,-0.724409005287109,-0.0019198518394648815,0.034405686123745005,-0.16171259999999998,0.3261566,0.4878692,4.415310804946382,38.46651623971697,-0.002717899665551839,0.03293358993128008,-0.18814099999999812,0.20324700000000107,0.3913879999999992,0.37852528051137063,10.033430379847125,0.02443414915848758,0.04099330990041696,0.0,0.3519254618417947,0.3519254618417947,3.9998129245639364,23.504570103288376,0.0,0.0,0.0,0.0,0.0,0.0,0.0,1.0,0.0
39971,-4.213257,113.00042,-19.614029,2433.4924,-118.96295,1,1264.5048685506945,0.0,0.0044555664,0.120114386,0.0,0.0,-0.0041197000000003925,0.0,-0.008239400000000785,0.0,0.0044555664,0.0,0.120114386,0.0,0.0,-139.16964730000004,-647.2323779999998,0.0,0.0,-1.0,0,0.0,0.0,0.0017370180368796887,-19.614029,-4.216552760000001,0,0,-4.040696419666666,0.4551282614324888,-4.795868,-2.897644,1.8982239999999995,0.8478704442993921,0.012567595377195762,-20.406593466666667,0.768311204109069,-21.911896,-19.600983,2.3109129999999993,-0.8512652841478315,-0.724409005287109,-0.0019198518394648815,0.034405686123745005,-0.16171259999999998,0.3261566,0.4878692,4.415310804946382,38.46651623971697,-0.002717899665551839,0.03293358993128008,-0.18814099999999812,0.20324700000000107,0.3913879999999992,0.37852528051137063,10.033430379847125,0.02443414915848758,0.04099330990041696,0.0,0.3519254618417947,0.3519254618417947,3.9998129245639364,23.504570103288376,0.0,0.0,0.0,0.0,0.0,0.0,0.0,1.0,0.0
39972,-4.213257,113.00042,-19.614029,2433.4924,-118.96295,1,1264.5048685506945,0.0,0.0044555664,0.120114386,0.0,0.0,0.0,0.0,0.0041197000000003925,0.0,0.0044555664,0.0,0.120114386,0.0,0.0,-143.38290430000004,-666.8464069999998,0.0,0.0,0.0,0,0.0,0.0,0.0019900041593761235,-19.614029,-4.21614079,0,0,-4.040696419666666,0.4551282614324888,-4.795868,-2.897644,1.8982239999999995,0.8478704442993921,0.012567595377195762,-20.406593466666667,0.768311204109069,-21.911896,-19.600983,2.3109129999999993,-0.8512652841478315,-0.724409005287109,-0.0019198518394648815,0.034405686123745005,-0.16171259999999998,0.3261566,0.4878692,4.415310804946382,38.46651623971697,-0.002717899665551839,0.03293358993128008,-0.18814099999999812,0.20324700000000107,0.3913879999999992,0.37852528051137063,10.033430379847125,0.02443414915848758,0.04099330990041696,0.0,0.3519254618417947,0.3519254618417947,3.9998129245639364,23.504570103288376,0.0,0.0,0.0,0.0,0.0,0.0,0.0,1.0,0.0
39973,-4.213257,113.00042,-19.614029,2433.4924,-118.96295,1,1264.5048685506945,0.0,0.0044555664,0.120114386,0.0,0.0,0.0,0.0,0.0,0.0,0.0044555664,0.0,0.120114386,0.0,0.0,-147.59616130000003,-686.4604359999997,0.0,0.0,0.0,0,0.0,0.0,0.0021274039321830343,-19.614029,-4.21572882,0,0,-4.040696419666666,0.4551282614324888,-4.795868,-2.897644,1.8982239999999995,0.8478704442993921,0.012567595377195762,-20.406593466666667,0.768311204109069,-21.911896,-19.600983,2.3109129999999993,-0.8512652841478315,-0.724409005287109,-0.0019198518394648815,0.034405686123745005,-0.16171259999999998,0.3261566,0.4878692,4.415310804946382,38.46651623971697,-0.002717899665551839,0.03293358993128008,-0.18814099999999812,0.20324700000000107,0.3913879999999992,0.37852528051137063,10.033430379847125,0.02443414915848758,0.04099330990041696,0.0,0.3519254618417947,0.3519254618417947,3.9998129245639364,23.504570103288376,0.0,0.0,0.0,0.0,0.0,0.0,0.0,1.0,0.0
39974,-4.213257,113.00042,-19.614029,2433.4924,-118.96295,1,1264.5048685506945,0.0,0.0044555664,0.120114386,0.0,0.0,0.0,0.0,0.0,0.0,0.0044555664,0.0,0.120114386,0.0,0.0,-151.80941830000003,-706.0744649999997,0.0,0.0,0.0,0,0.0,0.0,0.0021712725460995654,-19.614029,-4.21531685,0,0,-4.040696419666666,0.4551282614324888,-4.795868,-2.897644,1.8982239999999995,0.8478704442993921,0.012567595377195762,-20.406593466666667,0.768311204109069,-21.911896,-19.600983,2.3109129999999993,-0.8512652841478315,-0.724409005287109,-0.0019198518394648815,0.034405686123745005,-0.16171259999999998,0.3261566,0.4878692,4.415310804946382,38.46651623971697,-0.002717899665551839,0.03293358993128008,-0.18814099999999812,0.20324700000000107,0.3913879999999992,0.37852528051137063,10.033430379847125,0.02443414915848758,0.04099330990041696,0.0,0.3519254618417947,0.3519254618417947,3.9998129245639364,23.504570103288376,0.0,0.0,0.0,0.0,0.0,0.0,0.0,1.0,0.0
39975,-4.213257,113.00042,-19.614029,2433.4924,-118.96295,1,1264.5048685506945,0.0,0.0044555664,0.120114386,0.0,0.0,0.0,0.0,0.0,0.0,0.0044555664,0.0,0.120114386,0.0,0.0,-156.02267530000003,-725.6884939999997,0.0,0.0,0.0,0,0.0,0.0,0.0021274039321830343,-19.614029,-4.21490488,0,0,-4.040696419666666,0.4551282614324888,-4.795868,-2.897644,1.8982239999999995,0.8478704442993921,0.012567595377195762,-20.406593466666667,0.768311204109069,-21.911896,-19.600983,2.3109129999999993,-0.8512652841478315,-0.724409005287109,-0.0019198518394648815,0.034405686123745005,-0.16171259999999998,0.3261566,0.4878692,4.415310804946382,38.46651623971697,-0.002717899665551839,0.03293358993128008,-0.18814099999999812,0.20324700000000107,0.3913879999999992,0.37852528051137063,10.033430379847125,0.02443414915848758,0.04099330990041696,0.0,0.3519254618417947,0.3519254618417947,3.9998129245639364,23.504570103288376,0.0,0.0,0.0,0.0,0.0,0.0,0.0,1.0,0.0
39976,-4.213257,113.00042,-19.614029,2433.4924,-118.96295,1,1264.5048685506945,0.0,0.0044555664,0.120114386,0.0,0.0,0.0,0.0,0.0,0.0,0.0044555664,0.0,0.120114386,0.0,0.0,-160.23593230000003,-745.3025229999996,0.0,0.0,0.0,0,0.0,0.0,0.0019900041593761235,-19.614029,-4.21449291,0,0,-4.040696419666666,0.4551282614324888,-4.795868,-2.897644,1.8982239999999995,0.8478704442993921,0.012567595377195762,-20.406593466666667,0.768311204109069,-21.911896,-19.600983,2.3109129999999993,-0.8512652841478315,-0.724409005287109,-0.0019198518394648815,0.034405686123745005,-0.16171259999999998,0.3261566,0.4878692,4.415310804946382,38.46651623971697,-0.002717899665551839,0.03293358993128008,-0.18814099999999812,0.20324700000000107,0.3913879999999992,0.37852528051137063,10.033430379847125,0.02443414915848758,0.04099330990041696,0.0,0.3519254618417947,0.3519254618417947,3.9998129245639364,23.504570103288376,0.0,0.0,0.0,0.0,0.0,0.0,0.0,1.0,0.0
39977,-4.213257,113.00042,-19.614029,2433.4924,-118.96295,1,1264.5048685506945,0.0,0.0044555664,0.120114386,0.0,0.0,0.0,0.0,0.0,0.0,0.0044555664,0.0,0.120114386,0.0,0.0,-164.44918930000003,-764.9165519999996,0.0,0.0,0.0,0,0.0,0.0,0.0017370180368796887,-19.614029,-4.21408094,0,0,-4.040696419666666,0.4551282614324888,-4.795868,-2.897644,1.8982239999999995,0.8478704442993921,0.012567595377195762,-20.406593466666667,0.768311204109069,-21.911896,-19.600983,2.3109129999999993,-0.8512652841478315,-0.724409005287109,-0.0019198518394648815,0.034405686123745005,-0.16171259999999998,0.3261566,0.4878692,4.415310804946382,38.46651623971697,-0.002717899665551839,0.03293358993128008,-0.18814099999999812,0.20324700000000107,0.3913879999999992,0.37852528051137063,10.033430379847125,0.02443414915848758,0.04099330990041696,0.0,0.3519254618417947,0.3519254618417947,3.9998129245639364,23.504570103288376,0.0,0.0,0.0,0.0,0.0,0.0,0.0,1.0,0.0
39978,-4.213257,113.00042,-19.614029,2433.4924,-118.96295,1,1264.5048685506945,0.0,0.0044555664,0.120114386,0.0,0.0,0.0,0.0,0.0,0.0,0.0044555664,0.0,0.120114386,0.0,0.0,-168.66244630000003,-784.5305809999995,0.0,0.0,0.0,0,0.0,0.0,0.0013027635276598559,-19.614029,-4.213668969999999,0,0,-4.040696419666666,0.4551282614324888,-4.795868,-2.897644,1.8982239999999995,0.8478704442993921,0.012567595377195762,-20.406593466666667,0.768311204109069,-21.911896,-19.600983,2.3109129999999993,-0.8512652841478315,-0.724409005287109,-0.0019198518394648815,0.034405686123745005,-0.16171259999999998,0.3261566,0.4878692,4.415310804946382,38.46651623971697,-0.002717899665551839,0.03293358993128008,-0.18814099999999812,0.20324700000000107,0.3913879999999992,0.37852528051137063,10.033430379847125,0.02443414915848758,0.04099330990041696,0.0,0.3519254618417947,0.3519254618417947,3.9998129245639364,23.504570103288376,0.0,0.0,0.0,0.0,0.0,0.0,0.0,1.0,0.0
39979,-4.213257,113.00042,-19.614029,2433.4924,-118.96295,1,1264.5048685506945,0.0,0.0044555664,0.120114386,0.0,0.0,0.0,0.0,0.0,0.0,0.0044555664,0.0,0.120114386,0.0,0.0,-172.87570330000003,-804.1446099999995,0.0,0.0,0.0,0,0.0,0.0,0.0,-19.614029,-4.213257,0,0,-4.040696419666666,0.4551282614324888,-4.795868,-2.897644,1.8982239999999995,0.8478704442993921,0.012567595377195762,-20.406593466666667,0.768311204109069,-21.911896,-19.600983,2.3109129999999993,-0.8512652841478315,-0.724409005287109,-0.0019198518394648815,0.034405686123745005,-0.16171259999999998,0.3261566,0.4878692,4.415310804946382,38.46651623971697,-0.002717899665551839,0.03293358993128008,-0.18814099999999812,0.20324700000000107,0.3913879999999992,0.37852528051137063,10.033430379847125,0.02443414915848758,0.04099330990041696,0.0,0.3519254618417947,0.3519254618417947,3.9998129245639364,23.504570103288376,0.0,0.0,0.0,0.0,0.0,0.0,0.0,1.0,0.0
39980,-4.213257,113.00042,-19.614029,2433.4924,-118.96295,1,1264.5048685506945,0.0,0.0044555664,0.120114386,0.0,0.0,0.0,0.0,0.0,0.0,0.0044555664,0.0,0.120114386,0.0,0.0,-177.08896030000002,-823.7586389999994,0.0,0.0,0.0,0,0.0,0.0,0.0,-19.614029,-4.213257,0,0,-4.040696419666666,0.4551282614324888,-4.795868,-2.897644,1.8982239999999995,0.8478704442993921,0.012567595377195762,-20.406593466666667,0.768311204109069,-21.911896,-19.600983,2.3109129999999993,-0.8512652841478315,-0.724409005287109,-0.0019198518394648815,0.034405686123745005,-0.16171259999999998,0.3261566,0.4878692,4.415310804946382,38.46651623971697,-0.002717899665551839,0.03293358993128008,-0.18814099999999812,0.20324700000000107,0.3913879999999992,0.37852528051137063,10.033430379847125,0.02443414915848758,0.04099330990041696,0.0,0.3519254618417947,0.3519254618417947,3.9998129245639364,23.504570103288376,0.0,0.0,0.0,0.0,0.0,0.0,0.0,1.0,0.0
39981,-4.213257,113.00042,-19.614029,2433.4924,-118.96295,1,1264.5048685506945,0.0,0.0044555664,0.120114386,0.0,0.0,0.0,0.0,0.0,0.0,0.0044555664,0.0,0.120114386,0.0,0.0,-181.30221730000002,-843.3726679999994,0.0,0.0,0.0,0,0.0,0.0,0.0,-19.614029,-4.213257,0,0,-4.040696419666666,0.4551282614324888,-4.795868,-2.897644,1.8982239999999995,0.8478704442993921,0.012567595377195762,-20.406593466666667,0.768311204109069,-21.911896,-19.600983,2.3109129999999993,-0.8512652841478315,-0.724409005287109,-0.0019198518394648815,0.034405686123745005,-0.16171259999999998,0.3261566,0.4878692,4.415310804946382,38.46651623971697,-0.002717899665551839,0.03293358993128008,-0.18814099999999812,0.20324700000000107,0.3913879999999992,0.37852528051137063,10.033430379847125,0.02443414915848758,0.04099330990041696,0.0,0.3519254618417947,0.3519254618417947,3.9998129245639364,23.504570103288376,0.0,0.0,0.0,0.0,0.0,0.0,0.0,1.0,0.0
39982,-4.2088013,113.00042,-19.614029,2433.4924,-118.96295,1,1264.5048685506945,0.0,0.0044555664,0.120114386,0.004455699999999396,0.0,0.004455699999999396,0.0,0.004455699999999396,0.0,0.0044555664,0.0,0.120114386,0.0,0.0,-185.51101860000003,-862.9866969999994,0.004455699999999396,0.0,1.0,0,0.0,0.0,0.0014090160570411547,-19.614029,-4.2128114299999995,1,0,-4.040696419666666,0.4551282614324888,-4.795868,-2.897644,1.8982239999999995,0.8478704442993921,0.012567595377195762,-20.406593466666667,0.768311204109069,-21.911896,-19.600983,2.3109129999999993,-0.8512652841478315,-0.724409005287109,-0.0019198518394648815,0.034405686123745005,-0.16171259999999998,0.3261566,0.4878692,4.415310804946382,38.46651623971697,-0.002717899665551839,0.03293358993128008,-0.18814099999999812,0.20324700000000107,0.3913879999999992,0.37852528051137063,10.033430379847125,0.02443414915848758,0.04099330990041696,0.0,0.3519254618417947,0.3519254618417947,3.9998129245639364,23.504570103288376,0.0,0.0,0.0,0.0,0.0,0.0,0.0,1.0,0.0
39983,-4.2088013,113.00042,-19.614029,2433.4924,-118.96295,1,1264.5048685506945,0.0,0.0044555664,0.120114386,0.0,0.0,-0.004455699999999396,0.0,-0.008911399999998793,0.0,0.0044555664,0.0,0.120114386,0.0,0.0,-189.71981990000003,-882.6007259999993,0.0,0.0,-1.0,0,0.0,0.0,0.0018786880760547349,-19.614029,-4.21236586,0,0,-4.040696419666666,0.4551282614324888,-4.795868,-2.897644,1.8982239999999995,0.8478704442993921,0.012567595377195762,-20.406593466666667,0.768311204109069,-21.911896,-19.600983,2.3109129999999993,-0.8512652841478315,-0.724409005287109,-0.0019198518394648815,0.034405686123745005,-0.16171259999999998,0.3261566,0.4878692,4.415310804946382,38.46651623971697,-0.002717899665551839,0.03293358993128008,-0.18814099999999812,0.20324700000000107,0.3913879999999992,0.37852528051137063,10.033430379847125,0.02443414915848758,0.04099330990041696,0.0,0.3519254618417947,0.3519254618417947,3.9998129245639364,23.504570103288376,0.0,0.0,0.0,0.0,0.0,0.0,0.0,1.0,0.0
39984,-4.2046814,113.00042,-19.614029,2433.4924,-118.96295,1,1264.5048685506945,0.0,0.0044555664,0.120114386,0.004119900000000065,0.0,0.004119900000000065,0.0,0.008575599999999461,0.0,0.0044555664,0.0,0.120114386,0.0,0.0,-193.92450130000003,-902.2147549999993,0.004119900000000065,0.0,1.0,0,0.0,0.0,0.003030730081459657,-19.614029,-4.2115083,1,0,-4.040696419666666,0.4551282614324888,-4.795868,-2.897644,1.8982239999999995,0.8478704442993921,0.012567595377195762,-20.406593466666667,0.768311204109069,-21.911896,-19.600983,2.3109129999999993,-0.8512652841478315,-0.724409005287109,-0.0019198518394648815,0.034405686123745005,-0.16171259999999998,0.3261566,0.4878692,4.415310804946382,38.46651623971697,-0.002717899665551839,0.03293358993128008,-0.18814099999999812,0.20324700000000107,0.3913879999999992,0.37852528051137063,10.033430379847125,0.02443414915848758,0.04099330990041696,0.0,0.3519254618417947,0.3519254618417947,3.9998129245639364,23.504570103288376,0.0,0.0,0.0,0.0,0.0,0.0,0.0,1.0,0.0
39985,-4.2046814,113.00042,-19.614029,2433.4924,-118.96295,1,1264.5048685506945,0.0,0.0044555664,0.120114386,0.0,0.0,-0.004119900000000065,0.0,-0.00823980000000013,0.0,0.0044555664,0.0,0.120114386,0.0,0.0,-198.12918270000003,-921.8287839999992,0.0,0.0,-1.0,0,0.0,0.0,0.0036341351381948945,-19.614029,-4.21065074,0,0,-4.040696419666666,0.4551282614324888,-4.795868,-2.897644,1.8982239999999995,0.8478704442993921,0.012567595377195762,-20.406593466666667,0.768311204109069,-21.911896,-19.600983,2.3109129999999993,-0.8512652841478315,-0.724409005287109,-0.0019198518394648815,0.034405686123745005,-0.16171259999999998,0.3261566,0.4878692,4.415310804946382,38.46651623971697,-0.002717899665551839,0.03293358993128008,-0.18814099999999812,0.20324700000000107,0.3913879999999992,0.37852528051137063,10.033430379847125,0.02443414915848758,0.04099330990041696,0.0,0.3519254618417947,0.3519254618417947,3.9998129245639364,23.504570103288376,0.0,0.0,0.0,0.0,0.0,0.0,0.0,1.0,0.0
39986,-4.2002106,113.00042,-19.614029,2433.4924,-118.96295,1,1264.5048685506945,0.0,0.0044555664,0.120114386,0.004470799999999997,0.0,0.004470799999999997,0.0,0.008590700000000062,0.0,0.0044555664,0.0,0.120114386,0.0,0.0,-202.32939330000002,-941.4428129999992,0.004470799999999997,0.0,1.0,0,0.0,0.0,0.004761483435512621,-19.614029,-4.209346099999999,1,0,-4.040696419666666,0.4551282614324888,-4.795868,-2.897644,1.8982239999999995,0.8478704442993921,0.012567595377195762,-20.406593466666667,0.768311204109069,-21.911896,-19.600983,2.3109129999999993,-0.8512652841478315,-0.724409005287109,-0.0019198518394648815,0.034405686123745005,-0.16171259999999998,0.3261566,0.4878692,4.415310804946382,38.46651623971697,-0.002717899665551839,0.03293358993128008,-0.18814099999999812,0.20324700000000107,0.3913879999999992,0.37852528051137063,10.033430379847125,0.02443414915848758,0.04099330990041696,0.0,0.3519254618417947,0.3519254618417947,3.9998129245639364,23.504570103288376,0.0,0.0,0.0,0.0,0.0,0.0,0.0,1.0,0.0
39987,-4.2002106,113.00042,-19.618149,2433.4924,-118.96295,1,1264.5048685506945,0.0,0.0044555664,0.120114386,0.0,-0.004120000000000346,-0.004470799999999997,-0.004120000000000346,-0.008941599999999994,-0.004120000000000346,0.0044555664,0.0,0.120114386,0.0,0.0,-206.5296039,-961.0609619999992,0.004120000000000346,-1.0,-1.0,1,1.0,0.0013028583959661146,0.005324856666865292,-19.614441,-4.2080414600000005,0,0,-4.040696419666666,0.4551282614324888,-4.795868,-2.897644,1.8982239999999995,0.8478704442993921,0.012567595377195762,-20.406593466666667,0.768311204109069,-21.911896,-19.600983,2.3109129999999993,-0.8512652841478315,-0.724409005287109,-0.0019198518394648815,0.034405686123745005,-0.16171259999999998,0.3261566,0.4878692,4.415310804946382,38.46651623971697,-0.002717899665551839,0.03293358993128008,-0.18814099999999812,0.20324700000000107,0.3913879999999992,0.37852528051137063,10.033430379847125,0.02443414915848758,0.04099330990041696,0.0,0.3519254618417947,0.3519254618417947,3.9998129245639364,23.504570103288376,0.0,0.0,0.0,0.0,0.0,0.0,0.0,1.0,0.0
39988,-4.1960907,113.00042,-19.62262,2433.4924,-118.96295,1,1264.5048685506945,0.0,0.0044555664,0.120114386,0.004119900000000065,-0.004471000000002334,0.004119900000000065,-0.0003510000000019886,0.008590700000000062,0.003768999999998357,0.0044555664,0.0,0.120114386,0.0,0.0,-210.72569460000003,-980.6835819999992,0.006079754683375096,-1.0,1.0,0,1.0,0.002879481606497672,0.0061584405333107925,-19.6153001,-4.20632483,0,0,-4.040696419666666,0.4551282614324888,-4.795868,-2.897644,1.8982239999999995,0.8478704442993921,0.012567595377195762,-20.406593466666667,0.768311204109069,-21.911896,-19.600983,2.3109129999999993,-0.8512652841478315,-0.724409005287109,-0.0019198518394648815,0.034405686123745005,-0.16171259999999998,0.3261566,0.4878692,4.415310804946382,38.46651623971697,-0.002717899665551839,0.03293358993128008,-0.18814099999999812,0.20324700000000107,0.3913879999999992,0.37852528051137063,10.033430379847125,0.02443414915848758,0.04099330990041696,0.0,0.3519254618417947,0.3519254618417947,3.9998129245639364,23.504570103288376,0.0,0.0,0.0,0.0,0.0,0.0,0.0,1.0,0.0
39989,-4.19162,113.00042,-19.631195,2433.4924,-118.96295,1,1264.5048685506945,0.0,0.0044555664,0.120114386,0.004470699999999717,-0.008575000000000443,0.0003507999999996514,-0.004103999999998109,-0.003769100000000414,-0.0037529999999961206,0.0044555664,0.0,0.120114386,0.0,0.0,-214.91731460000003,-1000.3147769999993,0.009670459321563019,-1.0,1.0,0,1.0,0.005736701763395966,0.0071701431547845,-19.6170167,-4.20416113,1,0,-4.040696419666666,0.4551282614324888,-4.795868,-2.897644,1.8982239999999995,0.8478704442993921,0.012567595377195762,-20.406593466666667,0.768311204109069,-21.911896,-19.600983,2.3109129999999993,-0.8512652841478315,-0.724409005287109,-0.0019198518394648815,0.034405686123745005,-0.16171259999999998,0.3261566,0.4878692,4.415310804946382,38.46651623971697,-0.002717899665551839,0.03293358993128008,-0.18814099999999812,0.20324700000000107,0.3913879999999992,0.37852528051137063,10.033430379847125,0.02443414915848758,0.04099330990041696,0.0,0.3519254618417947,0.3519254618417947,3.9998129245639364,23.504570103288376,0.0,0.0,0.0,0.0,0.0,0.0,0.0,1.0,0.0
39990,-4.1875,113.00042,-19.639435,2433.4924,-118.96295,1,1264.5048685506945,0.0,0.0044555664,0.120114386,0.004120000000000346,-0.008239999999997139,-0.00035069999999937096,0.0003350000000033049,-0.0007014999999990224,0.004439000000001414,0.0044555664,0.0,0.120114386,0.0,0.0,-219.10481460000003,-1019.9542119999993,0.009212600067296729,1.0,-1.0,1,2.0,0.008977100893687962,0.008104968796025718,-19.619557299999997,-4.20158543,0,1,-4.040696419666666,0.4551282614324888,-4.795868,-2.897644,1.8982239999999995,0.8478704442993921,0.012567595377195762,-20.406593466666667,0.768311204109069,-21.911896,-19.600983,2.3109129999999993,-0.8512652841478315,-0.724409005287109,-0.0019198518394648815,0.034405686123745005,-0.16171259999999998,0.3261566,0.4878692,4.415310804946382,38.46651623971697,-0.002717899665551839,0.03293358993128008,-0.18814099999999812,0.20324700000000107,0.3913879999999992,0.37852528051137063,10.033430379847125,0.02443414915848758,0.04099330990041696,0.0,0.3519254618417947,0.3519254618417947,3.9998129245639364,23.504570103288376,0.0,0.0,0.0,0.0,0.0,0.0,0.0,1.0,0.0
39991,-4.18338,113.00042,-19.652481,2433.4924,-118.96295,1,1264.5048685506945,0.0,0.0044555664,0.120114386,0.004120000000000346,-0.013046000000002778,0.0,-0.004806000000005639,0.00035069999999937096,-0.005141000000008944,0.0044555664,0.0,0.120114386,0.0,0.0,-223.28819460000003,-1039.6066929999993,0.013681100686716522,-1.0,0.0,1,3.0,0.013461250373237104,0.008801283334333818,-19.6234025,-4.19859773,0,0,-4.040696419666666,0.4551282614324888,-4.795868,-2.897644,1.8982239999999995,0.8478704442993921,0.012567595377195762,-20.406593466666667,0.768311204109069,-21.911896,-19.600983,2.3109129999999993,-0.8512652841478315,-0.724409005287109,-0.0019198518394648815,0.034405686123745005,-0.16171259999999998,0.3261566,0.4878692,4.415310804946382,38.46651623971697,-0.002717899665551839,0.03293358993128008,-0.18814099999999812,0.20324700000000107,0.3913879999999992,0.37852528051137063,10.033430379847125,0.02443414915848758,0.04099330990041696,0.0,0.3519254618417947,0.3519254618417947,3.9998129245639364,23.504570103288376,0.0,0.0,0.0,0.0,0.0,0.0,0.0,1.0,0.0
39992,-4.1789246,113.00042,-19.665192,2433.4924,-118.96295,1,1264.5048685506945,0.0,0.0044555664,0.120114386,0.004455399999999443,-0.012710999999999473,0.00033539999999909753,0.0003350000000033049,0.00033539999999909753,0.005141000000008944,0.0044555664,0.0,0.120114386,0.0,0.0,-227.4671192,-1059.2718849999992,0.013469228268909159,1.0,1.0,1,4.0,0.018341155620923897,0.009948873626608264,-19.628518800000002,-4.19561006,1,0,-4.040696419666666,0.4551282614324888,-4.795868,-2.897644,1.8982239999999995,0.8478704442993921,0.012567595377195762,-20.406593466666667,0.768311204109069,-21.911896,-19.600983,2.3109129999999993,-0.8512652841478315,-0.724409005287109,-0.0019198518394648815,0.034405686123745005,-0.16171259999999998,0.3261566,0.4878692,4.415310804946382,38.46651623971697,-0.002717899665551839,0.03293358993128008,-0.18814099999999812,0.20324700000000107,0.3913879999999992,0.37852528051137063,10.033430379847125,0.02443414915848758,0.04099330990041696,0.0,0.3519254618417947,0.3519254618417947,3.9998129245639364,23.504570103288376,0.0,0.0,0.0,0.0,0.0,0.0,0.0,1.0,0.0
39993,-4.1748047,113.00042,-19.669647,2433.4924,-118.96295,1,1264.5048685506945,0.0,0.0044555664,0.120114386,0.004119900000000065,-0.004455000000000098,-0.00033549999999937796,0.008255999999999375,-0.0006708999999984755,0.00792099999999607,0.0044555664,0.0,0.120114386,0.0,0.0,-231.64192390000002,-1078.9415319999991,0.006067998105635944,1.0,-1.0,0,4.0,0.021602006708221,0.010719131851144405,-19.634080599999997,-4.1922104,0,1,-4.040696419666666,0.4551282614324888,-4.795868,-2.897644,1.8982239999999995,0.8478704442993921,0.012567595377195762,-20.406593466666667,0.768311204109069,-21.911896,-19.600983,2.3109129999999993,-0.8512652841478315,-0.724409005287109,-0.0019198518394648815,0.034405686123745005,-0.16171259999999998,0.3261566,0.4878692,4.415310804946382,38.46651623971697,-0.002717899665551839,0.03293358993128008,-0.18814099999999812,0.20324700000000107,0.3913879999999992,0.37852528051137063,10.033430379847125,0.02443414915848758,0.04099330990041696,0.0,0.3519254618417947,0.3519254618417947,3.9998129245639364,23.504570103288376,0.0,0.0,0.0,0.0,0.0,0.0,0.0,1.0,0.0
39994,-4.170349,113.00042,-19.678223,2433.4924,-118.96295,1,1264.5048685506945,0.0,0.0044555664,0.120114386,0.004455700000000284,-0.008575999999997919,0.00033580000000021926,-0.004120999999997821,0.0006712999999995972,-0.012376999999997196,0.0044555664,0.0,0.120114386,0.0,0.0,-235.8122729,-1098.619754999999,0.009664421270307231,-1.0,1.0,1,5.0,0.024345243879560156,0.011731352525812304,-19.6405,-4.18877716,1,0,-4.040696419666666,0.4551282614324888,-4.795868,-2.897644,1.8982239999999995,0.8478704442993921,0.012567595377195762,-20.406593466666667,0.768311204109069,-21.911896,-19.600983,2.3109129999999993,-0.8512652841478315,-0.724409005287109,-0.0019198518394648815,0.034405686123745005,-0.16171259999999998,0.3261566,0.4878692,4.415310804946382,38.46651623971697,-0.002717899665551839,0.03293358993128008,-0.18814099999999812,0.20324700000000107,0.3913879999999992,0.37852528051137063,10.033430379847125,0.02443414915848758,0.04099330990041696,0.0,0.3519254618417947,0.3519254618417947,3.9998129245639364,23.504570103288376,0.0,0.0,0.0,0.0,0.0,0.0,0.0,1.0,0.0
39995,-4.1662292,113.00042,-19.686813,2433.4924,-118.96295,1,1264.5048685506945,0.0,0.0044555664,0.120114386,0.004119799999999785,-0.008590000000001652,-0.0003359000000004997,-1.4000000003733248e-05,-0.0006717000000007189,0.004106999999994088,0.0044555664,0.0,0.120114386,0.0,0.0,-239.97850210000001,-1118.306567999999,0.009526849008986477,-1.0,-1.0,0,5.0,0.026349461639864846,0.01223033646518152,-19.6477784,-4.18493194,0,0,-4.040696419666666,0.4551282614324888,-4.795868,-2.897644,1.8982239999999995,0.8478704442993921,0.012567595377195762,-20.406593466666667,0.768311204109069,-21.911896,-19.600983,2.3109129999999993,-0.8512652841478315,-0.724409005287109,-0.0019198518394648815,0.034405686123745005,-0.16171259999999998,0.3261566,0.4878692,4.415310804946382,38.46651623971697,-0.002717899665551839,0.03293358993128008,-0.18814099999999812,0.20324700000000107,0.3913879999999992,0.37852528051137063,10.033430379847125,0.02443414915848758,0.04099330990041696,0.0,0.3519254618417947,0.3519254618417947,3.9998129245639364,23.504570103288376,0.0,0.0,0.0,0.0,0.0,0.0,0.0,1.0,0.0
39996,-4.1617584,113.00042,-19.695053,2433.4924,-118.96295,1,1264.5048685506945,0.0,0.0044555664,0.120114386,0.004470799999999997,-0.008240000000000691,0.00035100000000021225,0.00035000000000096065,0.0006869000000007119,0.0003640000000046939,0.0044555664,0.0,0.120114386,0.0,0.0,-244.1402605,-1138.001620999999,0.00937473480371639,1.0,1.0,1,6.0,0.02726011352710341,0.012918326803920284,-19.6558808,-4.181086720000001,1,0,-4.040696419666666,0.4551282614324888,-4.795868,-2.897644,1.8982239999999995,0.8478704442993921,0.012567595377195762,-20.406593466666667,0.768311204109069,-21.911896,-19.600983,2.3109129999999993,-0.8512652841478315,-0.724409005287109,-0.0019198518394648815,0.034405686123745005,-0.16171259999999998,0.3261566,0.4878692,4.415310804946382,38.46651623971697,-0.002717899665551839,0.03293358993128008,-0.18814099999999812,0.20324700000000107,0.3913879999999992,0.37852528051137063,10.033430379847125,0.02443414915848758,0.04099330990041696,0.0,0.3519254618417947,0.3519254618417947,3.9998129245639364,23.504570103288376,0.0,0.0,0.0,0.0,0.0,0.0,0.0,1.0,0.0
39997,-4.1576385,113.00042,-19.699524,2433.4924,-118.96295,1,1264.5048685506945,0.0,0.0044555664,0.120114386,0.004119900000000065,-0.0044709999999987815,-0.0003508999999999318,0.0037690000000019097,-0.0007019000000001441,0.003419000000000949,0.0044555664,0.0,0.120114386,0.0,0.0,-248.297899,-1157.701144999999,0.006079754683372483,1.0,-1.0,0,5.0,0.026888401502203747,0.012930611276214216,-19.664018300000002,-4.176829509999999,0,1,-4.040696419666666,0.4551282614324888,-4.795868,-2.897644,1.8982239999999995,0.8478704442993921,0.012567595377195762,-20.406593466666667,0.768311204109069,-21.911896,-19.600983,2.3109129999999993,-0.8512652841478315,-0.724409005287109,-0.0019198518394648815,0.034405686123745005,-0.16171259999999998,0.3261566,0.4878692,4.415310804946382,38.46651623971697,-0.002717899665551839,0.03293358993128008,-0.18814099999999812,0.20324700000000107,0.3913879999999992,0.37852528051137063,10.033430379847125,0.02443414915848758,0.04099330990041696,0.0,0.3519254618417947,0.3519254618417947,3.9998129245639364,23.504570103288376,0.0,0.0,0.0,0.0,0.0,0.0,0.0,1.0,0.0
39998,-4.1531677,113.00042,-19.7081,2433.4924,-118.96295,1,1264.5048685506945,0.0,0.0044555664,0.120114386,0.004470799999999997,-0.008576000000001471,0.0003508999999999318,-0.00410500000000269,0.0007017999999998636,-0.0078740000000046,0.0044555664,0.0,0.120114386,0.0,0.0,-252.4510667,-1177.4092449999991,0.009671392280329922,-1.0,1.0,1,6.0,0.025831869227525794,0.012950571806977366,-19.6725663,-4.17253721,0,0,-4.040696419666666,0.4551282614324888,-4.795868,-2.897644,1.8982239999999995,0.8478704442993921,0.012567595377195762,-20.406593466666667,0.768311204109069,-21.911896,-19.600983,2.3109129999999993,-0.8512652841478315,-0.724409005287109,-0.0019198518394648815,0.034405686123745005,-0.16171259999999998,0.3261566,0.4878692,4.415310804946382,38.46651623971697,-0.002717899665551839,0.03293358993128008,-0.18814099999999812,0.20324700000000107,0.3913879999999992,0.37852528051137063,10.033430379847125,0.02443414915848758,0.04099330990041696,0.0,0.3519254618417947,0.3519254618417947,3.9998129245639364,23.504570103288376,0.0,0.0,0.0,0.0,0.0,0.0,0.0,1.0,0.0
39999,-4.1445923,113.00042,-19.7081,2433.4924,-118.96295,1,1264.5048685506945,0.0,0.0044555664,0.120114386,0.008575399999999789,0.0,0.004104599999999792,0.008576000000001471,0.00375369999999986,0.012681000000004161,0.0044555664,0.0,0.120114386,0.0,0.0,-256.595659,-1197.1173449999992,0.008575399999999789,1.0,1.0,1,7.0,0.02348803638637818,0.013764125896063416,-19.680256800000002,-4.16783444,1,1,-4.040696419666666,0.4551282614324888,-4.795868,-2.897644,1.8982239999999995,0.8478704442993921,0.012567595377195762,-20.406593466666667,0.768311204109069,-21.911896,-19.600983,2.3109129999999993,-0.8512652841478315,-0.724409005287109,-0.0019198518394648815,0.034405686123745005,-0.16171259999999998,0.3261566,0.4878692,4.415310804946382,38.46651623971697,-0.002717899665551839,0.03293358993128008,-0.18814099999999812,0.20324700000000107,0.3913879999999992,0.37852528051137063,10.033430379847125,0.02443414915848758,0.04099330990041696,0.0,0.3519254618417947,0.3519254618417947,3.9998129245639364,23.504570103288376,0.0,0.0,0.0,0.0,0.0,0.0,0.0,1.0,0.0
40000,-4.1404724,113.00042,-19.71222,2433.4924,-118.96295,1,1264.5048685506945,0.0,0.0044555664,0.120114386,0.004119900000000065,-0.004119999999996793,-0.004455499999999724,-0.004119999999996793,-0.008560099999999515,-0.012695999999998264,0.0044555664,0.0,0.120114386,0.0,0.0,-260.73613140000003,-1216.829564999999,0.005826489166725886,-1.0,-1.0,1,7.0,0.02052275662686084,0.01432111076471159,-19.6875353,-4.16313168,0,0,-4.040696419666666,0.4551282614324888,-4.795868,-2.897644,1.8982239999999995,0.8478704442993921,0.012567595377195762,-20.406593466666667,0.768311204109069,-21.911896,-19.600983,2.3109129999999993,-0.8512652841478315,-0.724409005287109,-0.0019198518394648815,0.034405686123745005,-0.16171259999999998,0.3261566,0.4878692,4.415310804946382,38.46651623971697,-0.002717899665551839,0.03293358993128008,-0.18814099999999812,0.20324700000000107,0.3913879999999992,0.37852528051137063,10.033430379847125,0.02443414915848758,0.04099330990041696,0.0,0.3519254618417947,0.3519254618417947,3.9998129245639364,23.504570103288376,0.0,0.0,0.0,0.0,0.0,0.0,0.0,1.0,0.0
40001,-4.1363525,113.004005,-19.716675,2433.5024,-118.963196,1,1264.5048685506945,0.0,0.0044555664,0.120114386,0.004119900000000065,-0.004455000000000098,0.0,-0.0003350000000033049,0.004455499999999724,0.003784999999993488,0.0044555664,0.0,0.120114386,0.010626040701751207,0.003360249112718777,-264.8724839,-1236.546239999999,0.006067998105635944,-1.0,0.0,0,6.0,0.01825401952717542,0.014650822369187515,-19.6939547,-4.15842893,0,0,-4.040696419666666,0.4551282614324888,-4.795868,-2.897644,1.8982239999999995,0.8478704442993921,0.012567595377195762,-20.406593466666667,0.768311204109069,-21.911896,-19.600983,2.3109129999999993,-0.8512652841478315,-0.724409005287109,-0.0019198518394648815,0.034405686123745005,-0.16171259999999998,0.3261566,0.4878692,4.415310804946382,38.46651623971697,-0.002717899665551839,0.03293358993128008,-0.18814099999999812,0.20324700000000107,0.3913879999999992,0.37852528051137063,10.033430379847125,0.02443414915848758,0.04099330990041696,0.0,0.3519254618417947,0.3519254618417947,3.9998129245639364,23.504570103288376,0.0,0.0,0.0,0.0,0.0,0.0,0.0,1.0,0.0
40002,-4.127777,113.050385,-19.725266,2433.631,-118.966675,1,1264.5048685506945,0.0,0.0044555664,0.120114386,0.00857550000000007,-0.00859100000000268,0.004455600000000004,-0.004136000000002582,0.004455600000000004,-0.003800999999999277,0.0044555664,0.0,0.120114386,0.13675221329470838,0.043001350892077524,-269.0002609,-1256.271505999999,0.012138553507319034,-1.0,1.0,0,5.0,0.017610284586270814,0.015598005535756765,-19.6999621,-4.15331417,1,0,-4.040696419666666,0.4551282614324888,-4.795868,-2.897644,1.8982239999999995,0.8478704442993921,0.012567595377195762,-20.406593466666667,0.768311204109069,-21.911896,-19.600983,2.3109129999999993,-0.8512652841478315,-0.724409005287109,-0.0019198518394648815,0.034405686123745005,-0.16171259999999998,0.3261566,0.4878692,4.415310804946382,38.46651623971697,-0.002717899665551839,0.03293358993128008,-0.18814099999999812,0.20324700000000107,0.3913879999999992,0.37852528051137063,10.033430379847125,0.02443414915848758,0.04099330990041696,0.0,0.3519254618417947,0.3519254618417947,3.9998129245639364,23.504570103288376,0.0,0.0,0.0,0.0,0.0,0.0,0.0,1.0,0.0
40003,-4.127777,113.1099,-19.725266,2433.7969,-118.97107,1,1264.5048685506945,0.0,0.0044555664,0.120114386,0.0,0.0,-0.00857550000000007,0.00859100000000268,-0.013031100000000073,0.012727000000005262,0.0044555664,0.0,0.120114386,0.17630700851068654,0.06618243046102187,-273.1280379,-1275.9967719999988,0.0,1.0,-1.0,1,6.0,0.015645495837402146,0.015487714505520686,-19.705524,-4.1486114,0,0,-4.040696419666666,0.4551282614324888,-4.795868,-2.897644,1.8982239999999995,0.8478704442993921,0.012567595377195762,-20.406593466666667,0.768311204109069,-21.911896,-19.600983,2.3109129999999993,-0.8512652841478315,-0.724409005287109,-0.0019198518394648815,0.034405686123745005,-0.16171259999999998,0.3261566,0.4878692,4.415310804946382,38.46651623971697,-0.002717899665551839,0.03293358993128008,-0.18814099999999812,0.20324700000000107,0.3913879999999992,0.37852528051137063,10.033430379847125,0.02443414915848758,0.04099330990041696,0.0,0.3519254618417947,0.3519254618417947,3.9998129245639364,23.504570103288376,0.0,0.0,0.0,0.0,0.0,0.0,0.0,1.0,0.0
40004,-4.127777,113.18033,-19.725266,2433.9934,-118.97632,1,1264.5048685506945,0.0,0.0044555664,0.120114386,0.0,0.0,0.0,0.0,0.00857550000000007,-0.00859100000000268,0.0044555664,0.0,0.120114386,0.2088066028649621,0.08507753363402848,-277.25581489999996,-1295.7220379999987,0.0,0.0,0.0,1,6.0,0.01344177335391447,0.014678537456060684,-19.7102283,-4.1443542,0,0,-4.040696419666666,0.4551282614324888,-4.795868,-2.897644,1.8982239999999995,0.8478704442993921,0.012567595377195762,-20.406593466666667,0.768311204109069,-21.911896,-19.600983,2.3109129999999993,-0.8512652841478315,-0.724409005287109,-0.0019198518394648815,0.034405686123745005,-0.16171259999999998,0.3261566,0.4878692,4.415310804946382,38.46651623971697,-0.002717899665551839,0.03293358993128008,-0.18814099999999812,0.20324700000000107,0.3913879999999992,0.37852528051137063,10.033430379847125,0.02443414915848758,0.04099330990041696,0.0,0.3519254618417947,0.3519254618417947,3.9998129245639364,23.504570103288376,0.0,0.0,0.0,0.0,0.0,0.0,0.0,1.0,0.0
40005,-4.127777,113.26189,-19.725266,2434.2207,-118.98236,1,1264.5048685506945,0.0,0.0044555664,0.120114386,0.0,0.0,0.0,0.0,0.0,0.0,0.0044555664,0.0,0.120114386,0.24156532284250906,0.10106971816486306,-281.38359189999994,-1315.4473039999987,0.0,0.0,0.0,0,6.0,0.011333942456086368,0.013281423631008786,-19.7140736,-4.140508980000001,0,0,-4.040696419666666,0.4551282614324888,-4.795868,-2.897644,1.8982239999999995,0.8478704442993921,0.012567595377195762,-20.406593466666667,0.768311204109069,-21.911896,-19.600983,2.3109129999999993,-0.8512652841478315,-0.724409005287109,-0.0019198518394648815,0.034405686123745005,-0.16171259999999998,0.3261566,0.4878692,4.415310804946382,38.46651623971697,-0.002717899665551839,0.03293358993128008,-0.18814099999999812,0.20324700000000107,0.3913879999999992,0.37852528051137063,10.033430379847125,0.02443414915848758,0.04099330990041696,0.0,0.3519254618417947,0.3519254618417947,3.9998129245639364,23.504570103288376,0.0,0.0,0.0,0.0,0.0,0.0,0.0,1.0,0.0
40006,-4.127777,113.35461,-19.725266,2434.4788,-118.98926,1,1264.5048685506945,0.0,0.0044555664,0.120114386,0.0,0.0,0.0,0.0,0.0,0.0,0.0044555664,0.0,0.120114386,0.2743359589991928,0.11411477833962447,-285.5113688999999,-1335.1725699999986,0.0,0.0,0.0,0,5.0,0.009593564514703154,0.011463264188920661,-19.7170949,-4.13711084,0,0,-4.040696419666666,0.4551282614324888,-4.795868,-2.897644,1.8982239999999995,0.8478704442993921,0.012567595377195762,-20.406593466666667,0.768311204109069,-21.911896,-19.600983,2.3109129999999993,-0.8512652841478315,-0.724409005287109,-0.0019198518394648815,0.034405686123745005,-0.16171259999999998,0.3261566,0.4878692,4.415310804946382,38.46651623971697,-0.002717899665551839,0.03293358993128008,-0.18814099999999812,0.20324700000000107,0.3913879999999992,0.37852528051137063,10.033430379847125,0.02443414915848758,0.04099330990041696,0.0,0.3519254618417947,0.3519254618417947,3.9998129245639364,23.504570103288376,0.0,0.0,0.0,0.0,0.0,0.0,0.0,1.0,0.0
40007,-4.127777,113.458176,-19.725266,2434.7676,-118.99695,1,1264.5048685506945,0.0,0.0044555664,0.120114386,0.0,0.0,0.0,0.0,0.0,0.0,0.0044555664,0.0,0.120114386,0.30690469604773574,0.1236571114427201,-289.6391458999999,-1354.8978359999985,0.0,0.0,0.0,0,5.0,0.00760185366925668,0.009184665109905078,-19.7196691,-4.13412469,0,0,-4.040696419666666,0.4551282614324888,-4.795868,-2.897644,1.8982239999999995,0.8478704442993921,0.012567595377195762,-20.406593466666667,0.768311204109069,-21.911896,-19.600983,2.3109129999999993,-0.8512652841478315,-0.724409005287109,-0.0019198518394648815,0.034405686123745005,-0.16171259999999998,0.3261566,0.4878692,4.415310804946382,38.46651623971697,-0.002717899665551839,0.03293358993128008,-0.18814099999999812,0.20324700000000107,0.3913879999999992,0.37852528051137063,10.033430379847125,0.02443414915848758,0.04099330990041696,0.0,0.3519254618417947,0.3519254618417947,3.9998129245639364,23.504570103288376,0.0,0.0,0.0,0.0,0.0,0.0,0.0,1.0,0.0
40008,-4.127777,113.572914,-19.725266,2435.0872,-119.00549,1,1264.5048685506945,0.0,0.0044555664,0.120114386,0.0,0.0,0.0,0.0,0.0,0.0,0.0044555664,0.0,0.120114386,0.3396791136409166,0.12883674729801836,-293.7669228999999,-1374.6231019999984,0.0,0.0,0.0,0,4.0,0.0065668161749364955,0.006432649639465346,-19.721385700000003,-4.13158562,0,0,-4.040696419666666,0.4551282614324888,-4.795868,-2.897644,1.8982239999999995,0.8478704442993921,0.012567595377195762,-20.406593466666667,0.768311204109069,-21.911896,-19.600983,2.3109129999999993,-0.8512652841478315,-0.724409005287109,-0.0019198518394648815,0.034405686123745005,-0.16171259999999998,0.3261566,0.4878692,4.415310804946382,38.46651623971697,-0.002717899665551839,0.03293358993128008,-0.18814099999999812,0.20324700000000107,0.3913879999999992,0.37852528051137063,10.033430379847125,0.02443414915848758,0.04099330990041696,0.0,0.3519254618417947,0.3519254618417947,3.9998129245639364,23.504570103288376,0.0,0.0,0.0,0.0,0.0,0.0,0.0,1.0,0.0
40009,-4.127777,113.69854,-19.750671,2435.4375,-119.01477,1,1264.5048685506945,0.0,0.0044555664,0.120114386,0.0,-0.025404999999999234,0.0,-0.025404999999999234,0.0,-0.025404999999999234,0.0044555664,0.0,0.120114386,0.3722607960503525,0.12819939464440885,-297.89469989999986,-1394.3737729999984,0.025404999999999234,-1.0,0.0,1,4.0,0.009933096415393921,0.004588236925128938,-19.7256428,-4.12990409,0,0,-4.040696419666666,0.4551282614324888,-4.795868,-2.897644,1.8982239999999995,0.8478704442993921,0.012567595377195762,-20.406593466666667,0.768311204109069,-21.911896,-19.600983,2.3109129999999993,-0.8512652841478315,-0.724409005287109,-0.0019198518394648815,0.034405686123745005,-0.16171259999999998,0.3261566,0.4878692,4.415310804946382,38.46651623971697,-0.002717899665551839,0.03293358993128008,-0.18814099999999812,0.20324700000000107,0.3913879999999992,0.37852528051137063,10.033430379847125,0.02443414915848758,0.04099330990041696,0.0,0.3519254618417947,0.3519254618417947,3.9998129245639364,23.504570103288376,0.0,0.0,0.0,0.0,0.0,0.0,0.0,1.0,0.0
40010,-4.131897,113.83543,-19.78946,2435.8186,-119.02496,1,1264.5048685506945,0.0,0.0044555664,0.120114386,-0.004120000000000346,-0.03878899999999774,-0.004120000000000346,-0.013383999999998508,-0.004120000000000346,0.012021000000000726,0.0044555664,0.0,0.120114386,0.4050677945727705,0.11930977513065445,-302.02659689999984,-1414.1632329999984,0.039007190631982554,-1.0,-1.0,0,3.0,0.02156091972779389,0.002875104408269723,-19.733366800000002,-4.12904655,0,0,-4.040696419666666,0.4551282614324888,-4.795868,-2.897644,1.8982239999999995,0.8478704442993921,0.012567595377195762,-20.406593466666667,0.768311204109069,-21.911896,-19.600983,2.3109129999999993,-0.8512652841478315,-0.724409005287109,-0.0019198518394648815,0.034405686123745005,-0.16171259999999998,0.3261566,0.4878692,4.415310804946382,38.46651623971697,-0.002717899665551839,0.03293358993128008,-0.18814099999999812,0.20324700000000107,0.3913879999999992,0.37852528051137063,10.033430379847125,0.02443414915848758,0.04099330990041696,0.0,0.3519254618417947,0.3519254618417947,3.9998129245639364,23.504570103288376,0.0,0.0,0.0,0.0,0.0,0.0,0.0,1.0,0.0
40011,-4.1363525,113.983604,-19.836502,2436.2305,-119.03601,1,1264.5048685506945,0.0,0.0044555664,0.120114386,-0.004455499999999724,-0.04704200000000114,-0.00033549999999937796,-0.008253000000003397,0.0037845000000009676,0.005130999999995112,0.0044555664,0.0,0.120114386,0.43788040236581566,0.10012461199546888,-306.16294939999983,-1433.9997349999985,0.04725252632664316,-1.0,-1.0,0,3.0,0.0381608607439495,0.002875104408269723,-19.7453495,-4.12904655,0,0,-4.040696419666666,0.4551282614324888,-4.795868,-2.897644,1.8982239999999995,0.8478704442993921,0.012567595377195762,-20.406593466666667,0.768311204109069,-21.911896,-19.600983,2.3109129999999993,-0.8512652841478315,-0.724409005287109,-0.0019198518394648815,0.034405686123745005,-0.16171259999999998,0.3261566,0.4878692,4.415310804946382,38.46651623971697,-0.002717899665551839,0.03293358993128008,-0.18814099999999812,0.20324700000000107,0.3913879999999992,0.37852528051137063,10.033430379847125,0.02443414915848758,0.04099330990041696,0.0,0.3519254618417947,0.3519254618417947,3.9998129245639364,23.504570103288376,0.0,0.0,0.0,0.0,0.0,0.0,0.0,1.0,0.0
40012,-4.1445923,114.14304,-19.866364,2436.673,-119.04785,1,1264.5048685506945,0.0,0.0044555664,0.120114386,-0.00823980000000013,-0.029862000000001387,-0.0037843000000004068,0.01717999999999975,-0.003448800000001029,0.025433000000003148,0.0044555664,0.0,0.120114386,0.4704957743653962,0.09900010146914885,-310.30754169999983,-1453.8660989999985,0.030977949384039045,1.0,-1.0,1,4.0,0.05307914354168416,0.00563894378089697,-19.7594593,-4.13072808,0,0,-4.040696419666666,0.4551282614324888,-4.795868,-2.897644,1.8982239999999995,0.8478704442993921,0.012567595377195762,-20.406593466666667,0.768311204109069,-21.911896,-19.600983,2.3109129999999993,-0.8512652841478315,-0.724409005287109,-0.0019198518394648815,0.034405686123745005,-0.16171259999999998,0.3261566,0.4878692,4.415310804946382,38.46651623971697,-0.002717899665551839,0.03293358993128008,-0.18814099999999812,0.20324700000000107,0.3913879999999992,0.37852528051137063,10.033430379847125,0.02443414915848758,0.04099330990041696,0.0,0.3519254618417947,0.3519254618417947,3.9998129245639364,23.504570103288376,0.0,0.0,0.0,0.0,0.0,0.0,0.0,1.0,0.0
40013,-4.1445923,114.31372,-19.883545,2437.1465,-119.060486,1,1264.5048685506945,0.0,0.0044555664,0.120114386,0.0,-0.01718100000000078,0.00823980000000013,0.012681000000000608,0.012024100000000537,-0.004498999999999143,0.0044555664,0.0,0.120114386,0.503481460330027,0.09907540909285947,-314.45213399999983,-1473.7496439999984,0.01718100000000078,1.0,1.0,0,3.0,0.06418671921092993,0.0070032649077256155,-19.7752872,-4.132409610000001,0,0,-4.040696419666666,0.4551282614324888,-4.795868,-2.897644,1.8982239999999995,0.8478704442993921,0.012567595377195762,-20.406593466666667,0.768311204109069,-21.911896,-19.600983,2.3109129999999993,-0.8512652841478315,-0.724409005287109,-0.0019198518394648815,0.034405686123745005,-0.16171259999999998,0.3261566,0.4878692,4.415310804946382,38.46651623971697,-0.002717899665551839,0.03293358993128008,-0.18814099999999812,0.20324700000000107,0.3913879999999992,0.37852528051137063,10.033430379847125,0.02443414915848758,0.04099330990041696,0.0,0.3519254618417947,0.3519254618417947,3.9998129245639364,23.504570103288376,0.0,0.0,0.0,0.0,0.0,0.0,0.0,1.0,0.0
40014,-4.1445923,114.49562,-19.89212,2437.6506,-119.074036,1,1264.5048685506945,0.0,0.0044555664,0.120114386,0.0,-0.00857499999999689,0.0,0.008606000000003888,-0.00823980000000013,-0.00407499999999672,0.0044555664,0.0,0.120114386,0.5360858350116224,0.09908805826706425,-318.59672629999983,-1493.6417639999984,0.00857499999999689,1.0,0.0,0,2.0,0.07105801329614878,0.00774663298275098,-19.7919726,-4.134091140000001,0,1,-4.040696419666666,0.4551282614324888,-4.795868,-2.897644,1.8982239999999995,0.8478704442993921,0.012567595377195762,-20.406593466666667,0.768311204109069,-21.911896,-19.600983,2.3109129999999993,-0.8512652841478315,-0.724409005287109,-0.0019198518394648815,0.034405686123745005,-0.16171259999999998,0.3261566,0.4878692,4.415310804946382,38.46651623971697,-0.002717899665551839,0.03293358993128008,-0.18814099999999812,0.20324700000000107,0.3913879999999992,0.37852528051137063,10.033430379847125,0.02443414915848758,0.04099330990041696,0.0,0.3519254618417947,0.3519254618417947,3.9998129245639364,23.504570103288376,0.0,0.0,0.0,0.0,0.0,0.0,0.0,1.0,0.0
40015,-4.149048,114.68874,-19.900696,2438.1855,-119.08838,1,1264.5048685506945,0.0,0.0044555664,0.120114386,-0.004455699999999396,-0.008576000000001471,-0.004455699999999396,-1.00000000458067e-06,-0.004455699999999396,-0.008607000000008469,0.0044555664,0.0,0.120114386,0.5688752892648016,0.0991170828548147,-322.7457742999998,-1513.5424599999983,0.009664421270309973,-1.0,-1.0,1,3.0,0.07433902072140486,0.008683871743672366,-19.8095156,-4.13621824,0,0,-4.040696419666666,0.4551282614324888,-4.795868,-2.897644,1.8982239999999995,0.8478704442993921,0.012567595377195762,-20.406593466666667,0.768311204109069,-21.911896,-19.600983,2.3109129999999993,-0.8512652841478315,-0.724409005287109,-0.0019198518394648815,0.034405686123745005,-0.16171259999999998,0.3261566,0.4878692,4.415310804946382,38.46651623971697,-0.002717899665551839,0.03293358993128008,-0.18814099999999812,0.20324700000000107,0.3913879999999992,0.37852528051137063,10.033430379847125,0.02443414915848758,0.04099330990041696,0.0,0.3519254618417947,0.3519254618417947,3.9998129245639364,23.504570103288376,0.0,0.0,0.0,0.0,0.0,0.0,0.0,1.0,0.0
40016,-4.149048,114.89309,-19.904816,2438.7512,-119.103516,1,1264.5048685506945,0.0,0.0044555664,0.120114386,0.0,-0.004120000000000346,0.004455699999999396,0.004456000000001126,0.008911399999998793,0.004457000000005706,0.0044555664,0.0,0.120114386,0.6016681070125972,0.0991643020346221,-326.8948222999998,-1533.4472759999983,0.004120000000000346,1.0,1.0,1,4.0,0.07340675181355621,0.008986343471963622,-19.8274706,-4.13834534,0,0,-4.040696419666666,0.4551282614324888,-4.795868,-2.897644,1.8982239999999995,0.8478704442993921,0.012567595377195762,-20.406593466666667,0.768311204109069,-21.911896,-19.600983,2.3109129999999993,-0.8512652841478315,-0.724409005287109,-0.0019198518394648815,0.034405686123745005,-0.16171259999999998,0.3261566,0.4878692,4.415310804946382,38.46651623971697,-0.002717899665551839,0.03293358993128008,-0.18814099999999812,0.20324700000000107,0.3913879999999992,0.37852528051137063,10.033430379847125,0.02443414915848758,0.04099330990041696,0.0,0.3519254618417947,0.3519254618417947,3.9998129245639364,23.504570103288376,0.0,0.0,0.0,0.0,0.0,0.0,0.0,1.0,0.0
40017,-4.149048,115.1073,-19.908936,2439.3438,-119.119446,1,1264.5048685506945,0.0,0.0044555664,0.120114386,0.0,-0.004120000000000346,0.0,0.0,-0.004455699999999396,-0.004456000000001126,0.0044555664,0.0,0.120114386,0.6303288419546859,0.09851189840333859,-331.0438702999998,-1553.3562119999983,0.004120000000000346,0.0,0.0,1,5.0,0.06775308533552725,0.008720352296558844,-19.8458376,-4.14047244,0,0,-4.040696419666666,0.4551282614324888,-4.795868,-2.897644,1.8982239999999995,0.8478704442993921,0.012567595377195762,-20.406593466666667,0.768311204109069,-21.911896,-19.600983,2.3109129999999993,-0.8512652841478315,-0.724409005287109,-0.0019198518394648815,0.034405686123745005,-0.16171259999999998,0.3261566,0.4878692,4.415310804946382,38.46651623971697,-0.002717899665551839,0.03293358993128008,-0.18814099999999812,0.20324700000000107,0.3913879999999992,0.37852528051137063,10.033430379847125,0.02443414915848758,0.04099330990041696,0.0,0.3519254618417947,0.3519254618417947,3.9998129245639364,23.504570103288376,0.0,0.0,0.0,0.0,0.0,0.0,0.0,1.0,0.0
40018,-4.149048,115.328415,-19.908936,2439.9556,-119.135864,1,1264.5048685506945,0.0,0.0044555664,0.120114386,0.0,0.0,0.0,0.004120000000000346,0.0,0.004120000000000346,0.0044555664,0.0,0.120114386,0.6507385296327612,0.0960510552254046,-335.1929182999998,-1573.2651479999984,0.0,1.0,0.0,1,6.0,0.0551611332757085,0.007828164152631127,-19.8642046,-4.14259954,0,1,-4.040696419666666,0.4551282614324888,-4.795868,-2.897644,1.8982239999999995,0.8478704442993921,0.012567595377195762,-20.406593466666667,0.768311204109069,-21.911896,-19.600983,2.3109129999999993,-0.8512652841478315,-0.724409005287109,-0.0019198518394648815,0.034405686123745005,-0.16171259999999998,0.3261566,0.4878692,4.415310804946382,38.46651623971697,-0.002717899665551839,0.03293358993128008,-0.18814099999999812,0.20324700000000107,0.3913879999999992,0.37852528051137063,10.033430379847125,0.02443414915848758,0.04099330990041696,0.0,0.3519254618417947,0.3519254618417947,3.9998129245639364,23.504570103288376,0.0,0.0,0.0,0.0,0.0,0.0,0.0,1.0,0.0
40019,-4.149048,115.47055,-19.913406,2440.3489,-119.146484,1,1264.5048685506945,0.0,0.0044555664,0.120114386,0.0,-0.0044699999999977535,0.0,-0.0044699999999977535,0.0,-0.0085899999999981,0.0044555664,0.0,0.120114386,0.4183300522615384,0.08915835681045171,-339.3419662999998,-1593.1785539999983,0.0044699999999977535,-1.0,0.0,1,6.0,0.039815389303968905,0.006038310895393091,-19.8804781,-4.14472664,0,0,-4.040696419666666,0.4551282614324888,-4.795868,-2.897644,1.8982239999999995,0.8478704442993921,0.012567595377195762,-20.406593466666667,0.768311204109069,-21.911896,-19.600983,2.3109129999999993,-0.8512652841478315,-0.724409005287109,-0.0019198518394648815,0.034405686123745005,-0.16171259999999998,0.3261566,0.4878692,4.415310804946382,38.46651623971697,-0.002717899665551839,0.03293358993128008,-0.18814099999999812,0.20324700000000107,0.3913879999999992,0.37852528051137063,10.033430379847125,0.02443414915848758,0.04099330990041696,0.0,0.3519254618417947,0.3519254618417947,3.9998129245639364,23.504570103288376,0.0,0.0,0.0,0.0,0.0,0.0,0.0,1.0,0.0
40020,-4.149048,115.53381,-19.917526,2440.524,-119.15112,1,1264.5048685506945,0.0,0.0044555664,0.120114386,0.0,-0.004120000000000346,0.0,0.00034999999999740794,0.0,0.0048199999999951615,0.0044555664,0.0,0.120114386,0.18623461036009198,0.13578928781781896,-343.4910142999998,-1613.0960799999982,0.004120000000000346,1.0,0.0,1,7.0,0.02520041745693648,0.004120539283000875,-19.8932847,-4.14644174,0,1,-4.040696419666666,0.4551282614324888,-4.795868,-2.897644,1.8982239999999995,0.8478704442993921,0.012567595377195762,-20.406593466666667,0.768311204109069,-21.911896,-19.600983,2.3109129999999993,-0.8512652841478315,-0.724409005287109,-0.0019198518394648815,0.034405686123745005,-0.16171259999999998,0.3261566,0.4878692,4.415310804946382,38.46651623971697,-0.002717899665551839,0.03293358993128008,-0.18814099999999812,0.20324700000000107,0.3913879999999992,0.37852528051137063,10.033430379847125,0.02443414915848758,0.04099330990041696,0.0,0.3519254618417947,0.3519254618417947,3.9998129245639364,23.504570103288376,0.0,0.0,0.0,0.0,0.0,0.0,0.0,1.0,0.0
40021,-4.149048,115.56227,-19.921997,2440.6023,-119.15326,1,1264.5048685506945,0.0,0.0044555664,0.120114386,0.0,-0.004471000000002334,0.0,-0.0003510000000019886,0.0,-0.0007009999999993966,0.0044555664,0.0,0.120114386,0.08333931365219872,0.1895661669863695,-347.6400622999998,-1633.0180769999981,0.004471000000002334,-1.0,0.0,1,8.0,0.016946749965477955,0.0021523075789527213,-19.9018342,-4.14771129,0,0,-4.040696419666666,0.4551282614324888,-4.795868,-2.897644,1.8982239999999995,0.8478704442993921,0.012567595377195762,-20.406593466666667,0.768311204109069,-21.911896,-19.600983,2.3109129999999993,-0.8512652841478315,-0.724409005287109,-0.0019198518394648815,0.034405686123745005,-0.16171259999999998,0.3261566,0.4878692,4.415310804946382,38.46651623971697,-0.002717899665551839,0.03293358993128008,-0.18814099999999812,0.20324700000000107,0.3913879999999992,0.37852528051137063,10.033430379847125,0.02443414915848758,0.04099330990041696,0.0,0.3519254618417947,0.3519254618417947,3.9998129245639364,23.504570103288376,0.0,0.0,0.0,0.0,0.0,0.0,0.0,1.0,0.0
40022,-4.149048,115.56227,-19.930573,2440.6023,-119.15326,1,1264.5048685506945,0.0,0.0044555664,0.120114386,0.0,-0.008575999999997919,0.0,-0.004104999999995584,0.0,-0.003753999999993596,0.0044555664,0.0,0.120114386,0.0,0.23977684688693723,-351.7891102999998,-1652.9486499999982,0.008575999999997919,-1.0,0.0,0,7.0,0.013905374575759796,0.0018786880760770668,-19.908255099999998,-4.14815686,0,0,-4.040696419666666,0.4551282614324888,-4.795868,-2.897644,1.8982239999999995,0.8478704442993921,0.012567595377195762,-20.406593466666667,0.768311204109069,-21.911896,-19.600983,2.3109129999999993,-0.8512652841478315,-0.724409005287109,-0.0019198518394648815,0.034405686123745005,-0.16171259999999998,0.3261566,0.4878692,4.415310804946382,38.46651623971697,-0.002717899665551839,0.03293358993128008,-0.18814099999999812,0.20324700000000107,0.3913879999999992,0.37852528051137063,10.033430379847125,0.02443414915848758,0.04099330990041696,0.0,0.3519254618417947,0.3519254618417947,3.9998129245639364,23.504570103288376,0.0,0.0,0.0,0.0,0.0,0.0,0.0,1.0,0.0
40023,-4.149048,115.56227,-19.934692,2440.6023,-119.15326,1,1264.5048685506945,0.0,0.0044555664,0.120114386,0.0,-0.004118999999999318,0.0,0.004456999999998601,0.0,0.008561999999994185,0.0044555664,0.0,0.120114386,0.0,0.27068053194310526,-355.93815829999977,-1672.8833419999983,0.004118999999999318,1.0,0.0,1,8.0,0.01319492350838034,0.0014090160570703377,-19.913369799999998,-4.1486024299999995,0,1,-4.040696419666666,0.4551282614324888,-4.795868,-2.897644,1.8982239999999995,0.8478704442993921,0.012567595377195762,-20.406593466666667,0.768311204109069,-21.911896,-19.600983,2.3109129999999993,-0.8512652841478315,-0.724409005287109,-0.0019198518394648815,0.034405686123745005,-0.16171259999999998,0.3261566,0.4878692,4.415310804946382,38.46651623971697,-0.002717899665551839,0.03293358993128008,-0.18814099999999812,0.20324700000000107,0.3913879999999992,0.37852528051137063,10.033430379847125,0.02443414915848758,0.04099330990041696,0.0,0.3519254618417947,0.3519254618417947,3.9998129245639364,23.504570103288376,0.0,0.0,0.0,0.0,0.0,0.0,0.0,1.0,0.0
40024,-4.149048,115.56227,-19.939148,2440.6023,-119.15326,1,1264.5048685506945,0.0,0.0044555664,0.120114386,0.0,-0.004456000000001126,0.0,-0.0003370000000018081,0.0,-0.004794000000000409,0.0044555664,0.0,0.120114386,0.0,0.28623459875802354,-360.08720629999976,-1692.8224899999982,0.004456000000001126,-1.0,0.0,1,9.0,0.013160346053903822,0.0,-19.918072600000002,-4.149048,0,0,-4.040696419666666,0.4551282614324888,-4.795868,-2.897644,1.8982239999999995,0.8478704442993921,0.012567595377195762,-20.406593466666667,0.768311204109069,-21.911896,-19.600983,2.3109129999999993,-0.8512652841478315,-0.724409005287109,-0.0019198518394648815,0.034405686123745005,-0.16171259999999998,0.3261566,0.4878692,4.415310804946382,38.46651623971697,-0.002717899665551839,0.03293358993128008,-0.18814099999999812,0.20324700000000107,0.3913879999999992,0.37852528051137063,10.033430379847125,0.02443414915848758,0.04099330990041696,0.0,0.3519254618417947,0.3519254618417947,3.9998129245639364,23.504570103288376,0.0,0.0,0.0,0.0,0.0,0.0,0.0,1.0,0.0
40025,-4.149048,115.56227,-19.947739,2440.6023,-119.15326,1,1264.5048685506945,0.0,0.0044555664,0.120114386,0.0,-0.008590999999999127,0.0,-0.004134999999998001,0.0,-0.0037979999999961933,0.0044555664,0.0,0.120114386,0.0,0.28647080075567477,-364.23625429999976,-1712.7702289999982,0.008590999999999127,-1.0,0.0,0,8.0,0.014589178070005237,0.0,-19.9227769,-4.149048,0,0,-4.040696419666666,0.4551282614324888,-4.795868,-2.897644,1.8982239999999995,0.8478704442993921,0.012567595377195762,-20.406593466666667,0.768311204109069,-21.911896,-19.600983,2.3109129999999993,-0.8512652841478315,-0.724409005287109,-0.0019198518394648815,0.034405686123745005,-0.16171259999999998,0.3261566,0.4878692,4.415310804946382,38.46651623971697,-0.002717899665551839,0.03293358993128008,-0.18814099999999812,0.20324700000000107,0.3913879999999992,0.37852528051137063,10.033430379847125,0.02443414915848758,0.04099330990041696,0.0,0.3519254618417947,0.3519254618417947,3.9998129245639364,23.504570103288376,0.0,0.0,0.0,0.0,0.0,0.0,0.0,1.0,0.0
40026,-4.149048,115.55623,-19.951859,2440.6045,-119.15283,1,1264.5048685506945,0.0,0.0044555664,0.120114386,0.0,-0.004120000000000346,0.0,0.0044709999999987815,0.0,0.008605999999996783,0.0044555664,0.0,0.120114386,0.0064425538414174584,0.2681664874798767,-368.38530229999975,-1732.7220879999982,0.004120000000000346,1.0,0.0,1,8.0,0.015696663755656586,0.0,-19.9274812,-4.149048,0,1,-4.040696419666666,0.4551282614324888,-4.795868,-2.897644,1.8982239999999995,0.8478704442993921,0.012567595377195762,-20.406593466666667,0.768311204109069,-21.911896,-19.600983,2.3109129999999993,-0.8512652841478315,-0.724409005287109,-0.0019198518394648815,0.034405686123745005,-0.16171259999999998,0.3261566,0.4878692,4.415310804946382,38.46651623971697,-0.002717899665551839,0.03293358993128008,-0.18814099999999812,0.20324700000000107,0.3913879999999992,0.37852528051137063,10.033430379847125,0.02443414915848758,0.04099330990041696,0.0,0.3519254618417947,0.3519254618417947,3.9998129245639364,23.504570103288376,0.0,0.0,0.0,0.0,0.0,0.0,0.0,1.0,0.0
40027,-4.149048,115.428566,-19.95633,2440.651,-119.14331,1,1264.5048685506945,0.0,0.0044555664,0.120114386,0.0,-0.004471000000002334,0.0,-0.0003510000000019886,0.0,-0.00482200000000077,0.0044555664,0.0,0.120114386,0.1362019724379633,0.22092250891143408,-372.53435029999974,-1752.6784179999981,0.004471000000002334,-1.0,0.0,1,8.0,0.01660380469223791,0.0,-19.9322206,-4.149048,0,0,-4.040696419666666,0.4551282614324888,-4.795868,-2.897644,1.8982239999999995,0.8478704442993921,0.012567595377195762,-20.406593466666667,0.768311204109069,-21.911896,-19.600983,2.3109129999999993,-0.8512652841478315,-0.724409005287109,-0.0019198518394648815,0.034405686123745005,-0.16171259999999998,0.3261566,0.4878692,4.415310804946382,38.46651623971697,-0.002717899665551839,0.03293358993128008,-0.18814099999999812,0.20324700000000107,0.3913879999999992,0.37852528051137063,10.033430379847125,0.02443414915848758,0.04099330990041696,0.0,0.3519254618417947,0.3519254618417947,3.9998129245639364,23.504570103288376,0.0,0.0,0.0,0.0,0.0,0.0,0.0,1.0,0.0
40028,-4.149048,115.26482,-19.96457,2440.7102,-119.131165,1,1264.5048685506945,0.0,0.0044555664,0.120114386,0.0,-0.008239999999997139,0.0,-0.0037689999999948043,0.0,-0.0034179999999928157,0.0044555664,0.0,0.120114386,0.17454195352699156,0.1352633229288528,-376.68339829999974,-1772.6429879999982,0.008239999999997139,-1.0,0.0,0,7.0,0.01724327198880792,0.0,-19.937784,-4.149048,0,0,-4.040696419666666,0.4551282614324888,-4.795868,-2.897644,1.8982239999999995,0.8478704442993921,0.012567595377195762,-20.406593466666667,0.768311204109069,-21.911896,-19.600983,2.3109129999999993,-0.8512652841478315,-0.724409005287109,-0.0019198518394648815,0.034405686123745005,-0.16171259999999998,0.3261566,0.4878692,4.415310804946382,38.46651623971697,-0.002717899665551839,0.03293358993128008,-0.18814099999999812,0.20324700000000107,0.3913879999999992,0.37852528051137063,10.033430379847125,0.02443414915848758,0.04099330990041696,0.0,0.3519254618417947,0.3519254618417947,3.9998129245639364,23.504570103288376,0.0,0.0,0.0,0.0,0.0,0.0,0.0,1.0,0.0
40029,-4.1531677,115.07029,-19.973145,2440.7808,-119.1167,1,1264.5048685506945,0.0,0.0044555664,0.120114386,-0.0041197000000003925,-0.008575000000000443,-0.0041197000000003925,-0.0003350000000033049,-0.0041197000000003925,0.0034339999999914994,0.0044555664,0.0,0.120114386,0.20745003524945954,0.08859686701604529,-380.8365659999997,-1792.6161329999982,0.009513282981705676,-1.0,-1.0,0,6.0,0.018181836127845064,0.0013027635276901845,-19.943757899999998,-4.14945997,0,0,-4.040696419666666,0.4551282614324888,-4.795868,-2.897644,1.8982239999999995,0.8478704442993921,0.012567595377195762,-20.406593466666667,0.768311204109069,-21.911896,-19.600983,2.3109129999999993,-0.8512652841478315,-0.724409005287109,-0.0019198518394648815,0.034405686123745005,-0.16171259999999998,0.3261566,0.4878692,4.415310804946382,38.46651623971697,-0.002717899665551839,0.03293358993128008,-0.18814099999999812,0.20324700000000107,0.3913879999999992,0.37852528051137063,10.033430379847125,0.02443414915848758,0.04099330990041696,0.0,0.3519254618417947,0.3519254618417947,3.9998129245639364,23.504570103288376,0.0,0.0,0.0,0.0,0.0,0.0,0.0,1.0,0.0
40030,-4.1576385,114.845,-19.98619,2440.8625,-119.099976,1,1264.5048685506945,0.0,0.0044555664,0.120114386,-0.004470799999999997,-0.01304500000000175,-0.0003510999999996045,-0.004470000000001306,0.003768600000000788,-0.004134999999998001,0.0044555664,0.0,0.120114386,0.24022940343769372,0.09707001502588167,-384.99420449999974,-1812.6023229999983,0.013789854155865667,-1.0,-1.0,0,5.0,0.02004469596791859,0.0028793074000663947,-19.9506243,-4.1503190199999995,0,0,-4.040696419666666,0.4551282614324888,-4.795868,-2.897644,1.8982239999999995,0.8478704442993921,0.012567595377195762,-20.406593466666667,0.768311204109069,-21.911896,-19.600983,2.3109129999999993,-0.8512652841478315,-0.724409005287109,-0.0019198518394648815,0.034405686123745005,-0.16171259999999998,0.3261566,0.4878692,4.415310804946382,38.46651623971697,-0.002717899665551839,0.03293358993128008,-0.18814099999999812,0.20324700000000107,0.3913879999999992,0.37852528051137063,10.033430379847125,0.02443414915848758,0.04099330990041696,0.0,0.3519254618417947,0.3519254618417947,3.9998129245639364,23.504570103288376,0.0,0.0,0.0,0.0,0.0,0.0,0.0,1.0,0.0
40031,-4.1617584,114.58894,-19.998901,2440.9556,-119.08093,1,1264.5048685506945,0.0,0.0044555664,0.120114386,-0.004119900000000065,-0.012710999999999473,0.0003508999999999318,0.0003340000000022769,0.0007019999999995363,0.004804000000003583,0.0044555664,0.0,0.120114386,0.27312466698547616,0.11385063260433521,-389.15596289999974,-1832.6012239999982,0.013362001983609609,1.0,1.0,1,5.0,0.022449457959343697,0.004566815034872829,-19.9583147,-4.151590059999999,1,1,-4.040696419666666,0.4551282614324888,-4.795868,-2.897644,1.8982239999999995,0.8478704442993921,0.012567595377195762,-20.406593466666667,0.768311204109069,-21.911896,-19.600983,2.3109129999999993,-0.8512652841478315,-0.724409005287109,-0.0019198518394648815,0.034405686123745005,-0.16171259999999998,0.3261566,0.4878692,4.415310804946382,38.46651623971697,-0.002717899665551839,0.03293358993128008,-0.18814099999999812,0.20324700000000107,0.3913879999999992,0.37852528051137063,10.033430379847125,0.02443414915848758,0.04099330990041696,0.0,0.3519254618417947,0.3519254618417947,3.9998129245639364,23.504570103288376,0.0,0.0,0.0,0.0,0.0,0.0,0.0,1.0,0.0
40032,-4.170349,114.30213,-20.016052,2441.0598,-119.05963,1,1264.5048685506945,0.0,0.0044555664,0.120114386,-0.008590599999999782,-0.017150999999998362,-0.004470699999999717,-0.004439999999998889,-0.004821599999999648,-0.004774000000001166,0.0044555664,0.0,0.120114386,0.3058942727480181,0.12354432373166188,-393.3263118999997,-1852.6172759999981,0.019182158620967036,-1.0,-1.0,1,6.0,0.02660227937667745,0.007361798518512824,-19.9668626,-4.15372016,0,0,-4.040696419666666,0.4551282614324888,-4.795868,-2.897644,1.8982239999999995,0.8478704442993921,0.012567595377195762,-20.406593466666667,0.768311204109069,-21.911896,-19.600983,2.3109129999999993,-0.8512652841478315,-0.724409005287109,-0.0019198518394648815,0.034405686123745005,-0.16171259999999998,0.3261566,0.4878692,4.415310804946382,38.46651623971697,-0.002717899665551839,0.03293358993128008,-0.18814099999999812,0.20324700000000107,0.3913879999999992,0.37852528051137063,10.033430379847125,0.02443414915848758,0.04099330990041696,0.0,0.3519254618417947,0.3519254618417947,3.9998129245639364,23.504570103288376,0.0,0.0,0.0,0.0,0.0,0.0,0.0,1.0,0.0
40033,-4.1748047,113.98456,-20.024643,2441.1753,-119.03607,1,1264.5048685506945,0.0,0.0044555664,0.120114386,-0.004455700000000284,-0.00859100000000268,0.004134899999999497,0.008559999999995682,0.008605599999999214,0.012999999999994571,0.0044555664,0.0,0.120114386,0.33874183163579824,0.12892470727354086,-397.5011165999997,-1872.641918999998,0.009677734419276475,1.0,1.0,1,6.0,0.029559056314833614,0.009684768598747086,-19.9758577,-4.1562958299999995,1,1,-4.040696419666666,0.4551282614324888,-4.795868,-2.897644,1.8982239999999995,0.8478704442993921,0.012567595377195762,-20.406593466666667,0.768311204109069,-21.911896,-19.600983,2.3109129999999993,-0.8512652841478315,-0.724409005287109,-0.0019198518394648815,0.034405686123745005,-0.16171259999999998,0.3261566,0.4878692,4.415310804946382,38.46651623971697,-0.002717899665551839,0.03293358993128008,-0.18814099999999812,0.20324700000000107,0.3913879999999992,0.37852528051137063,10.033430379847125,0.02443414915848758,0.04099330990041696,0.0,0.3519254618417947,0.3519254618417947,3.9998129245639364,23.504570103288376,0.0,0.0,0.0,0.0,0.0,0.0,0.0,1.0,0.0
40034,-4.18338,113.63623,-20.037354,2441.302,-119.01019,1,1264.5048685506945,0.0,0.0044555664,0.120114386,-0.008575299999999508,-0.012710999999999473,-0.004119599999999224,-0.004119999999996793,-0.008254499999998721,-0.012679999999992475,0.0044555664,0.0,0.120114386,0.37155948823851576,0.12858453636239786,-401.6844965999997,-1892.6792729999981,0.015333143548861014,-1.0,-1.0,1,6.0,0.032203159417137195,0.012504689288340058,-19.985678299999996,-4.159729029999999,0,0,-4.040696419666666,0.4551282614324888,-4.795868,-2.897644,1.8982239999999995,0.8478704442993921,0.012567595377195762,-20.406593466666667,0.768311204109069,-21.911896,-19.600983,2.3109129999999993,-0.8512652841478315,-0.724409005287109,-0.0019198518394648815,0.034405686123745005,-0.16171259999999998,0.3261566,0.4878692,4.415310804946382,38.46651623971697,-0.002717899665551839,0.03293358993128008,-0.18814099999999812,0.20324700000000107,0.3913879999999992,0.37852528051137063,10.033430379847125,0.02443414915848758,0.04099330990041696,0.0,0.3519254618417947,0.3519254618417947,3.9998129245639364,23.504570103288376,0.0,0.0,0.0,0.0,0.0,0.0,0.0,1.0,0.0
40035,-4.18338,113.25714,-20.04181,2441.44,-118.981995,1,1264.5048685506945,0.0,0.0044555664,0.120114386,0.0,-0.004456000000001126,0.008575299999999508,0.008254999999998347,0.012694899999998732,0.01237499999999514,0.0044555664,0.0,0.120114386,0.4044109124701889,0.12011668082065823,-405.8678765999997,-1912.721082999998,0.004456000000001126,1.0,1.0,1,7.0,0.03359866605207299,0.013883325912207593,-19.9950854,-4.16316223,1,1,-4.040696419666666,0.4551282614324888,-4.795868,-2.897644,1.8982239999999995,0.8478704442993921,0.012567595377195762,-20.406593466666667,0.768311204109069,-21.911896,-19.600983,2.3109129999999993,-0.8512652841478315,-0.724409005287109,-0.0019198518394648815,0.034405686123745005,-0.16171259999999998,0.3261566,0.4878692,4.415310804946382,38.46651623971697,-0.002717899665551839,0.03293358993128008,-0.18814099999999812,0.20324700000000107,0.3913879999999992,0.37852528051137063,10.033430379847125,0.02443414915848758,0.04099330990041696,0.0,0.3519254618417947,0.3519254618417947,3.9998129245639364,23.504570103288376,0.0,0.0,0.0,0.0,0.0,0.0,0.0,1.0,0.0
40036,-4.1875,112.84729,-20.050385,2441.589,-118.95154,1,1264.5048685506945,0.0,0.0044555664,0.120114386,-0.004120000000000346,-0.00857499999999689,-0.004120000000000346,-0.004118999999995765,-0.012695299999999854,-0.012373999999994112,0.0044555664,0.0,0.120114386,0.43715618436088877,0.10031865740000619,-410.0553765999997,-1932.771467999998,0.009513412899687972,-1.0,-1.0,1,7.0,0.03395850422027649,0.014832324217139283,-20.004938,-4.16700743,0,0,-4.040696419666666,0.4551282614324888,-4.795868,-2.897644,1.8982239999999995,0.8478704442993921,0.012567595377195762,-20.406593466666667,0.768311204109069,-21.911896,-19.600983,2.3109129999999993,-0.8512652841478315,-0.724409005287109,-0.0019198518394648815,0.034405686123745005,-0.16171259999999998,0.3261566,0.4878692,4.415310804946382,38.46651623971697,-0.002717899665551839,0.03293358993128008,-0.18814099999999812,0.20324700000000107,0.3913879999999992,0.37852528051137063,10.033430379847125,0.02443414915848758,0.04099330990041696,0.0,0.3519254618417947,0.3519254618417947,3.9998129245639364,23.504570103288376,0.0,0.0,0.0,0.0,0.0,0.0,0.0,1.0,0.0
40037,-4.19162,112.40668,-20.054504,2441.7495,-118.91882,1,1264.5048685506945,0.0,0.0044555664,0.120114386,-0.004120000000000346,-0.00411900000000287,0.0,0.00445599999999402,0.004120000000000346,0.008574999999989785,0.0044555664,0.0,0.120114386,0.4700723566643668,0.09939457896042765,-414.2469965999997,-1952.825971999998,0.005825852813110412,1.0,0.0,1,7.0,0.032504456693242464,0.015209574955054914,-20.014755400000002,-4.1712646300000005,0,1,-4.040696419666666,0.4551282614324888,-4.795868,-2.897644,1.8982239999999995,0.8478704442993921,0.012567595377195762,-20.406593466666667,0.768311204109069,-21.911896,-19.600983,2.3109129999999993,-0.8512652841478315,-0.724409005287109,-0.0019198518394648815,0.034405686123745005,-0.16171259999999998,0.3261566,0.4878692,4.415310804946382,38.46651623971697,-0.002717899665551839,0.03293358993128008,-0.18814099999999812,0.20324700000000107,0.3913879999999992,0.37852528051137063,10.033430379847125,0.02443414915848758,0.04099330990041696,0.0,0.3519254618417947,0.3519254618417947,3.9998129245639364,23.504570103288376,0.0,0.0,0.0,0.0,0.0,0.0,0.0,1.0,0.0
40038,-4.1960907,111.96353,-20.063095,2441.911,-118.885864,1,1264.5048685506945,0.0,0.0044555664,0.120114386,-0.004470699999999717,-0.008590999999999127,-0.00035069999999937096,-0.004471999999996257,-0.00035069999999937096,-0.008927999999990277,0.0044555664,0.0,0.120114386,0.47281103036629923,0.09476721365879658,-418.4430872999997,-1972.889066999998,0.009684649683389815,-1.0,-1.0,1,8.0,0.030470901122226703,0.0148452539126511,-20.0246079,-4.1759689,0,0,-4.040696419666666,0.4551282614324888,-4.795868,-2.897644,1.8982239999999995,0.8478704442993921,0.012567595377195762,-20.406593466666667,0.768311204109069,-21.911896,-19.600983,2.3109129999999993,-0.8512652841478315,-0.724409005287109,-0.0019198518394648815,0.034405686123745005,-0.16171259999999998,0.3261566,0.4878692,4.415310804946382,38.46651623971697,-0.002717899665551839,0.03293358993128008,-0.18814099999999812,0.20324700000000107,0.3913879999999992,0.37852528051137063,10.033430379847125,0.02443414915848758,0.04099330990041696,0.0,0.3519254618417947,0.3519254618417947,3.9998129245639364,23.504570103288376,0.0,0.0,0.0,0.0,0.0,0.0,0.0,1.0,0.0
40039,-4.2002106,111.61099,-20.075806,2442.0393,-118.85968,1,1264.5048685506945,0.0,0.0044555664,0.120114386,-0.004119900000000065,-0.012710999999999473,0.0003507999999996514,-0.004120000000000346,0.0007014999999990224,0.00035199999999591114,0.0044555664,0.0,0.120114386,0.37607305600902313,0.08001386244194604,-422.6432978999997,-1992.964872999998,0.013362001983609609,-1.0,1.0,0,8.0,0.02843153494098362,0.01425909427928009,-20.034874000000002,-4.18067319,0,0,-4.040696419666666,0.4551282614324888,-4.795868,-2.897644,1.8982239999999995,0.8478704442993921,0.012567595377195762,-20.406593466666667,0.768311204109069,-21.911896,-19.600983,2.3109129999999993,-0.8512652841478315,-0.724409005287109,-0.0019198518394648815,0.034405686123745005,-0.16171259999999998,0.3261566,0.4878692,4.415310804946382,38.46651623971697,-0.002717899665551839,0.03293358993128008,-0.18814099999999812,0.20324700000000107,0.3913879999999992,0.37852528051137063,10.033430379847125,0.02443414915848758,0.04099330990041696,0.0,0.3519254618417947,0.3519254618417947,3.9998129245639364,23.504570103288376,0.0,0.0,0.0,0.0,0.0,0.0,0.0,1.0,0.0
40040,-4.2002106,111.37708,-20.084381,2442.1245,-118.84235,1,1264.5048685506945,0.0,0.0044555664,0.120114386,0.0,-0.008575000000000443,0.004119900000000065,0.004135999999999029,0.003769100000000414,0.008255999999999375,0.0044555664,0.0,0.120114386,0.2495461019531163,0.07838545384931514,-426.8435084999997,-2013.049253999998,0.008575000000000443,1.0,1.0,1,9.0,0.02664964781256249,0.01290895900467507,-20.0446931,-4.1849304,1,1,-4.040696419666666,0.4551282614324888,-4.795868,-2.897644,1.8982239999999995,0.8478704442993921,0.012567595377195762,-20.406593466666667,0.768311204109069,-21.911896,-19.600983,2.3109129999999993,-0.8512652841478315,-0.724409005287109,-0.0019198518394648815,0.034405686123745005,-0.16171259999999998,0.3261566,0.4878692,4.415310804946382,38.46651623971697,-0.002717899665551839,0.03293358993128008,-0.18814099999999812,0.20324700000000107,0.3913879999999992,0.37852528051137063,10.033430379847125,0.02443414915848758,0.04099330990041696,0.0,0.3519254618417947,0.3519254618417947,3.9998129245639364,23.504570103288376,0.0,0.0,0.0,0.0,0.0,0.0,0.0,1.0,0.0
40041,-4.2046814,111.23839,-20.092957,2442.175,-118.83203,1,1264.5048685506945,0.0,0.0044555664,0.120114386,-0.004470799999999997,-0.008575999999997919,-0.004470799999999997,-9.999999974752427e-07,-0.008590700000000062,-0.004136999999996505,0.0044555664,0.0,0.120114386,0.14795833366198602,0.10199904790407395,-431.0481898999997,-2033.142210999998,0.009671392280326771,-1.0,-1.0,1,9.0,0.025253532346984273,0.01139538418912236,-20.0540987,-4.1892227,0,0,-4.040696419666666,0.4551282614324888,-4.795868,-2.897644,1.8982239999999995,0.8478704442993921,0.012567595377195762,-20.406593466666667,0.768311204109069,-21.911896,-19.600983,2.3109129999999993,-0.8512652841478315,-0.724409005287109,-0.0019198518394648815,0.034405686123745005,-0.16171259999999998,0.3261566,0.4878692,4.415310804946382,38.46651623971697,-0.002717899665551839,0.03293358993128008,-0.18814099999999812,0.20324700000000107,0.3913879999999992,0.37852528051137063,10.033430379847125,0.02443414915848758,0.04099330990041696,0.0,0.3519254618417947,0.3519254618417947,3.9998129245639364,23.504570103288376,0.0,0.0,0.0,0.0,0.0,0.0,0.0,1.0,0.0
40042,-4.2088013,111.1526,-20.097427,2442.1387,-118.82562,1,1264.5048685506945,0.0,0.0044555664,0.120114386,-0.004119900000000065,-0.004470000000001306,0.0003508999999999318,0.004105999999996612,0.004821699999999929,0.004106999999994088,0.0044555664,0.0,0.120114386,0.09337399102541007,0.1317338060772789,-435.25699119999973,-2053.239637999998,0.006079019329629756,1.0,1.0,1,9.0,0.024736992544906033,0.010790634396447459,-20.0622362,-4.19306793,0,0,-4.040696419666666,0.4551282614324888,-4.795868,-2.897644,1.8982239999999995,0.8478704442993921,0.012567595377195762,-20.406593466666667,0.768311204109069,-21.911896,-19.600983,2.3109129999999993,-0.8512652841478315,-0.724409005287109,-0.0019198518394648815,0.034405686123745005,-0.16171259999999998,0.3261566,0.4878692,4.415310804946382,38.46651623971697,-0.002717899665551839,0.03293358993128008,-0.18814099999999812,0.20324700000000107,0.3913879999999992,0.37852528051137063,10.033430379847125,0.02443414915848758,0.04099330990041696,0.0,0.3519254618417947,0.3519254618417947,3.9998129245639364,23.504570103288376,0.0,0.0,0.0,0.0,0.0,0.0,0.0,1.0,0.0
40043,-4.2088013,111.09088,-20.097427,2442.0261,-118.821045,1,1264.5048685506945,0.0,0.0044555664,0.120114386,0.0,0.0,0.004119900000000065,0.004470000000001306,0.0037690000000001334,0.0003640000000046939,0.0044555664,0.0,0.120114386,0.12848754424061945,0.14715411450557014,-439.46579249999974,-2073.3370649999983,0.0,1.0,1.0,0,8.0,0.023100413306307438,0.009697402839409286,-20.069514599999998,-4.196467589999999,0,1,-4.040696419666666,0.4551282614324888,-4.795868,-2.897644,1.8982239999999995,0.8478704442993921,0.012567595377195762,-20.406593466666667,0.768311204109069,-21.911896,-19.600983,2.3109129999999993,-0.8512652841478315,-0.724409005287109,-0.0019198518394648815,0.034405686123745005,-0.16171259999999998,0.3261566,0.4878692,4.415310804946382,38.46651623971697,-0.002717899665551839,0.03293358993128008,-0.18814099999999812,0.20324700000000107,0.3913879999999992,0.37852528051137063,10.033430379847125,0.02443414915848758,0.04099330990041696,0.0,0.3519254618417947,0.3519254618417947,3.9998129245639364,23.504570103288376,0.0,0.0,0.0,0.0,0.0,0.0,0.0,1.0,0.0
40044,-4.2088013,111.03025,-20.101547,2441.8699,-118.81653,1,1264.5048685506945,0.0,0.0044555664,0.120114386,0.0,-0.004120000000000346,0.0,-0.004120000000000346,-0.004119900000000065,-0.008590000000001652,0.0044555664,0.0,0.120114386,0.1676151011244774,0.15250213302285498,-443.67459379999974,-2093.4386119999986,0.004120000000000346,-1.0,0.0,1,8.0,0.022066460690880058,0.009204876349310994,-20.075933900000003,-4.199009720000001,0,0,-4.040696419666666,0.4551282614324888,-4.795868,-2.897644,1.8982239999999995,0.8478704442993921,0.012567595377195762,-20.406593466666667,0.768311204109069,-21.911896,-19.600983,2.3109129999999993,-0.8512652841478315,-0.724409005287109,-0.0019198518394648815,0.034405686123745005,-0.16171259999999998,0.3261566,0.4878692,4.415310804946382,38.46651623971697,-0.002717899665551839,0.03293358993128008,-0.18814099999999812,0.20324700000000107,0.3913879999999992,0.37852528051137063,10.033430379847125,0.02443414915848758,0.04099330990041696,0.0,0.3519254618417947,0.3519254618417947,3.9998129245639364,23.504570103288376,0.0,0.0,0.0,0.0,0.0,0.0,0.0,1.0,0.0
40045,-4.2088013,110.96008,-20.101547,2441.682,-118.81134,1,1264.5048685506945,0.0,0.0044555664,0.120114386,0.0,0.0,0.0,0.004120000000000346,0.0,0.008240000000000691,0.0044555664,0.0,0.120114386,0.20064190738759383,0.14981133682375788,-447.88339509999975,-2113.5401589999988,0.0,1.0,0.0,1,8.0,0.019768374322804563,0.007814021440858925,-20.0819076,-4.20155185,0,0,-4.040696419666666,0.4551282614324888,-4.795868,-2.897644,1.8982239999999995,0.8478704442993921,0.012567595377195762,-20.406593466666667,0.768311204109069,-21.911896,-19.600983,2.3109129999999993,-0.8512652841478315,-0.724409005287109,-0.0019198518394648815,0.034405686123745005,-0.16171259999999998,0.3261566,0.4878692,4.415310804946382,38.46651623971697,-0.002717899665551839,0.03293358993128008,-0.18814099999999812,0.20324700000000107,0.3913879999999992,0.37852528051137063,10.033430379847125,0.02443414915848758,0.04099330990041696,0.0,0.3519254618417947,0.3519254618417947,3.9998129245639364,23.504570103288376,0.0,0.0,0.0,0.0,0.0,0.0,0.0,1.0,0.0
40046,-4.2088013,110.87938,-20.101547,2441.4631,-118.80536,1,1264.5048685506945,0.0,0.0044555664,0.120114386,0.0,0.0,0.0,0.0,0.0,-0.004120000000000346,0.0044555664,0.0,0.120114386,0.23337836317862679,0.13865256874376616,-452.09219639999975,-2133.641705999999,0.0,0.0,0.0,1,8.0,0.017150880468159203,0.006318015497279151,-20.0870238,-4.20368198,0,0,-4.040696419666666,0.4551282614324888,-4.795868,-2.897644,1.8982239999999995,0.8478704442993921,0.012567595377195762,-20.406593466666667,0.768311204109069,-21.911896,-19.600983,2.3109129999999993,-0.8512652841478315,-0.724409005287109,-0.0019198518394648815,0.034405686123745005,-0.16171259999999998,0.3261566,0.4878692,4.415310804946382,38.46651623971697,-0.002717899665551839,0.03293358993128008,-0.18814099999999812,0.20324700000000107,0.3913879999999992,0.37852528051137063,10.033430379847125,0.02443414915848758,0.04099330990041696,0.0,0.3519254618417947,0.3519254618417947,3.9998129245639364,23.504570103288376,0.0,0.0,0.0,0.0,0.0,0.0,0.0,1.0,0.0
40047,-4.2088013,110.796104,-20.101547,2441.2373,-118.799194,1,1264.5048685506945,0.0,0.0044555664,0.120114386,0.0,0.0,0.0,0.0,0.0,0.0,0.0044555664,0.0,0.120114386,0.24074582391408822,0.11606905090612193,-456.30099769999975,-2153.743252999999,0.0,0.0,0.0,0,7.0,0.013247456228763572,0.004835657454871145,-20.0917281,-4.205400110000001,0,0,-4.040696419666666,0.4551282614324888,-4.795868,-2.897644,1.8982239999999995,0.8478704442993921,0.012567595377195762,-20.406593466666667,0.768311204109069,-21.911896,-19.600983,2.3109129999999993,-0.8512652841478315,-0.724409005287109,-0.0019198518394648815,0.034405686123745005,-0.16171259999999998,0.3261566,0.4878692,4.415310804946382,38.46651623971697,-0.002717899665551839,0.03293358993128008,-0.18814099999999812,0.20324700000000107,0.3913879999999992,0.37852528051137063,10.033430379847125,0.02443414915848758,0.04099330990041696,0.0,0.3519254618417947,0.3519254618417947,3.9998129245639364,23.504570103288376,0.0,0.0,0.0,0.0,0.0,0.0,0.0,1.0,0.0
40048,-4.2088013,110.74488,-20.101547,2441.098,-118.79535,1,1264.5048685506945,0.0,0.0044555664,0.120114386,0.0,0.0,0.0,0.0,0.0,0.0,0.0044555664,0.0,0.120114386,0.1484694059796517,0.08104055578088828,-460.50979899999976,-2173.8447999999994,0.0,0.0,0.0,0,6.0,0.008870404099504143,0.003639280924388929,-20.095573299999998,-4.20667117,0,0,-4.040696419666666,0.4551282614324888,-4.795868,-2.897644,1.8982239999999995,0.8478704442993921,0.012567595377195762,-20.406593466666667,0.768311204109069,-21.911896,-19.600983,2.3109129999999993,-0.8512652841478315,-0.724409005287109,-0.0019198518394648815,0.034405686123745005,-0.16171259999999998,0.3261566,0.4878692,4.415310804946382,38.46651623971697,-0.002717899665551839,0.03293358993128008,-0.18814099999999812,0.20324700000000107,0.3913879999999992,0.37852528051137063,10.033430379847125,0.02443414915848758,0.04099330990041696,0.0,0.3519254618417947,0.3519254618417947,3.9998129245639364,23.504570103288376,0.0,0.0,0.0,0.0,0.0,0.0,0.0,1.0,0.0
40049,-4.2088013,110.73674,-20.101547,2441.0757,-118.79474,1,1264.5048685506945,0.0,0.0044555664,0.120114386,0.0,0.0,0.0,0.0,0.0,0.0,0.0044555664,0.0,0.120114386,0.02374703560455099,0.07133026858240034,-464.71860029999976,-2193.9463469999996,0.0,0.0,0.0,0,6.0,0.00564540771380772,0.0028793858770877127,-20.0981474,-4.20753024,0,0,-4.040696419666666,0.4551282614324888,-4.795868,-2.897644,1.8982239999999995,0.8478704442993921,0.012567595377195762,-20.406593466666667,0.768311204109069,-21.911896,-19.600983,2.3109129999999993,-0.8512652841478315,-0.724409005287109,-0.0019198518394648815,0.034405686123745005,-0.16171259999999998,0.3261566,0.4878692,4.415310804946382,38.46651623971697,-0.002717899665551839,0.03293358993128008,-0.18814099999999812,0.20324700000000107,0.3913879999999992,0.37852528051137063,10.033430379847125,0.02443414915848758,0.04099330990041696,0.0,0.3519254618417947,0.3519254618417947,3.9998129245639364,23.504570103288376,0.0,0.0,0.0,0.0,0.0,0.0,0.0,1.0,0.0
40050,-4.2088013,110.73674,-20.101547,2441.0757,-118.79474,1,1264.5048685506945,0.0,0.0044555664,0.120114386,0.0,0.0,0.0,0.0,0.0,0.0,0.0044555664,0.0,0.120114386,0.0,0.08085744112652928,-468.92740159999977,-2214.047894,0.0,0.0,0.0,0,5.0,0.0029704472146607212,0.0013028267731493312,-20.099864,-4.20838931,0,0,-4.040696419666666,0.4551282614324888,-4.795868,-2.897644,1.8982239999999995,0.8478704442993921,0.012567595377195762,-20.406593466666667,0.768311204109069,-21.911896,-19.600983,2.3109129999999993,-0.8512652841478315,-0.724409005287109,-0.0019198518394648815,0.034405686123745005,-0.16171259999999998,0.3261566,0.4878692,4.415310804946382,38.46651623971697,-0.002717899665551839,0.03293358993128008,-0.18814099999999812,0.20324700000000107,0.3913879999999992,0.37852528051137063,10.033430379847125,0.02443414915848758,0.04099330990041696,0.0,0.3519254618417947,0.3519254618417947,3.9998129245639364,23.504570103288376,0.0,0.0,0.0,0.0,0.0,0.0,0.0,1.0,0.0
40051,-4.2046814,110.73674,-20.101547,2441.0757,-118.79474,1,1264.5048685506945,0.0,0.0044555664,0.120114386,0.004119900000000065,0.0,0.004119900000000065,0.0,0.004119900000000065,0.0,0.0044555664,0.0,0.120114386,0.0,0.09172889898393677,-473.1320829999998,-2234.149441,0.004119900000000065,0.0,1.0,0,4.0,0.0017371445246458844,0.0013028267731493312,-20.100723,-4.20838931,1,0,-4.040696419666666,0.4551282614324888,-4.795868,-2.897644,1.8982239999999995,0.8478704442993921,0.012567595377195762,-20.406593466666667,0.768311204109069,-21.911896,-19.600983,2.3109129999999993,-0.8512652841478315,-0.724409005287109,-0.0019198518394648815,0.034405686123745005,-0.16171259999999998,0.3261566,0.4878692,4.415310804946382,38.46651623971697,-0.002717899665551839,0.03293358993128008,-0.18814099999999812,0.20324700000000107,0.3913879999999992,0.37852528051137063,10.033430379847125,0.02443414915848758,0.04099330990041696,0.0,0.3519254618417947,0.3519254618417947,3.9998129245639364,23.504570103288376,0.0,0.0,0.0,0.0,0.0,0.0,0.0,1.0,0.0
40052,-4.2046814,110.73674,-20.101547,2441.0757,-118.79474,1,1264.5048685506945,0.0,0.0044555664,0.120114386,0.0,0.0,-0.004119900000000065,0.0,-0.00823980000000013,0.0,0.0044555664,0.0,0.120114386,0.0,0.09957005980919106,-477.3367643999998,-2254.2509880000002,0.0,0.0,-1.0,0,3.0,0.001302858391532892,0.0017371023642366638,-20.101135,-4.2079773199999995,0,0,-4.040696419666666,0.4551282614324888,-4.795868,-2.897644,1.8982239999999995,0.8478704442993921,0.012567595377195762,-20.406593466666667,0.768311204109069,-21.911896,-19.600983,2.3109129999999993,-0.8512652841478315,-0.724409005287109,-0.0019198518394648815,0.034405686123745005,-0.16171259999999998,0.3261566,0.4878692,4.415310804946382,38.46651623971697,-0.002717899665551839,0.03293358993128008,-0.18814099999999812,0.20324700000000107,0.3913879999999992,0.37852528051137063,10.033430379847125,0.02443414915848758,0.04099330990041696,0.0,0.3519254618417947,0.3519254618417947,3.9998129245639364,23.504570103288376,0.0,0.0,0.0,0.0,0.0,0.0,0.0,1.0,0.0
40053,-4.2046814,110.73674,-20.101547,2441.0757,-118.79474,1,1264.5048685506945,0.0,0.0044555664,0.120114386,0.0,0.0,0.0,0.0,0.004119900000000065,0.0,0.0044555664,0.0,0.120114386,0.0,0.10564208911336007,-481.54144579999985,-2274.3525350000004,0.0,0.0,0.0,0,3.0,0.0,0.001990100768513599,-20.101547,-4.2075653299999995,0,0,-4.040696419666666,0.4551282614324888,-4.795868,-2.897644,1.8982239999999995,0.8478704442993921,0.012567595377195762,-20.406593466666667,0.768311204109069,-21.911896,-19.600983,2.3109129999999993,-0.8512652841478315,-0.724409005287109,-0.0019198518394648815,0.034405686123745005,-0.16171259999999998,0.3261566,0.4878692,4.415310804946382,38.46651623971697,-0.002717899665551839,0.03293358993128008,-0.18814099999999812,0.20324700000000107,0.3913879999999992,0.37852528051137063,10.033430379847125,0.02443414915848758,0.04099330990041696,0.0,0.3519254618417947,0.3519254618417947,3.9998129245639364,23.504570103288376,0.0,0.0,0.0,0.0,0.0,0.0,0.0,1.0,0.0
40054,-4.2046814,110.73674,-20.101547,2441.0757,-118.79474,1,1264.5048685506945,0.0,0.0044555664,0.120114386,0.0,0.0,0.0,0.0,0.0,0.0,0.0044555664,0.0,0.120114386,0.0,0.10726412453185516,-485.7461271999999,-2294.4540820000007,0.0,0.0,0.0,0,2.0,0.0,0.0021275072117011716,-20.101547,-4.20715334,0,0,-4.040696419666666,0.4551282614324888,-4.795868,-2.897644,1.8982239999999995,0.8478704442993921,0.012567595377195762,-20.406593466666667,0.768311204109069,-21.911896,-19.600983,2.3109129999999993,-0.8512652841478315,-0.724409005287109,-0.0019198518394648815,0.034405686123745005,-0.16171259999999998,0.3261566,0.4878692,4.415310804946382,38.46651623971697,-0.002717899665551839,0.03293358993128008,-0.18814099999999812,0.20324700000000107,0.3913879999999992,0.37852528051137063,10.033430379847125,0.02443414915848758,0.04099330990041696,0.0,0.3519254618417947,0.3519254618417947,3.9998129245639364,23.504570103288376,0.0,0.0,0.0,0.0,0.0,0.0,0.0,1.0,0.0
40055,-4.2046814,110.73674,-20.097427,2441.0757,-118.79474,1,1264.5048685506945,0.0,0.0044555664,0.120114386,0.0,0.004120000000000346,0.0,0.004120000000000346,0.0,0.004120000000000346,0.0044555664,0.0,0.120114386,0.0,0.10179253275173428,-489.9508085999999,-2314.551509000001,0.004120000000000346,1.0,0.0,1,2.0,0.001302858391532892,0.0021713779553183443,-20.101135000000003,-4.20674135,0,1,-4.040696419666666,0.4551282614324888,-4.795868,-2.897644,1.8982239999999995,0.8478704442993921,0.012567595377195762,-20.406593466666667,0.768311204109069,-21.911896,-19.600983,2.3109129999999993,-0.8512652841478315,-0.724409005287109,-0.0019198518394648815,0.034405686123745005,-0.16171259999999998,0.3261566,0.4878692,4.415310804946382,38.46651623971697,-0.002717899665551839,0.03293358993128008,-0.18814099999999812,0.20324700000000107,0.3913879999999992,0.37852528051137063,10.033430379847125,0.02443414915848758,0.04099330990041696,0.0,0.3519254618417947,0.3519254618417947,3.9998129245639364,23.504570103288376,0.0,0.0,0.0,0.0,0.0,0.0,0.0,1.0,0.0
40056,-4.2046814,110.73674,-20.097427,2441.0757,-118.79474,1,1264.5048685506945,0.0,0.0044555664,0.120114386,0.0,0.0,0.0,-0.004120000000000346,0.0,-0.008240000000000691,0.0044555664,0.0,0.120114386,0.0,0.084005194727919,-494.15548999999993,-2334.648936000001,0.0,-1.0,0.0,1,2.0,0.0017371445246458844,0.002127507211702037,-20.100723,-4.20632936,0,0,-4.040696419666666,0.4551282614324888,-4.795868,-2.897644,1.8982239999999995,0.8478704442993921,0.012567595377195762,-20.406593466666667,0.768311204109069,-21.911896,-19.600983,2.3109129999999993,-0.8512652841478315,-0.724409005287109,-0.0019198518394648815,0.034405686123745005,-0.16171259999999998,0.3261566,0.4878692,4.415310804946382,38.46651623971697,-0.002717899665551839,0.03293358993128008,-0.18814099999999812,0.20324700000000107,0.3913879999999992,0.37852528051137063,10.033430379847125,0.02443414915848758,0.04099330990041696,0.0,0.3519254618417947,0.3519254618417947,3.9998129245639364,23.504570103288376,0.0,0.0,0.0,0.0,0.0,0.0,0.0,1.0,0.0
40057,-4.2046814,110.73674,-20.097427,2441.0757,-118.79474,1,1264.5048685506945,0.0,0.0044555664,0.120114386,0.0,0.0,0.0,0.0,0.0,0.004120000000000346,0.0044555664,0.0,0.120114386,0.0,0.04671573127469155,-498.36017139999996,-2354.746363000001,0.0,0.0,0.0,1,3.0,0.0019901490702305884,0.001990100768515392,-20.100310999999998,-4.20591737,0,0,-4.040696419666666,0.4551282614324888,-4.795868,-2.897644,1.8982239999999995,0.8478704442993921,0.012567595377195762,-20.406593466666667,0.768311204109069,-21.911896,-19.600983,2.3109129999999993,-0.8512652841478315,-0.724409005287109,-0.0019198518394648815,0.034405686123745005,-0.16171259999999998,0.3261566,0.4878692,4.415310804946382,38.46651623971697,-0.002717899665551839,0.03293358993128008,-0.18814099999999812,0.20324700000000107,0.3913879999999992,0.37852528051137063,10.033430379847125,0.02443414915848758,0.04099330990041696,0.0,0.3519254618417947,0.3519254618417947,3.9998129245639364,23.504570103288376,0.0,0.0,0.0,0.0,0.0,0.0,0.0,1.0,0.0
40058,-4.2046814,110.73674,-20.092957,2441.0757,-118.79474,1,1264.5048685506945,0.0,0.0044555664,0.120114386,0.0,0.004470000000001306,0.0,0.004470000000001306,0.0,0.004470000000001306,0.0044555664,0.0,0.120114386,0.0,0.007509472018755613,-502.5648528,-2374.839320000001,0.004470000000001306,1.0,0.0,1,4.0,0.0029966842768467212,0.0017371023642396076,-20.099452000000003,-4.20550538,0,1,-4.040696419666666,0.4551282614324888,-4.795868,-2.897644,1.8982239999999995,0.8478704442993921,0.012567595377195762,-20.406593466666667,0.768311204109069,-21.911896,-19.600983,2.3109129999999993,-0.8512652841478315,-0.724409005287109,-0.0019198518394648815,0.034405686123745005,-0.16171259999999998,0.3261566,0.4878692,4.415310804946382,38.46651623971697,-0.002717899665551839,0.03293358993128008,-0.18814099999999812,0.20324700000000107,0.3913879999999992,0.37852528051137063,10.033430379847125,0.02443414915848758,0.04099330990041696,0.0,0.3519254618417947,0.3519254618417947,3.9998129245639364,23.504570103288376,0.0,0.0,0.0,0.0,0.0,0.0,0.0,1.0,0.0
40059,-4.2046814,110.73674,-20.092957,2441.0757,-118.79474,1,1264.5048685506945,0.0,0.0044555664,0.120114386,0.0,0.0,0.0,-0.004470000000001306,0.0,-0.008940000000002613,0.0044555664,0.0,0.120114386,0.0,0.0,-506.7695342,-2394.932277000001,0.0,-1.0,0.0,1,5.0,0.003515651352581537,0.0013028267731545829,-20.098593,-4.20509339,0,0,-4.040696419666666,0.4551282614324888,-4.795868,-2.897644,1.8982239999999995,0.8478704442993921,0.012567595377195762,-20.406593466666667,0.768311204109069,-21.911896,-19.600983,2.3109129999999993,-0.8512652841478315,-0.724409005287109,-0.0019198518394648815,0.034405686123745005,-0.16171259999999998,0.3261566,0.4878692,4.415310804946382,38.46651623971697,-0.002717899665551839,0.03293358993128008,-0.18814099999999812,0.20324700000000107,0.3913879999999992,0.37852528051137063,10.033430379847125,0.02443414915848758,0.04099330990041696,0.0,0.3519254618417947,0.3519254618417947,3.9998129245639364,23.504570103288376,0.0,0.0,0.0,0.0,0.0,0.0,0.0,1.0,0.0
40060,-4.2046814,110.73674,-20.092957,2441.0757,-118.79474,1,1264.5048685506945,0.0,0.0044555664,0.120114386,0.0,0.0,0.0,0.0,0.0,0.004470000000001306,0.0044555664,0.0,0.120114386,0.0,0.0,-510.97421560000004,-2415.0252340000006,0.0,0.0,0.0,1,6.0,0.003754964268160722,0.0,-20.097733999999996,-4.2046814,0,0,-4.040696419666666,0.4551282614324888,-4.795868,-2.897644,1.8982239999999995,0.8478704442993921,0.012567595377195762,-20.406593466666667,0.768311204109069,-21.911896,-19.600983,2.3109129999999993,-0.8512652841478315,-0.724409005287109,-0.0019198518394648815,0.034405686123745005,-0.16171259999999998,0.3261566,0.4878692,4.415310804946382,38.46651623971697,-0.002717899665551839,0.03293358993128008,-0.18814099999999812,0.20324700000000107,0.3913879999999992,0.37852528051137063,10.033430379847125,0.02443414915848758,0.04099330990041696,0.0,0.3519254618417947,0.3519254618417947,3.9998129245639364,23.504570103288376,0.0,0.0,0.0,0.0,0.0,0.0,0.0,1.0,0.0
40061,-4.2046814,110.73674,-20.092957,2441.0757,-118.79474,1,1264.5048685506945,0.0,0.0044555664,0.120114386,0.0,0.0,0.0,0.0,0.0,0.0,0.0044555664,0.0,0.120114386,0.0,0.0,-515.178897,-2435.1181910000005,0.0,0.0,0.0,0,6.0,0.003768285196460289,0.0,-20.096875,-4.2046814,0,0,-4.040696419666666,0.4551282614324888,-4.795868,-2.897644,1.8982239999999995,0.8478704442993921,0.012567595377195762,-20.406593466666667,0.768311204109069,-21.911896,-19.600983,2.3109129999999993,-0.8512652841478315,-0.724409005287109,-0.0019198518394648815,0.034405686123745005,-0.16171259999999998,0.3261566,0.4878692,4.415310804946382,38.46651623971697,-0.002717899665551839,0.03293358993128008,-0.18814099999999812,0.20324700000000107,0.3913879999999992,0.37852528051137063,10.033430379847125,0.02443414915848758,0.04099330990041696,0.0,0.3519254618417947,0.3519254618417947,3.9998129245639364,23.504570103288376,0.0,0.0,0.0,0.0,0.0,0.0,0.0,1.0,0.0
40062,-4.2046814,110.73674,-20.092957,2441.0757,-118.79474,1,1264.5048685506945,0.0,0.0044555664,0.120114386,0.0,0.0,0.0,0.0,0.0,0.0,0.0044555664,0.0,0.120114386,0.0,0.0,-519.3835784,-2455.2111480000003,0.0,0.0,0.0,0,6.0,0.003558153233490799,0.0,-20.096016,-4.2046814,0,0,-4.040696419666666,0.4551282614324888,-4.795868,-2.897644,1.8982239999999995,0.8478704442993921,0.012567595377195762,-20.406593466666667,0.768311204109069,-21.911896,-19.600983,2.3109129999999993,-0.8512652841478315,-0.724409005287109,-0.0019198518394648815,0.034405686123745005,-0.16171259999999998,0.3261566,0.4878692,4.415310804946382,38.46651623971697,-0.002717899665551839,0.03293358993128008,-0.18814099999999812,0.20324700000000107,0.3913879999999992,0.37852528051137063,10.033430379847125,0.02443414915848758,0.04099330990041696,0.0,0.3519254618417947,0.3519254618417947,3.9998129245639364,23.504570103288376,0.0,0.0,0.0,0.0,0.0,0.0,0.0,1.0,0.0
40063,-4.2046814,110.73674,-20.092957,2441.0757,-118.79474,1,1264.5048685506945,0.0,0.0044555664,0.120114386,0.0,0.0,0.0,0.0,0.0,0.0,0.0044555664,0.0,0.120114386,0.0,0.0,-523.5882598000001,-2475.304105,0.0,0.0,0.0,0,6.0,0.003079155726588466,0.0,-20.095157,-4.2046814,0,0,-4.040696419666666,0.4551282614324888,-4.795868,-2.897644,1.8982239999999995,0.8478704442993921,0.012567595377195762,-20.406593466666667,0.768311204109069,-21.911896,-19.600983,2.3109129999999993,-0.8512652841478315,-0.724409005287109,-0.0019198518394648815,0.034405686123745005,-0.16171259999999998,0.3261566,0.4878692,4.415310804946382,38.46651623971697,-0.002717899665551839,0.03293358993128008,-0.18814099999999812,0.20324700000000107,0.3913879999999992,0.37852528051137063,10.033430379847125,0.02443414915848758,0.04099330990041696,0.0,0.3519254618417947,0.3519254618417947,3.9998129245639364,23.504570103288376,0.0,0.0,0.0,0.0,0.0,0.0,0.0,1.0,0.0
40064,-4.2046814,110.73674,-20.092957,2441.0757,-118.79474,1,1264.5048685506945,0.0,0.0044555664,0.120114386,0.0,0.0,0.0,0.0,0.0,0.0,0.0044555664,0.0,0.120114386,0.0,0.0,-527.7929412000001,-2495.397062,0.0,0.0,0.0,0,6.0,0.0021592151325450226,0.0,-20.094298,-4.2046814,0,0,-4.040696419666666,0.4551282614324888,-4.795868,-2.897644,1.8982239999999995,0.8478704442993921,0.012567595377195762,-20.406593466666667,0.768311204109069,-21.911896,-19.600983,2.3109129999999993,-0.8512652841478315,-0.724409005287109,-0.0019198518394648815,0.034405686123745005,-0.16171259999999998,0.3261566,0.4878692,4.415310804946382,38.46651623971697,-0.002717899665551839,0.03293358993128008,-0.18814099999999812,0.20324700000000107,0.3913879999999992,0.37852528051137063,10.033430379847125,0.02443414915848758,0.04099330990041696,0.0,0.3519254618417947,0.3519254618417947,3.9998129245639364,23.504570103288376,0.0,0.0,0.0,0.0,0.0,0.0,0.0,1.0,0.0
40065,-4.2046814,110.73674,-20.092957,2441.0757,-118.79474,1,1264.5048685506945,0.0,0.0044555664,0.120114386,0.0,0.0,0.0,0.0,0.0,0.0,0.0044555664,0.0,0.120114386,0.0,0.0,-531.9976226000001,-2515.490019,0.0,0.0,0.0,0,5.0,0.0018847174824432548,0.0,-20.093850999999997,-4.2046814,0,0,-4.040696419666666,0.4551282614324888,-4.795868,-2.897644,1.8982239999999995,0.8478704442993921,0.012567595377195762,-20.406593466666667,0.768311204109069,-21.911896,-19.600983,2.3109129999999993,-0.8512652841478315,-0.724409005287109,-0.0019198518394648815,0.034405686123745005,-0.16171259999999998,0.3261566,0.4878692,4.415310804946382,38.46651623971697,-0.002717899665551839,0.03293358993128008,-0.18814099999999812,0.20324700000000107,0.3913879999999992,0.37852528051137063,10.033430379847125,0.02443414915848758,0.04099330990041696,0.0,0.3519254618417947,0.3519254618417947,3.9998129245639364,23.504570103288376,0.0,0.0,0.0,0.0,0.0,0.0,0.0,1.0,0.0
40066,-4.2046814,110.73674,-20.092957,2441.0757,-118.79474,1,1264.5048685506945,0.0,0.0044555664,0.120114386,0.0,0.0,0.0,0.0,0.0,0.0,0.0044555664,0.0,0.120114386,0.0,0.0,-536.2023040000001,-2535.5829759999997,0.0,0.0,0.0,0,4.0,0.001413538110077804,0.0,-20.093404,-4.2046814,0,0,-4.040696419666666,0.4551282614324888,-4.795868,-2.897644,1.8982239999999995,0.8478704442993921,0.012567595377195762,-20.406593466666667,0.768311204109069,-21.911896,-19.600983,2.3109129999999993,-0.8512652841478315,-0.724409005287109,-0.0019198518394648815,0.034405686123745005,-0.16171259999999998,0.3261566,0.4878692,4.415310804946382,38.46651623971697,-0.002717899665551839,0.03293358993128008,-0.18814099999999812,0.20324700000000107,0.3913879999999992,0.37852528051137063,10.033430379847125,0.02443414915848758,0.04099330990041696,0.0,0.3519254618417947,0.3519254618417947,3.9998129245639364,23.504570103288376,0.0,0.0,0.0,0.0,0.0,0.0,0.0,1.0,0.0
40067,-4.2046814,110.73674,-20.092957,2441.0757,-118.79474,1,1264.5048685506945,0.0,0.0044555664,0.120114386,0.0,0.0,0.0,0.0,0.0,0.0,0.0044555664,0.0,0.120114386,0.0,0.0,-540.4069854000002,-2555.6759329999995,0.0,0.0,0.0,0,3.0,0.0,0.0,-20.092957,-4.2046814,0,0,-4.040696419666666,0.4551282614324888,-4.795868,-2.897644,1.8982239999999995,0.8478704442993921,0.012567595377195762,-20.406593466666667,0.768311204109069,-21.911896,-19.600983,2.3109129999999993,-0.8512652841478315,-0.724409005287109,-0.0019198518394648815,0.034405686123745005,-0.16171259999999998,0.3261566,0.4878692,4.415310804946382,38.46651623971697,-0.002717899665551839,0.03293358993128008,-0.18814099999999812,0.20324700000000107,0.3913879999999992,0.37852528051137063,10.033430379847125,0.02443414915848758,0.04099330990041696,0.0,0.3519254618417947,0.3519254618417947,3.9998129245639364,23.504570103288376,0.0,0.0,0.0,0.0,0.0,0.0,0.0,1.0,0.0
40068,-4.2046814,110.73674,-20.092957,2441.0757,-118.79474,1,1264.5048685506945,0.0,0.0044555664,0.120114386,0.0,0.0,0.0,0.0,0.0,0.0,0.0044555664,0.0,0.120114386,0.0,0.0,-544.6116668000002,-2575.7688899999994,0.0,0.0,0.0,0,2.0,0.0,0.0,-20.092957,-4.2046814,0,0,-4.040696419666666,0.4551282614324888,-4.795868,-2.897644,1.8982239999999995,0.8478704442993921,0.012567595377195762,-20.406593466666667,0.768311204109069,-21.911896,-19.600983,2.3109129999999993,-0.8512652841478315,-0.724409005287109,-0.0019198518394648815,0.034405686123745005,-0.16171259999999998,0.3261566,0.4878692,4.415310804946382,38.46651623971697,-0.002717899665551839,0.03293358993128008,-0.18814099999999812,0.20324700000000107,0.3913879999999992,0.37852528051137063,10.033430379847125,0.02443414915848758,0.04099330990041696,0.0,0.3519254618417947,0.3519254618417947,3.9998129245639364,23.504570103288376,0.0,0.0,0.0,0.0,0.0,0.0,0.0,1.0,0.0
40069,-4.2046814,110.73674,-20.092957,2441.0757,-118.79474,1,1264.5048685506945,0.0,0.0044555664,0.120114386,0.0,0.0,0.0,0.0,0.0,0.0,0.0044555664,0.0,0.120114386,0.0,0.0,-548.8163482000002,-2595.861846999999,0.0,0.0,0.0,0,1.0,0.0,0.0,-20.092957,-4.2046814,0,0,-4.040696419666666,0.4551282614324888,-4.795868,-2.897644,1.8982239999999995,0.8478704442993921,0.012567595377195762,-20.406593466666667,0.768311204109069,-21.911896,-19.600983,2.3109129999999993,-0.8512652841478315,-0.724409005287109,-0.0019198518394648815,0.034405686123745005,-0.16171259999999998,0.3261566,0.4878692,4.415310804946382,38.46651623971697,-0.002717899665551839,0.03293358993128008,-0.18814099999999812,0.20324700000000107,0.3913879999999992,0.37852528051137063,10.033430379847125,0.02443414915848758,0.04099330990041696,0.0,0.3519254618417947,0.3519254618417947,3.9998129245639364,23.504570103288376,0.0,0.0,0.0,0.0,0.0,0.0,0.0,1.0,0.0
40070,-4.2046814,110.73674,-20.092957,2441.0757,-118.79474,1,1264.5048685506945,0.0,0.0044555664,0.120114386,0.0,0.0,0.0,0.0,0.0,0.0,0.0044555664,0.0,0.120114386,0.0,0.0,-553.0210296000002,-2615.954803999999,0.0,0.0,0.0,0,0.0,0.0,0.0,-20.092957,-4.2046814,0,0,-4.040696419666666,0.4551282614324888,-4.795868,-2.897644,1.8982239999999995,0.8478704442993921,0.012567595377195762,-20.406593466666667,0.768311204109069,-21.911896,-19.600983,2.3109129999999993,-0.8512652841478315,-0.724409005287109,-0.0019198518394648815,0.034405686123745005,-0.16171259999999998,0.3261566,0.4878692,4.415310804946382,38.46651623971697,-0.002717899665551839,0.03293358993128008,-0.18814099999999812,0.20324700000000107,0.3913879999999992,0.37852528051137063,10.033430379847125,0.02443414915848758,0.04099330990041696,0.0,0.3519254618417947,0.3519254618417947,3.9998129245639364,23.504570103288376,0.0,0.0,0.0,0.0,0.0,0.0,0.0,1.0,0.0
40071,-4.2046814,110.73674,-20.092957,2441.0757,-118.79474,1,1264.5048685506945,0.0,0.0044555664,0.120114386,0.0,0.0,0.0,0.0,0.0,0.0,0.0044555664,0.0,0.120114386,0.0,0.0,-557.2257110000003,-2636.047760999999,0.0,0.0,0.0,0,0.0,0.0,0.0,-20.092957,-4.2046814,0,0,-4.040696419666666,0.4551282614324888,-4.795868,-2.897644,1.8982239999999995,0.8478704442993921,0.012567595377195762,-20.406593466666667,0.768311204109069,-21.911896,-19.600983,2.3109129999999993,-0.8512652841478315,-0.724409005287109,-0.0019198518394648815,0.034405686123745005,-0.16171259999999998,0.3261566,0.4878692,4.415310804946382,38.46651623971697,-0.002717899665551839,0.03293358993128008,-0.18814099999999812,0.20324700000000107,0.3913879999999992,0.37852528051137063,10.033430379847125,0.02443414915848758,0.04099330990041696,0.0,0.3519254618417947,0.3519254618417947,3.9998129245639364,23.504570103288376,0.0,0.0,0.0,0.0,0.0,0.0,0.0,1.0,0.0
40072,-4.2046814,110.73674,-20.092957,2441.0757,-118.79474,1,1264.5048685506945,0.0,0.0044555664,0.120114386,0.0,0.0,0.0,0.0,0.0,0.0,0.0044555664,0.0,0.120114386,0.0,0.0,-561.4303924000003,-2656.1407179999987,0.0,0.0,0.0,0,0.0,0.0,0.0,-20.092957,-4.2046814,0,0,-4.040696419666666,0.4551282614324888,-4.795868,-2.897644,1.8982239999999995,0.8478704442993921,0.012567595377195762,-20.406593466666667,0.768311204109069,-21.911896,-19.600983,2.3109129999999993,-0.8512652841478315,-0.724409005287109,-0.0019198518394648815,0.034405686123745005,-0.16171259999999998,0.3261566,0.4878692,4.415310804946382,38.46651623971697,-0.002717899665551839,0.03293358993128008,-0.18814099999999812,0.20324700000000107,0.3913879999999992,0.37852528051137063,10.033430379847125,0.02443414915848758,0.04099330990041696,0.0,0.3519254618417947,0.3519254618417947,3.9998129245639364,23.504570103288376,0.0,0.0,0.0,0.0,0.0,0.0,0.0,1.0,0.0
40073,-4.2046814,110.73674,-20.092957,2441.0757,-118.79474,1,1264.5048685506945,0.0,0.0044555664,0.120114386,0.0,0.0,0.0,0.0,0.0,0.0,0.0044555664,0.0,0.120114386,0.0,0.0,-565.6350738000003,-2676.2336749999986,0.0,0.0,0.0,0,0.0,0.0,0.0,-20.092957,-4.2046814,0,0,-4.040696419666666,0.4551282614324888,-4.795868,-2.897644,1.8982239999999995,0.8478704442993921,0.012567595377195762,-20.406593466666667,0.768311204109069,-21.911896,-19.600983,2.3109129999999993,-0.8512652841478315,-0.724409005287109,-0.0019198518394648815,0.034405686123745005,-0.16171259999999998,0.3261566,0.4878692,4.415310804946382,38.46651623971697,-0.002717899665551839,0.03293358993128008,-0.18814099999999812,0.20324700000000107,0.3913879999999992,0.37852528051137063,10.033430379847125,0.02443414915848758,0.04099330990041696,0.0,0.3519254618417947,0.3519254618417947,3.9998129245639364,23.504570103288376,0.0,0.0,0.0,0.0,0.0,0.0,0.0,1.0,0.0
40074,-4.2046814,110.73674,-20.092957,2441.0757,-118.79474,1,1264.5048685506945,0.0,0.0044555664,0.120114386,0.0,0.0,0.0,0.0,0.0,0.0,0.0044555664,0.0,0.120114386,0.0,0.0,-569.8397552000004,-2696.3266319999984,0.0,0.0,0.0,0,0.0,0.0,0.0,-20.092957,-4.2046814,0,0,-4.040696419666666,0.4551282614324888,-4.795868,-2.897644,1.8982239999999995,0.8478704442993921,0.012567595377195762,-20.406593466666667,0.768311204109069,-21.911896,-19.600983,2.3109129999999993,-0.8512652841478315,-0.724409005287109,-0.0019198518394648815,0.034405686123745005,-0.16171259999999998,0.3261566,0.4878692,4.415310804946382,38.46651623971697,-0.002717899665551839,0.03293358993128008,-0.18814099999999812,0.20324700000000107,0.3913879999999992,0.37852528051137063,10.033430379847125,0.02443414915848758,0.04099330990041696,0.0,0.3519254618417947,0.3519254618417947,3.9998129245639364,23.504570103288376,0.0,0.0,0.0,0.0,0.0,0.0,0.0,1.0,0.0
40075,-4.2046814,110.73674,-20.092957,2441.0757,-118.79474,1,1264.5048685506945,0.0,0.0044555664,0.120114386,0.0,0.0,0.0,0.0,0.0,0.0,0.0044555664,0.0,0.120114386,0.0,0.0,-574.0444366000004,-2716.4195889999983,0.0,0.0,0.0,0,0.0,0.0,0.0,-20.092957,-4.2046814,0,0,-4.040696419666666,0.4551282614324888,-4.795868,-2.897644,1.8982239999999995,0.8478704442993921,0.012567595377195762,-20.406593466666667,0.768311204109069,-21.911896,-19.600983,2.3109129999999993,-0.8512652841478315,-0.724409005287109,-0.0019198518394648815,0.034405686123745005,-0.16171259999999998,0.3261566,0.4878692,4.415310804946382,38.46651623971697,-0.002717899665551839,0.03293358993128008,-0.18814099999999812,0.20324700000000107,0.3913879999999992,0.37852528051137063,10.033430379847125,0.02443414915848758,0.04099330990041696,0.0,0.3519254618417947,0.3519254618417947,3.9998129245639364,23.504570103288376,0.0,0.0,0.0,0.0,0.0,0.0,0.0,1.0,0.0
40076,-4.2046814,110.73674,-20.092957,2441.0757,-118.79474,1,1264.5048685506945,0.0,0.0044555664,0.120114386,0.0,0.0,0.0,0.0,0.0,0.0,0.0044555664,0.0,0.120114386,0.0,0.0,-578.2491180000004,-2736.512545999998,0.0,0.0,0.0,0,0.0,0.0,0.0,-20.092957,-4.2046814,0,0,-4.040696419666666,0.4551282614324888,-4.795868,-2.897644,1.8982239999999995,0.8478704442993921,0.012567595377195762,-20.406593466666667,0.768311204109069,-21.911896,-19.600983,2.3109129999999993,-0.8512652841478315,-0.724409005287109,-0.0019198518394648815,0.034405686123745005,-0.16171259999999998,0.3261566,0.4878692,4.415310804946382,38.46651623971697,-0.002717899665551839,0.03293358993128008,-0.18814099999999812,0.20324700000000107,0.3913879999999992,0.37852528051137063,10.033430379847125,0.02443414915848758,0.04099330990041696,0.0,0.3519254618417947,0.3519254618417947,3.9998129245639364,23.504570103288376,0.0,0.0,0.0,0.0,0.0,0.0,0.0,1.0,0.0
40077,-4.2046814,110.73674,-20.092957,2441.0757,-118.79474,1,1264.5048685506945,0.0,0.0044555664,0.120114386,0.0,0.0,0.0,0.0,0.0,0.0,0.0044555664,0.0,0.120114386,0.0,0.0,-582.4537994000004,-2756.605502999998,0.0,0.0,0.0,0,0.0,0.0,0.0,-20.092957,-4.2046814,0,0,-4.040696419666666,0.4551282614324888,-4.795868,-2.897644,1.8982239999999995,0.8478704442993921,0.012567595377195762,-20.406593466666667,0.768311204109069,-21.911896,-19.600983,2.3109129999999993,-0.8512652841478315,-0.724409005287109,-0.0019198518394648815,0.034405686123745005,-0.16171259999999998,0.3261566,0.4878692,4.415310804946382,38.46651623971697,-0.002717899665551839,0.03293358993128008,-0.18814099999999812,0.20324700000000107,0.3913879999999992,0.37852528051137063,10.033430379847125,0.02443414915848758,0.04099330990041696,0.0,0.3519254618417947,0.3519254618417947,3.9998129245639364,23.504570103288376,0.0,0.0,0.0,0.0,0.0,0.0,0.0,1.0,0.0
40078,-4.2046814,110.73674,-20.092957,2441.0757,-118.79474,1,1264.5048685506945,0.0,0.0044555664,0.120114386,0.0,0.0,0.0,0.0,0.0,0.0,0.0044555664,0.0,0.120114386,0.0,0.0,-586.6584808000005,-2776.698459999998,0.0,0.0,0.0,0,0.0,0.0,0.0,-20.092957,-4.2046814,0,0,-4.040696419666666,0.4551282614324888,-4.795868,-2.897644,1.8982239999999995,0.8478704442993921,0.012567595377195762,-20.406593466666667,0.768311204109069,-21.911896,-19.600983,2.3109129999999993,-0.8512652841478315,-0.724409005287109,-0.0019198518394648815,0.034405686123745005,-0.16171259999999998,0.3261566,0.4878692,4.415310804946382,38.46651623971697,-0.002717899665551839,0.03293358993128008,-0.18814099999999812,0.20324700000000107,0.3913879999999992,0.37852528051137063,10.033430379847125,0.02443414915848758,0.04099330990041696,0.0,0.3519254618417947,0.3519254618417947,3.9998129245639364,23.504570103288376,0.0,0.0,0.0,0.0,0.0,0.0,0.0,1.0,0.0
40079,-4.2046814,110.73674,-20.088837,2441.0757,-118.79474,1,1264.5048685506945,0.0,0.0044555664,0.120114386,0.0,0.004119999999996793,0.0,0.004119999999996793,0.0,0.004119999999996793,0.0044555664,0.0,0.120114386,0.0,0.0,-590.8631622000005,-2796.7872969999976,0.004119999999996793,1.0,0.0,1,1.0,0.0013028583916396747,0.0,-20.092544999999998,-4.2046814,0,1,-4.040696419666666,0.4551282614324888,-4.795868,-2.897644,1.8982239999999995,0.8478704442993921,0.012567595377195762,-20.406593466666667,0.768311204109069,-21.911896,-19.600983,2.3109129999999993,-0.8512652841478315,-0.724409005287109,-0.0019198518394648815,0.034405686123745005,-0.16171259999999998,0.3261566,0.4878692,4.415310804946382,38.46651623971697,-0.002717899665551839,0.03293358993128008,-0.18814099999999812,0.20324700000000107,0.3913879999999992,0.37852528051137063,10.033430379847125,0.02443414915848758,0.04099330990041696,0.0,0.3519254618417947,0.3519254618417947,3.9998129245639364,23.504570103288376,0.0,0.0,0.0,0.0,0.0,0.0,0.0,1.0,0.0
40080,-4.2002106,110.73674,-20.088837,2441.0757,-118.79474,1,1264.5048685506945,0.0,0.0044555664,0.120114386,0.004470799999999997,0.0,0.004470799999999997,-0.004119999999996793,0.004470799999999997,-0.008239999999993586,0.0044555664,0.0,0.120114386,0.0,0.0,-595.0633728000005,-2816.8761339999974,0.004470799999999997,-1.0,1.0,1,2.0,0.0017371445247269075,0.0014137910962555942,-20.092133,-4.204234319999999,1,0,-4.040696419666666,0.4551282614324888,-4.795868,-2.897644,1.8982239999999995,0.8478704442993921,0.012567595377195762,-20.406593466666667,0.768311204109069,-21.911896,-19.600983,2.3109129999999993,-0.8512652841478315,-0.724409005287109,-0.0019198518394648815,0.034405686123745005,-0.16171259999999998,0.3261566,0.4878692,4.415310804946382,38.46651623971697,-0.002717899665551839,0.03293358993128008,-0.18814099999999812,0.20324700000000107,0.3913879999999992,0.37852528051137063,10.033430379847125,0.02443414915848758,0.04099330990041696,0.0,0.3519254618417947,0.3519254618417947,3.9998129245639364,23.504570103288376,0.0,0.0,0.0,0.0,0.0,0.0,0.0,1.0,0.0
40081,-4.2002106,110.73674,-20.084381,2441.0757,-118.79474,1,1264.5048685506945,0.0,0.0044555664,0.120114386,0.0,0.004456000000001126,-0.004470799999999997,0.004456000000001126,-0.008941599999999994,0.008575999999997919,0.0044555664,0.0,0.120114386,0.0,0.0,-599.2635834000005,-2836.9605149999975,0.004456000000001126,1.0,-1.0,1,3.0,0.0029668312744287103,0.001885054795038622,-20.0912754,-4.20378724,0,1,-4.040696419666666,0.4551282614324888,-4.795868,-2.897644,1.8982239999999995,0.8478704442993921,0.012567595377195762,-20.406593466666667,0.768311204109069,-21.911896,-19.600983,2.3109129999999993,-0.8512652841478315,-0.724409005287109,-0.0019198518394648815,0.034405686123745005,-0.16171259999999998,0.3261566,0.4878692,4.415310804946382,38.46651623971697,-0.002717899665551839,0.03293358993128008,-0.18814099999999812,0.20324700000000107,0.3913879999999992,0.37852528051137063,10.033430379847125,0.02443414915848758,0.04099330990041696,0.0,0.3519254618417947,0.3519254618417947,3.9998129245639364,23.504570103288376,0.0,0.0,0.0,0.0,0.0,0.0,0.0,1.0,0.0
40082,-4.2002106,110.73674,-20.084381,2441.0757,-118.79474,1,1264.5048685506945,0.0,0.0044555664,0.120114386,0.0,0.0,0.0,-0.004456000000001126,0.004470799999999997,-0.008912000000002251,0.0044555664,0.0,0.120114386,0.0,0.0,-603.4637940000005,-2857.0448959999976,0.0,-1.0,0.0,1,4.0,0.003598903930344042,0.0021596015718621225,-20.090417799999997,-4.203340160000001,0,0,-4.040696419666666,0.4551282614324888,-4.795868,-2.897644,1.8982239999999995,0.8478704442993921,0.012567595377195762,-20.406593466666667,0.768311204109069,-21.911896,-19.600983,2.3109129999999993,-0.8512652841478315,-0.724409005287109,-0.0019198518394648815,0.034405686123745005,-0.16171259999999998,0.3261566,0.4878692,4.415310804946382,38.46651623971697,-0.002717899665551839,0.03293358993128008,-0.18814099999999812,0.20324700000000107,0.3913879999999992,0.37852528051137063,10.033430379847125,0.02443414915848758,0.04099330990041696,0.0,0.3519254618417947,0.3519254618417947,3.9998129245639364,23.504570103288376,0.0,0.0,0.0,0.0,0.0,0.0,0.0,1.0,0.0
40083,-4.1960907,110.73674,-20.084381,2441.0757,-118.79474,1,1264.5048685506945,0.0,0.0044555664,0.120114386,0.004119900000000065,0.0,0.004119900000000065,0.0,0.004119900000000065,0.004456000000001126,0.0044555664,0.0,0.120114386,0.0,0.0,-607.6598847000005,-2877.1292769999977,0.004119900000000065,0.0,1.0,1,5.0,0.003932904291556203,0.0030795137323167145,-20.0895602,-4.202481090000001,1,0,-4.040696419666666,0.4551282614324888,-4.795868,-2.897644,1.8982239999999995,0.8478704442993921,0.012567595377195762,-20.406593466666667,0.768311204109069,-21.911896,-19.600983,2.3109129999999993,-0.8512652841478315,-0.724409005287109,-0.0019198518394648815,0.034405686123745005,-0.16171259999999998,0.3261566,0.4878692,4.415310804946382,38.46651623971697,-0.002717899665551839,0.03293358993128008,-0.18814099999999812,0.20324700000000107,0.3913879999999992,0.37852528051137063,10.033430379847125,0.02443414915848758,0.04099330990041696,0.0,0.3519254618417947,0.3519254618417947,3.9998129245639364,23.504570103288376,0.0,0.0,0.0,0.0,0.0,0.0,0.0,1.0,0.0
40084,-4.1960907,110.73674,-20.080261,2441.0757,-118.79474,1,1264.5048685506945,0.0,0.0044555664,0.120114386,0.0,0.004120000000000346,-0.004119900000000065,0.004120000000000346,-0.00823980000000013,0.004120000000000346,0.0044555664,0.0,0.120114386,0.0,0.0,-611.8559754000005,-2897.209537999998,0.004120000000000346,1.0,-1.0,1,6.0,0.004690743299298779,0.0035585007931678153,-20.0882906,-4.20162202,0,1,-4.040696419666666,0.4551282614324888,-4.795868,-2.897644,1.8982239999999995,0.8478704442993921,0.012567595377195762,-20.406593466666667,0.768311204109069,-21.911896,-19.600983,2.3109129999999993,-0.8512652841478315,-0.724409005287109,-0.0019198518394648815,0.034405686123745005,-0.16171259999999998,0.3261566,0.4878692,4.415310804946382,38.46651623971697,-0.002717899665551839,0.03293358993128008,-0.18814099999999812,0.20324700000000107,0.3913879999999992,0.37852528051137063,10.033430379847125,0.02443414915848758,0.04099330990041696,0.0,0.3519254618417947,0.3519254618417947,3.9998129245639364,23.504570103288376,0.0,0.0,0.0,0.0,0.0,0.0,0.0,1.0,0.0
40085,-4.19162,110.73674,-20.080261,2441.0757,-118.79474,1,1264.5048685506945,0.0,0.0044555664,0.120114386,0.004470699999999717,0.0,0.004470699999999717,-0.004120000000000346,0.008590599999999782,-0.008240000000000691,0.0044555664,0.0,0.120114386,0.0,0.0,-616.0475954000005,-2917.289798999998,0.004470699999999717,-1.0,1.0,1,7.0,0.004995642544587602,0.0045654126277530375,-20.087021,-4.20031588,1,0,-4.040696419666666,0.4551282614324888,-4.795868,-2.897644,1.8982239999999995,0.8478704442993921,0.012567595377195762,-20.406593466666667,0.768311204109069,-21.911896,-19.600983,2.3109129999999993,-0.8512652841478315,-0.724409005287109,-0.0019198518394648815,0.034405686123745005,-0.16171259999999998,0.3261566,0.4878692,4.415310804946382,38.46651623971697,-0.002717899665551839,0.03293358993128008,-0.18814099999999812,0.20324700000000107,0.3913879999999992,0.37852528051137063,10.033430379847125,0.02443414915848758,0.04099330990041696,0.0,0.3519254618417947,0.3519254618417947,3.9998129245639364,23.504570103288376,0.0,0.0,0.0,0.0,0.0,0.0,0.0,1.0,0.0
40086,-4.19162,110.73674,-20.080261,2441.0757,-118.79474,1,1264.5048685506945,0.0,0.0044555664,0.120114386,0.0,0.0,-0.004470699999999717,0.0,-0.008941399999999433,0.004120000000000346,0.0044555664,0.0,0.120114386,0.0,0.0,-620.2392154000006,-2937.370059999998,0.0,0.0,-1.0,1,8.0,0.004932327175549952,0.005023140664994144,-20.0857514,-4.19900974,0,0,-4.040696419666666,0.4551282614324888,-4.795868,-2.897644,1.8982239999999995,0.8478704442993921,0.012567595377195762,-20.406593466666667,0.768311204109069,-21.911896,-19.600983,2.3109129999999993,-0.8512652841478315,-0.724409005287109,-0.0019198518394648815,0.034405686123745005,-0.16171259999999998,0.3261566,0.4878692,4.415310804946382,38.46651623971697,-0.002717899665551839,0.03293358993128008,-0.18814099999999812,0.20324700000000107,0.3913879999999992,0.37852528051137063,10.033430379847125,0.02443414915848758,0.04099330990041696,0.0,0.3519254618417947,0.3519254618417947,3.9998129245639364,23.504570103288376,0.0,0.0,0.0,0.0,0.0,0.0,0.0,1.0,0.0
40087,-4.1875,110.73674,-20.080261,2441.0757,-118.79474,1,1264.5048685506945,0.0,0.0044555664,0.120114386,0.004120000000000346,0.0,0.004120000000000346,0.0,0.008590700000000062,0.0,0.0044555664,0.0,0.120114386,0.0,0.0,-624.4267154000006,-2957.450320999998,0.004120000000000346,0.0,1.0,0,8.0,0.004485230596083219,0.005753007101401036,-20.0844818,-4.1972916,1,0,-4.040696419666666,0.4551282614324888,-4.795868,-2.897644,1.8982239999999995,0.8478704442993921,0.012567595377195762,-20.406593466666667,0.768311204109069,-21.911896,-19.600983,2.3109129999999993,-0.8512652841478315,-0.724409005287109,-0.0019198518394648815,0.034405686123745005,-0.16171259999999998,0.3261566,0.4878692,4.415310804946382,38.46651623971697,-0.002717899665551839,0.03293358993128008,-0.18814099999999812,0.20324700000000107,0.3913879999999992,0.37852528051137063,10.033430379847125,0.02443414915848758,0.04099330990041696,0.0,0.3519254618417947,0.3519254618417947,3.9998129245639364,23.504570103288376,0.0,0.0,0.0,0.0,0.0,0.0,0.0,1.0,0.0
40088,-4.1875,110.73674,-20.080261,2441.0757,-118.79474,1,1264.5048685506945,0.0,0.0044555664,0.120114386,0.0,0.0,-0.004120000000000346,0.0,-0.008240000000000691,0.0,0.0044555664,0.0,0.120114386,0.0,0.0,-628.6142154000006,-2977.530581999998,0.0,0.0,-1.0,0,8.0,0.0035106652978339563,0.005865341254664524,-20.083212200000002,-4.19557346,0,0,-4.040696419666666,0.4551282614324888,-4.795868,-2.897644,1.8982239999999995,0.8478704442993921,0.012567595377195762,-20.406593466666667,0.768311204109069,-21.911896,-19.600983,2.3109129999999993,-0.8512652841478315,-0.724409005287109,-0.0019198518394648815,0.034405686123745005,-0.16171259999999998,0.3261566,0.4878692,4.415310804946382,38.46651623971697,-0.002717899665551839,0.03293358993128008,-0.18814099999999812,0.20324700000000107,0.3913879999999992,0.37852528051137063,10.033430379847125,0.02443414915848758,0.04099330990041696,0.0,0.3519254618417947,0.3519254618417947,3.9998129245639364,23.504570103288376,0.0,0.0,0.0,0.0,0.0,0.0,0.0,1.0,0.0
40089,-4.1875,110.73674,-20.075806,2441.0757,-118.79474,1,1264.5048685506945,0.0,0.0044555664,0.120114386,0.0,0.004455000000000098,0.0,0.004455000000000098,0.004120000000000346,0.004455000000000098,0.0044555664,0.0,0.120114386,0.0,0.0,-632.8017154000006,-2997.606387999998,0.004455000000000098,1.0,0.0,1,8.0,0.0036079490141919346,0.005398828957747572,-20.0819091,-4.19385532,0,1,-4.040696419666666,0.4551282614324888,-4.795868,-2.897644,1.8982239999999995,0.8478704442993921,0.012567595377195762,-20.406593466666667,0.768311204109069,-21.911896,-19.600983,2.3109129999999993,-0.8512652841478315,-0.724409005287109,-0.0019198518394648815,0.034405686123745005,-0.16171259999999998,0.3261566,0.4878692,4.415310804946382,38.46651623971697,-0.002717899665551839,0.03293358993128008,-0.18814099999999812,0.20324700000000107,0.3913879999999992,0.37852528051137063,10.033430379847125,0.02443414915848758,0.04099330990041696,0.0,0.3519254618417947,0.3519254618417947,3.9998129245639364,23.504570103288376,0.0,0.0,0.0,0.0,0.0,0.0,0.0,1.0,0.0
40090,-4.18338,110.73674,-20.075806,2441.0757,-118.79474,1,1264.5048685506945,0.0,0.0044555664,0.120114386,0.004120000000000346,0.0,0.004120000000000346,-0.004455000000000098,0.004120000000000346,-0.008910000000000196,0.0044555664,0.0,0.120114386,0.0,0.0,-636.9850954000005,-3017.6821939999977,0.004120000000000346,-1.0,1.0,1,8.0,0.003152195000691531,0.005805572252617165,-20.080606,-4.19217226,0,0,-4.040696419666666,0.4551282614324888,-4.795868,-2.897644,1.8982239999999995,0.8478704442993921,0.012567595377195762,-20.406593466666667,0.768311204109069,-21.911896,-19.600983,2.3109129999999993,-0.8512652841478315,-0.724409005287109,-0.0019198518394648815,0.034405686123745005,-0.16171259999999998,0.3261566,0.4878692,4.415310804946382,38.46651623971697,-0.002717899665551839,0.03293358993128008,-0.18814099999999812,0.20324700000000107,0.3913879999999992,0.37852528051137063,10.033430379847125,0.02443414915848758,0.04099330990041696,0.0,0.3519254618417947,0.3519254618417947,3.9998129245639364,23.504570103288376,0.0,0.0,0.0,0.0,0.0,0.0,0.0,1.0,0.0
40091,-4.1789246,110.73674,-20.075806,2441.0757,-118.79474,1,1264.5048685506945,0.0,0.0044555664,0.120114386,0.004455399999999443,0.0,0.00033539999999909753,0.0,-0.003784600000001248,0.004455000000000098,0.0044555664,0.0,0.120114386,0.0,0.0,-641.1640200000005,-3037.7579999999975,0.004455399999999443,0.0,1.0,1,8.0,0.0031774083149940717,0.006402414722789758,-20.0797485,-4.190043660000001,1,0,-4.040696419666666,0.4551282614324888,-4.795868,-2.897644,1.8982239999999995,0.8478704442993921,0.012567595377195762,-20.406593466666667,0.768311204109069,-21.911896,-19.600983,2.3109129999999993,-0.8512652841478315,-0.724409005287109,-0.0019198518394648815,0.034405686123745005,-0.16171259999999998,0.3261566,0.4878692,4.415310804946382,38.46651623971697,-0.002717899665551839,0.03293358993128008,-0.18814099999999812,0.20324700000000107,0.3913879999999992,0.37852528051137063,10.033430379847125,0.02443414915848758,0.04099330990041696,0.0,0.3519254618417947,0.3519254618417947,3.9998129245639364,23.504570103288376,0.0,0.0,0.0,0.0,0.0,0.0,0.0,1.0,0.0
40092,-4.1789246,110.73674,-20.075806,2441.0757,-118.79474,1,1264.5048685506945,0.0,0.0044555664,0.120114386,0.0,0.0,-0.004455399999999443,0.0,-0.004790799999998541,0.0,0.0044555664,0.0,0.120114386,0.0,0.0,-645.3429446000005,-3057.8338059999974,0.0,0.0,-1.0,0,7.0,0.002936239089228098,0.006181295039278648,-20.078891000000002,-4.18791506,0,0,-4.040696419666666,0.4551282614324888,-4.795868,-2.897644,1.8982239999999995,0.8478704442993921,0.012567595377195762,-20.406593466666667,0.768311204109069,-21.911896,-19.600983,2.3109129999999993,-0.8512652841478315,-0.724409005287109,-0.0019198518394648815,0.034405686123745005,-0.16171259999999998,0.3261566,0.4878692,4.415310804946382,38.46651623971697,-0.002717899665551839,0.03293358993128008,-0.18814099999999812,0.20324700000000107,0.3913879999999992,0.37852528051137063,10.033430379847125,0.02443414915848758,0.04099330990041696,0.0,0.3519254618417947,0.3519254618417947,3.9998129245639364,23.504570103288376,0.0,0.0,0.0,0.0,0.0,0.0,0.0,1.0,0.0
40093,-4.1748047,110.73674,-20.071686,2441.0757,-118.79474,1,1264.5048685506945,0.0,0.0044555664,0.120114386,0.004119900000000065,0.004120000000000346,0.004119900000000065,0.004120000000000346,0.008575299999999508,0.004120000000000346,0.0044555664,0.0,0.120114386,0.0,0.0,-649.5177493000004,-3077.905491999997,0.005826489166728398,1.0,1.0,1,7.0,0.0030413652344231414,0.006696655430417342,-20.0776215,-4.18578646,0,1,-4.040696419666666,0.4551282614324888,-4.795868,-2.897644,1.8982239999999995,0.8478704442993921,0.012567595377195762,-20.406593466666667,0.768311204109069,-21.911896,-19.600983,2.3109129999999993,-0.8512652841478315,-0.724409005287109,-0.0019198518394648815,0.034405686123745005,-0.16171259999999998,0.3261566,0.4878692,4.415310804946382,38.46651623971697,-0.002717899665551839,0.03293358993128008,-0.18814099999999812,0.20324700000000107,0.3913879999999992,0.37852528051137063,10.033430379847125,0.02443414915848758,0.04099330990041696,0.0,0.3519254618417947,0.3519254618417947,3.9998129245639364,23.504570103288376,0.0,0.0,0.0,0.0,0.0,0.0,0.0,1.0,0.0
40094,-4.170349,110.73674,-20.071686,2441.0757,-118.79474,1,1264.5048685506945,0.0,0.0044555664,0.120114386,0.004455700000000284,0.0,0.00033580000000021926,-0.004120000000000346,-0.003784099999999846,-0.008240000000000691,0.0044555664,0.0,0.120114386,0.0,0.0,-653.6880983000004,-3097.9771779999974,0.004455700000000284,-1.0,1.0,1,7.0,0.0034019481331000983,0.0072225037438461,-20.076764,-4.18321229,0,0,-4.040696419666666,0.4551282614324888,-4.795868,-2.897644,1.8982239999999995,0.8478704442993921,0.012567595377195762,-20.406593466666667,0.768311204109069,-21.911896,-19.600983,2.3109129999999993,-0.8512652841478315,-0.724409005287109,-0.0019198518394648815,0.034405686123745005,-0.16171259999999998,0.3261566,0.4878692,4.415310804946382,38.46651623971697,-0.002717899665551839,0.03293358993128008,-0.18814099999999812,0.20324700000000107,0.3913879999999992,0.37852528051137063,10.033430379847125,0.02443414915848758,0.04099330990041696,0.0,0.3519254618417947,0.3519254618417947,3.9998129245639364,23.504570103288376,0.0,0.0,0.0,0.0,0.0,0.0,0.0,1.0,0.0
40095,-4.1617584,110.73674,-20.071686,2441.0757,-118.79474,1,1264.5048685506945,0.0,0.0044555664,0.120114386,0.008590599999999782,0.0,0.004134899999999497,0.0,0.003799099999999278,0.004120000000000346,0.0044555664,0.0,0.120114386,0.0,0.0,-657.8498567000005,-3118.0488639999976,0.008590599999999782,0.0,1.0,1,7.0,0.0035017975130727163,0.009248959918709483,-20.075906500000002,-4.180226129999999,0,0,-4.040696419666666,0.4551282614324888,-4.795868,-2.897644,1.8982239999999995,0.8478704442993921,0.012567595377195762,-20.406593466666667,0.768311204109069,-21.911896,-19.600983,2.3109129999999993,-0.8512652841478315,-0.724409005287109,-0.0019198518394648815,0.034405686123745005,-0.16171259999999998,0.3261566,0.4878692,4.415310804946382,38.46651623971697,-0.002717899665551839,0.03293358993128008,-0.18814099999999812,0.20324700000000107,0.3913879999999992,0.37852528051137063,10.033430379847125,0.02443414915848758,0.04099330990041696,0.0,0.3519254618417947,0.3519254618417947,3.9998129245639364,23.504570103288376,0.0,0.0,0.0,0.0,0.0,0.0,0.0,1.0,0.0
40096,-4.1531677,110.73674,-20.067566,2441.0757,-118.79474,1,1264.5048685506945,0.0,0.0044555664,0.120114386,0.008590700000000062,0.004120000000000346,1.0000000028043132e-07,0.004120000000000346,-0.004134799999999217,0.004120000000000346,0.0044555664,0.0,0.120114386,0.0,0.0,-662.0030244000005,-3138.1164299999978,0.009527566661535564,1.0,1.0,1,7.0,0.004011777659503007,0.011663665133702447,-20.074637000000003,-4.1763809,1,0,-4.040696419666666,0.4551282614324888,-4.795868,-2.897644,1.8982239999999995,0.8478704442993921,0.012567595377195762,-20.406593466666667,0.768311204109069,-21.911896,-19.600983,2.3109129999999993,-0.8512652841478315,-0.724409005287109,-0.0019198518394648815,0.034405686123745005,-0.16171259999999998,0.3261566,0.4878692,4.415310804946382,38.46651623971697,-0.002717899665551839,0.03293358993128008,-0.18814099999999812,0.20324700000000107,0.3913879999999992,0.37852528051137063,10.033430379847125,0.02443414915848758,0.04099330990041696,0.0,0.3519254618417947,0.3519254618417947,3.9998129245639364,23.504570103288376,0.0,0.0,0.0,0.0,0.0,0.0,0.0,1.0,0.0
40097,-4.1445923,110.73674,-20.063095,2441.0757,-118.79474,1,1264.5048685506945,0.0,0.0044555664,0.120114386,0.008575399999999789,0.0044709999999987815,-1.5300000000273428e-05,0.0003509999999984359,-1.540000000055386e-05,-0.0037690000000019097,0.0044555664,0.0,0.120114386,0.0,0.0,-666.1476167000005,-3158.1795249999977,0.009670952701775844,1.0,-1.0,0,7.0,0.004909972531087484,0.014633080454844577,-20.0729204,-4.17209013,0,1,-4.040696419666666,0.4551282614324888,-4.795868,-2.897644,1.8982239999999995,0.8478704442993921,0.012567595377195762,-20.406593466666667,0.768311204109069,-21.911896,-19.600983,2.3109129999999993,-0.8512652841478315,-0.724409005287109,-0.0019198518394648815,0.034405686123745005,-0.16171259999999998,0.3261566,0.4878692,4.415310804946382,38.46651623971697,-0.002717899665551839,0.03293358993128008,-0.18814099999999812,0.20324700000000107,0.3913879999999992,0.37852528051137063,10.033430379847125,0.02443414915848758,0.04099330990041696,0.0,0.3519254618417947,0.3519254618417947,3.9998129245639364,23.504570103288376,0.0,0.0,0.0,0.0,0.0,0.0,0.0,1.0,0.0
40098,-3.9221191,110.73674,-20.251236,2441.0757,-118.79474,1,1264.5048685506945,0.0,0.0044555664,0.120114386,0.22247320000000004,-0.18814099999999812,0.21389780000000025,-0.1926119999999969,0.21391310000000052,-0.19296299999999533,0.0044555664,0.0,0.120114386,0.0,0.0,-670.0697358000006,-3178.430760999998,0.2913612201361727,-1.0,1.0,1,8.0,0.05680013126432065,0.07967468085892668,-20.0900179,-4.14555204,0,0,-4.040696419666666,0.4551282614324888,-4.795868,-2.897644,1.8982239999999995,0.8478704442993921,0.012567595377195762,-20.406593466666667,0.768311204109069,-21.911896,-19.600983,2.3109129999999993,-0.8512652841478315,-0.724409005287109,-0.0019198518394648815,0.034405686123745005,-0.16171259999999998,0.3261566,0.4878692,4.415310804946382,38.46651623971697,-0.002717899665551839,0.03293358993128008,-0.18814099999999812,0.20324700000000107,0.3913879999999992,0.37852528051137063,10.033430379847125,0.02443414915848758,0.04099330990041696,0.0,0.3519254618417947,0.3519254618417947,3.9998129245639364,23.504570103288376,0.0,0.0,0.0,0.0,0.0,0.0,0.0,1.0,0.0
40099,-3.5959625,110.73674,-20.383423,2441.0757,-118.79474,1,1264.5048685506945,0.0,0.0044555664,0.120114386,0.3261566,-0.13218700000000183,0.10368339999999998,0.055953999999996284,-0.11021440000000027,0.24856599999999318,0.0044555664,0.0,0.120114386,0.0,0.0,-673.6656983000006,-3198.814183999998,0.3519254618417947,1.0,1.0,1,8.0,0.10824768252088698,0.18927635958166075,-20.1207796,-4.08639829,1,0,-4.040696419666666,0.4551282614324888,-4.795868,-2.897644,1.8982239999999995,0.8478704442993921,0.012567595377195762,-20.406593466666667,0.768311204109069,-21.911896,-19.600983,2.3109129999999993,-0.8512652841478315,-0.724409005287109,-0.0019198518394648815,0.034405686123745005,-0.16171259999999998,0.3261566,0.4878692,4.415310804946382,38.46651623971697,-0.002717899665551839,0.03293358993128008,-0.18814099999999812,0.20324700000000107,0.3913879999999992,0.37852528051137063,10.033430379847125,0.02443414915848758,0.04099330990041696,0.0,0.3519254618417947,0.3519254618417947,3.9998129245639364,23.504570103288376,0.0,0.0,0.0,0.0,0.0,0.0,0.0,1.0,0.0
40100,-3.4503937,110.73674,-20.27835,2441.0757,-118.79474,1,1264.5048685506945,0.0,0.0044555664,0.120114386,0.1455688000000004,0.10507300000000086,-0.18058779999999963,0.2372600000000027,-0.2842711999999996,0.1813060000000064,0.0044555664,0.0,0.120114386,0.0,0.0,-677.1160920000005,-3219.092533999998,0.17952885802132285,1.0,-1.0,0,7.0,0.11745516686325551,0.271579609260783,-20.141033999999998,-4.01309966,0,1,-4.040696419666666,0.4551282614324888,-4.795868,-2.897644,1.8982239999999995,0.8478704442993921,0.012567595377195762,-20.406593466666667,0.768311204109069,-21.911896,-19.600983,2.3109129999999993,-0.8512652841478315,-0.724409005287109,-0.0019198518394648815,0.034405686123745005,-0.16171259999999998,0.3261566,0.4878692,4.415310804946382,38.46651623971697,-0.002717899665551839,0.03293358993128008,-0.18814099999999812,0.20324700000000107,0.3913879999999992,0.37852528051137063,10.033430379847125,0.02443414915848758,0.04099330990041696,0.0,0.3519254618417947,0.3519254618417947,3.9998129245639364,23.504570103288376,0.0,0.0,0.0,0.0,0.0,0.0,0.0,1.0,0.0
40101,-3.3937378,110.73674,-20.246765,2441.0757,-118.79474,1,1264.5048685506945,0.0,0.0044555664,0.120114386,0.05665589999999998,0.03158499999999975,-0.0889129000000004,-0.07348800000000111,0.09167489999999923,-0.3107480000000038,0.0044555664,0.0,0.120114386,0.0,0.0,-680.5098298000006,-3239.339298999998,0.06486526982762025,-1.0,-1.0,1,7.0,0.11933291453128095,0.32630230177677494,-20.1581299,-3.93458098,0,0,-4.040696419666666,0.4551282614324888,-4.795868,-2.897644,1.8982239999999995,0.8478704442993921,0.012567595377195762,-20.406593466666667,0.768311204109069,-21.911896,-19.600983,2.3109129999999993,-0.8512652841478315,-0.724409005287109,-0.0019198518394648815,0.034405686123745005,-0.16171259999999998,0.3261566,0.4878692,4.415310804946382,38.46651623971697,-0.002717899665551839,0.03293358993128008,-0.18814099999999812,0.20324700000000107,0.3913879999999992,0.37852528051137063,10.033430379847125,0.02443414915848758,0.04099330990041696,0.0,0.3519254618417947,0.3519254618417947,3.9998129245639364,23.504570103288376,0.0,0.0,0.0,0.0,0.0,0.0,0.0,1.0,0.0
40102,-3.5554504,110.73674,-20.255005,2441.0757,-118.79474,1,1264.5048685506945,0.0,0.0044555664,0.120114386,-0.16171259999999998,-0.008240000000000691,-0.21836849999999997,-0.03982500000000044,-0.12945559999999956,0.033663000000000665,0.0044555664,0.0,0.120114386,0.0,0.0,-684.0652802000006,-3259.594303999998,0.16192239684107942,-1.0,-1.0,0,7.0,0.1190515447393656,0.33390333157854496,-20.176049799999998,-3.8722335599999993,0,0,-4.040696419666666,0.4551282614324888,-4.795868,-2.897644,1.8982239999999995,0.8478704442993921,0.012567595377195762,-20.406593466666667,0.768311204109069,-21.911896,-19.600983,2.3109129999999993,-0.8512652841478315,-0.724409005287109,-0.0019198518394648815,0.034405686123745005,-0.16171259999999998,0.3261566,0.4878692,4.415310804946382,38.46651623971697,-0.002717899665551839,0.03293358993128008,-0.18814099999999812,0.20324700000000107,0.3913879999999992,0.37852528051137063,10.033430379847125,0.02443414915848758,0.04099330990041696,0.0,0.3519254618417947,0.3519254618417947,3.9998129245639364,23.504570103288376,0.0,0.0,0.0,0.0,0.0,0.0,0.0,1.0,0.0
40103,-3.374176,110.73674,-20.051758,2441.0757,-118.79474,1,1264.5048685506945,0.0,0.0044555664,0.120114386,0.18127439999999995,0.20324700000000107,0.34298699999999993,0.21148700000000176,0.5613554999999999,0.2513120000000022,0.0044555664,0.0,0.120114386,0.0,0.0,-687.4394562000007,-3279.646061999998,0.27234124018290073,1.0,1.0,1,7.0,0.12114104223400254,0.34894035153099284,-20.174056999999998,-3.7921706900000003,1,1,-4.040696419666666,0.4551282614324888,-4.795868,-2.897644,1.8982239999999995,0.8478704442993921,0.012567595377195762,-20.406593466666667,0.768311204109069,-21.911896,-19.600983,2.3109129999999993,-0.8512652841478315,-0.724409005287109,-0.0019198518394648815,0.034405686123745005,-0.16171259999999998,0.3261566,0.4878692,4.415310804946382,38.46651623971697,-0.002717899665551839,0.03293358993128008,-0.18814099999999812,0.20324700000000107,0.3913879999999992,0.37852528051137063,10.033430379847125,0.02443414915848758,0.04099330990041696,0.0,0.3519254618417947,0.3519254618417947,3.9998129245639364,23.504570103288376,0.0,0.0,0.0,0.0,0.0,0.0,0.0,1.0,0.0
40104,-3.314087,110.73674,-19.960098,2441.0757,-118.79474,1,1264.5048685506945,0.0,0.0044555664,0.120114386,0.06008900000000006,0.09166000000000096,-0.12118539999999989,-0.1115870000000001,-0.4641723999999998,-0.32307400000000186,0.0044555664,0.0,0.120114386,0.0,0.0,-690.7535432000006,-3299.606159999998,0.10960038102579837,-1.0,-1.0,1,7.0,0.13586341707246904,0.35088159439463995,-20.162898199999997,-3.7065444899999997,0,0,-4.040696419666666,0.4551282614324888,-4.795868,-2.897644,1.8982239999999995,0.8478704442993921,0.012567595377195762,-20.406593466666667,0.768311204109069,-21.911896,-19.600983,2.3109129999999993,-0.8512652841478315,-0.724409005287109,-0.0019198518394648815,0.034405686123745005,-0.16171259999999998,0.3261566,0.4878692,4.415310804946382,38.46651623971697,-0.002717899665551839,0.03293358993128008,-0.18814099999999812,0.20324700000000107,0.3913879999999992,0.37852528051137063,10.033430379847125,0.02443414915848758,0.04099330990041696,0.0,0.3519254618417947,0.3519254618417947,3.9998129245639364,23.504570103288376,0.0,0.0,0.0,0.0,0.0,0.0,0.0,1.0,0.0
40105,-3.2828522,110.73674,-19.909973,2441.0757,-118.79474,1,1264.5048685506945,0.0,0.0044555664,0.120114386,0.031234799999999563,0.050124999999997755,-0.028854200000000496,-0.04153500000000321,0.09233119999999939,0.0700519999999969,0.0044555664,0.0,0.120114386,0.0,0.0,-694.0363954000006,-3319.516132999998,0.059060378901931776,-1.0,-1.0,0,6.0,0.15605063096343497,0.33385107815585463,-20.146726899999997,-3.61865387,0,0,-4.040696419666666,0.4551282614324888,-4.795868,-2.897644,1.8982239999999995,0.8478704442993921,0.012567595377195762,-20.406593466666667,0.768311204109069,-21.911896,-19.600983,2.3109129999999993,-0.8512652841478315,-0.724409005287109,-0.0019198518394648815,0.034405686123745005,-0.16171259999999998,0.3261566,0.4878692,4.415310804946382,38.46651623971697,-0.002717899665551839,0.03293358993128008,-0.18814099999999812,0.20324700000000107,0.3913879999999992,0.37852528051137063,10.033430379847125,0.02443414915848758,0.04099330990041696,0.0,0.3519254618417947,0.3519254618417947,3.9998129245639364,23.504570103288376,0.0,0.0,0.0,0.0,0.0,0.0,0.0,1.0,0.0
40106,-3.1671448,110.73674,-19.871521,2441.0757,-118.79474,1,1264.5048685506945,0.0,0.0044555664,0.120114386,0.11570740000000024,0.03845199999999949,0.08447260000000067,-0.011672999999998268,0.11332680000000117,0.02986200000000494,0.0044555664,0.0,0.120114386,0.0,0.0,-697.2035402000006,-3339.387653999998,0.12192931853643739,-1.0,1.0,0,5.0,0.17788718957070757,0.3025888613964868,-20.127122399999998,-3.5200515799999996,1,0,-4.040696419666666,0.4551282614324888,-4.795868,-2.897644,1.8982239999999995,0.8478704442993921,0.012567595377195762,-20.406593466666667,0.768311204109069,-21.911896,-19.600983,2.3109129999999993,-0.8512652841478315,-0.724409005287109,-0.0019198518394648815,0.034405686123745005,-0.16171259999999998,0.3261566,0.4878692,4.415310804946382,38.46651623971697,-0.002717899665551839,0.03293358993128008,-0.18814099999999812,0.20324700000000107,0.3913879999999992,0.37852528051137063,10.033430379847125,0.02443414915848758,0.04099330990041696,0.0,0.3519254618417947,0.3519254618417947,3.9998129245639364,23.504570103288376,0.0,0.0,0.0,0.0,0.0,0.0,0.0,1.0,0.0
40107,-3.0517883,110.73674,-19.871521,2441.0757,-118.79474,1,1264.5048685506945,0.0,0.0044555664,0.120114386,0.11535649999999986,0.0,-0.0003509000000003759,-0.03845199999999949,-0.08482350000000105,-0.02677900000000122,0.0044555664,0.0,0.120114386,0.0,0.0,-700.2553285000006,-3359.259174999998,0.11535649999999986,-1.0,-1.0,0,5.0,0.19503765388705288,0.24354728073658094,-20.107965,-3.41077118,0,0,-4.040696419666666,0.4551282614324888,-4.795868,-2.897644,1.8982239999999995,0.8478704442993921,0.012567595377195762,-20.406593466666667,0.768311204109069,-21.911896,-19.600983,2.3109129999999993,-0.8512652841478315,-0.724409005287109,-0.0019198518394648815,0.034405686123745005,-0.16171259999999998,0.3261566,0.4878692,4.415310804946382,38.46651623971697,-0.002717899665551839,0.03293358993128008,-0.18814099999999812,0.20324700000000107,0.3913879999999992,0.37852528051137063,10.033430379847125,0.02443414915848758,0.04099330990041696,0.0,0.3519254618417947,0.3519254618417947,3.9998129245639364,23.504570103288376,0.0,0.0,0.0,0.0,0.0,0.0,0.0,1.0,0.0
40108,-2.974884,110.73674,-19.871521,2441.0757,-118.79474,1,1264.5048685506945,0.0,0.0044555664,0.120114386,0.07690430000000026,0.0,-0.0384521999999996,0.0,-0.03810129999999923,0.03845199999999949,0.0044555664,0.0,0.120114386,0.0,0.0,-703.2302125000006,-3379.130695999998,0.07690430000000026,0.0,-1.0,1,5.0,0.20091955700296554,0.2034789114163041,-20.069993500000002,-3.3160476699999997,0,0,-4.040696419666666,0.4551282614324888,-4.795868,-2.897644,1.8982239999999995,0.8478704442993921,0.012567595377195762,-20.406593466666667,0.768311204109069,-21.911896,-19.600983,2.3109129999999993,-0.8512652841478315,-0.724409005287109,-0.0019198518394648815,0.034405686123745005,-0.16171259999999998,0.3261566,0.4878692,4.415310804946382,38.46651623971697,-0.002717899665551839,0.03293358993128008,-0.18814099999999812,0.20324700000000107,0.3913879999999992,0.37852528051137063,10.033430379847125,0.02443414915848758,0.04099330990041696,0.0,0.3519254618417947,0.3519254618417947,3.9998129245639364,23.504570103288376,0.0,0.0,0.0,0.0,0.0,0.0,0.0,1.0,0.0
40109,-2.936432,110.73674,-19.832733,2441.0757,-118.79474,1,1264.5048685506945,0.0,0.0044555664,0.120114386,0.03845199999999993,0.03878800000000027,-0.03845230000000033,0.03878800000000027,-1.0000000072452053e-07,0.03878800000000027,0.0044555664,0.0,0.120114386,0.0,0.0,-706.1666445000005,-3398.963428999998,0.054617444539268,1.0,-1.0,1,5.0,0.17982910444716893,0.2094677655745298,-20.0149245,-3.25009462,0,1,-4.040696419666666,0.4551282614324888,-4.795868,-2.897644,1.8982239999999995,0.8478704442993921,0.012567595377195762,-20.406593466666667,0.768311204109069,-21.911896,-19.600983,2.3109129999999993,-0.8512652841478315,-0.724409005287109,-0.0019198518394648815,0.034405686123745005,-0.16171259999999998,0.3261566,0.4878692,4.415310804946382,38.46651623971697,-0.002717899665551839,0.03293358993128008,-0.18814099999999812,0.20324700000000107,0.3913879999999992,0.37852528051137063,10.033430379847125,0.02443414915848758,0.04099330990041696,0.0,0.3519254618417947,0.3519254618417947,3.9998129245639364,23.504570103288376,0.0,0.0,0.0,0.0,0.0,0.0,0.0,1.0,0.0
40110,-2.936432,110.73674,-19.832733,2441.0757,-118.79474,1,1264.5048685506945,0.0,0.0044555664,0.120114386,0.0,0.0,-0.03845199999999993,-0.03878800000000027,3.0000000039720476e-07,-0.07757600000000053,0.0044555664,0.0,0.120114386,0.0,0.0,-709.1030765000005,-3418.7961619999983,0.0,-1.0,-1.0,1,6.0,0.16158584192983358,0.21775101942937986,-19.9703628,-3.19869845,0,0,-4.040696419666666,0.4551282614324888,-4.795868,-2.897644,1.8982239999999995,0.8478704442993921,0.012567595377195762,-20.406593466666667,0.768311204109069,-21.911896,-19.600983,2.3109129999999993,-0.8512652841478315,-0.724409005287109,-0.0019198518394648815,0.034405686123745005,-0.16171259999999998,0.3261566,0.4878692,4.415310804946382,38.46651623971697,-0.002717899665551839,0.03293358993128008,-0.18814099999999812,0.20324700000000107,0.3913879999999992,0.37852528051137063,10.033430379847125,0.02443414915848758,0.04099330990041696,0.0,0.3519254618417947,0.3519254618417947,3.9998129245639364,23.504570103288376,0.0,0.0,0.0,0.0,0.0,0.0,0.0,1.0,0.0
40111,-2.897644,110.73854,-19.832733,2441.0806,-118.79486,1,1264.5048685506945,0.0,0.0044555664,0.120114386,0.03878799999999982,0.0,0.03878799999999982,0.0,0.07723999999999975,0.03878800000000027,0.0044555664,0.0,0.120114386,0.0052215323420521575,0.0016511935077398404,-712.0007205000005,-3438.6288949999985,0.03878799999999982,0.0,1.0,1,6.0,0.13349631488479324,0.2247769477453263,-19.9289596,-3.14908907,1,0,-4.040696419666666,0.4551282614324888,-4.795868,-2.897644,1.8982239999999995,0.8478704442993921,0.012567595377195762,-20.406593466666667,0.768311204109069,-21.911896,-19.600983,2.3109129999999993,-0.8512652841478315,-0.724409005287109,-0.0019198518394648815,0.034405686123745005,-0.16171259999999998,0.3261566,0.4878692,4.415310804946382,38.46651623971697,-0.002717899665551839,0.03293358993128008,-0.18814099999999812,0.20324700000000107,0.3913879999999992,0.37852528051137063,10.033430379847125,0.02443414915848758,0.04099330990041696,0.0,0.3519254618417947,0.3519254618417947,3.9998129245639364,23.504570103288376,0.0,0.0,0.0,0.0,0.0,0.0,0.0,1.0,0.0
40112,-2.897644,110.83105,-19.871521,2441.3362,-118.80176,1,1264.5048685506945,0.0,0.0044555664,0.120114386,0.0,-0.03878800000000027,-0.03878799999999982,-0.03878800000000027,-0.07757599999999965,-0.03878800000000027,0.0044555664,0.0,0.120114386,0.2719137181170014,0.08581889185663787,-714.8983645000005,-3458.5004159999985,0.03878800000000027,-1.0,-1.0,1,7.0,0.06886297737261901,0.18545627003546025,-19.890611200000002,-3.0833084299999998,0,0,-4.040696419666666,0.4551282614324888,-4.795868,-2.897644,1.8982239999999995,0.8478704442993921,0.012567595377195762,-20.406593466666667,0.768311204109069,-21.911896,-19.600983,2.3109129999999993,-0.8512652841478315,-0.724409005287109,-0.0019198518394648815,0.034405686123745005,-0.16171259999999998,0.3261566,0.4878692,4.415310804946382,38.46651623971697,-0.002717899665551839,0.03293358993128008,-0.18814099999999812,0.20324700000000107,0.3913879999999992,0.37852528051137063,10.033430379847125,0.02443414915848758,0.04099330990041696,0.0,0.3519254618417947,0.3519254618417947,3.9998129245639364,23.504570103288376,0.0,0.0,0.0,0.0,0.0,0.0,0.0,1.0,0.0
40113,-2.897644,110.98731,-19.909973,2441.7678,-118.813354,1,1264.5048685506945,0.0,0.0044555664,0.120114386,0.0,-0.03845199999999949,0.0,0.0003360000000007801,0.03878799999999982,0.03912400000000105,0.0044555664,0.0,0.120114386,0.45916246409729655,0.1600628593501186,-717.7960085000005,-3478.4103889999983,0.03845199999999949,1.0,0.0,1,7.0,0.04092713905372077,0.16217456830571747,-19.876432700000002,-3.03565523,0,0,-4.040696419666666,0.4551282614324888,-4.795868,-2.897644,1.8982239999999995,0.8478704442993921,0.012567595377195762,-20.406593466666667,0.768311204109069,-21.911896,-19.600983,2.3109129999999993,-0.8512652841478315,-0.724409005287109,-0.0019198518394648815,0.034405686123745005,-0.16171259999999998,0.3261566,0.4878692,4.415310804946382,38.46651623971697,-0.002717899665551839,0.03293358993128008,-0.18814099999999812,0.20324700000000107,0.3913879999999992,0.37852528051137063,10.033430379847125,0.02443414915848758,0.04099330990041696,0.0,0.3519254618417947,0.3519254618417947,3.9998129245639364,23.504570103288376,0.0,0.0,0.0,0.0,0.0,0.0,0.0,1.0,0.0
40114,-2.897644,111.20066,-19.909973,2442.3567,-118.82922,1,1264.5048685506945,0.0,0.0044555664,0.120114386,0.0,0.0,0.0,0.03845199999999949,0.0,0.038115999999998706,0.0044555664,0.0,0.120114386,0.6265565915826723,0.2337212203116356,-720.6936525000006,-3498.320361999998,0.0,1.0,0.0,0,6.0,0.031533217296484964,0.1337018604051544,-19.871420200000003,-2.99401093,0,1,-4.040696419666666,0.4551282614324888,-4.795868,-2.897644,1.8982239999999995,0.8478704442993921,0.012567595377195762,-20.406593466666667,0.768311204109069,-21.911896,-19.600983,2.3109129999999993,-0.8512652841478315,-0.724409005287109,-0.0019198518394648815,0.034405686123745005,-0.16171259999999998,0.3261566,0.4878692,4.415310804946382,38.46651623971697,-0.002717899665551839,0.03293358993128008,-0.18814099999999812,0.20324700000000107,0.3913879999999992,0.37852528051137063,10.033430379847125,0.02443414915848758,0.04099330990041696,0.0,0.3519254618417947,0.3519254618417947,3.9998129245639364,23.504570103288376,0.0,0.0,0.0,0.0,0.0,0.0,0.0,1.0,0.0
40115,-2.897644,111.47087,-19.948425,2443.1028,-118.849304,1,1264.5048685506945,0.0,0.0044555664,0.120114386,0.0,-0.03845199999999949,0.0,-0.03845199999999949,0.0,-0.07690399999999897,0.0044555664,0.0,0.120114386,0.7937770601097301,0.3059309656259541,-723.5912965000006,-3518.268786999998,0.03845199999999949,-1.0,0.0,1,7.0,0.03836181455331173,0.08938335508103677,-19.8752654,-2.95549011,0,0,-4.040696419666666,0.4551282614324888,-4.795868,-2.897644,1.8982239999999995,0.8478704442993921,0.012567595377195762,-20.406593466666667,0.768311204109069,-21.911896,-19.600983,2.3109129999999993,-0.8512652841478315,-0.724409005287109,-0.0019198518394648815,0.034405686123745005,-0.16171259999999998,0.3261566,0.4878692,4.415310804946382,38.46651623971697,-0.002717899665551839,0.03293358993128008,-0.18814099999999812,0.20324700000000107,0.3913879999999992,0.37852528051137063,10.033430379847125,0.02443414915848758,0.04099330990041696,0.0,0.3519254618417947,0.3519254618417947,3.9998129245639364,23.504570103288376,0.0,0.0,0.0,0.0,0.0,0.0,0.0,1.0,0.0
40116,-2.897644,111.79833,-19.986877,2444.0056,-118.87366,1,1264.5048685506945,0.0,0.0044555664,0.120114386,0.0,-0.03845199999999949,0.0,0.0,0.0,0.03845199999999949,0.0044555664,0.0,0.120114386,0.9606618064312318,0.3739532235216722,-726.4889405000006,-3538.255663999998,0.03845199999999949,0.0,0.0,1,8.0,0.05202252438660976,0.05076071754697916,-19.886801000000002,-2.9285400299999997,0,0,-4.040696419666666,0.4551282614324888,-4.795868,-2.897644,1.8982239999999995,0.8478704442993921,0.012567595377195762,-20.406593466666667,0.768311204109069,-21.911896,-19.600983,2.3109129999999993,-0.8512652841478315,-0.724409005287109,-0.0019198518394648815,0.034405686123745005,-0.16171259999999998,0.3261566,0.4878692,4.415310804946382,38.46651623971697,-0.002717899665551839,0.03293358993128008,-0.18814099999999812,0.20324700000000107,0.3913879999999992,0.37852528051137063,10.033430379847125,0.02443414915848758,0.04099330990041696,0.0,0.3519254618417947,0.3519254618417947,3.9998129245639364,23.504570103288376,0.0,0.0,0.0,0.0,0.0,0.0,0.0,1.0,0.0
40117,-2.936432,112.18323,-20.063782,2445.065,-118.90222,1,1264.5048685506945,0.0,0.0044555664,0.120114386,-0.03878799999999982,-0.076905,-0.03878799999999982,-0.038453000000000515,-0.03878799999999982,-0.038453000000000515,0.0044555664,0.0,0.120114386,1.1275158728817054,0.43458440596300113,-729.4253725000005,-3558.319445999998,0.08613296679553066,-1.0,-1.0,1,9.0,0.07582835451852887,0.027348153605108356,-19.9060271,-2.9170044,0,0,-4.040696419666666,0.4551282614324888,-4.795868,-2.897644,1.8982239999999995,0.8478704442993921,0.012567595377195762,-20.406593466666667,0.768311204109069,-21.911896,-19.600983,2.3109129999999993,-0.8512652841478315,-0.724409005287109,-0.0019198518394648815,0.034405686123745005,-0.16171259999999998,0.3261566,0.4878692,4.415310804946382,38.46651623971697,-0.002717899665551839,0.03293358993128008,-0.18814099999999812,0.20324700000000107,0.3913879999999992,0.37852528051137063,10.033430379847125,0.02443414915848758,0.04099330990041696,0.0,0.3519254618417947,0.3519254618417947,3.9998129245639364,23.504570103288376,0.0,0.0,0.0,0.0,0.0,0.0,0.0,1.0,0.0
40118,-2.974884,112.626015,-20.141022,2446.281,-118.93512,1,1264.5048685506945,0.0,0.0044555664,0.120114386,-0.03845199999999993,-0.07723999999999975,0.00033599999999989194,-0.00033499999999975216,0.039123999999999715,0.03811800000000076,0.0044555664,0.0,0.120114386,1.294525768853113,0.4840783664851202,-732.4002565000005,-3578.460467999998,0.0862819442525489,-1.0,1.0,0,8.0,0.10462542039186809,0.027348153605108356,-19.932977200000003,-2.9170043999999997,1,0,-4.040696419666666,0.4551282614324888,-4.795868,-2.897644,1.8982239999999995,0.8478704442993921,0.012567595377195762,-20.406593466666667,0.768311204109069,-21.911896,-19.600983,2.3109129999999993,-0.8512652841478315,-0.724409005287109,-0.0019198518394648815,0.034405686123745005,-0.16171259999999998,0.3261566,0.4878692,4.415310804946382,38.46651623971697,-0.002717899665551839,0.03293358993128008,-0.18814099999999812,0.20324700000000107,0.3913879999999992,0.37852528051137063,10.033430379847125,0.02443414915848758,0.04099330990041696,0.0,0.3519254618417947,0.3519254618417947,3.9998129245639364,23.504570103288376,0.0,0.0,0.0,0.0,0.0,0.0,0.0,1.0,0.0
40119,-3.0517883,113.12532,-20.179474,2447.6504,-118.97223,1,1264.5048685506945,0.0,0.0044555664,0.120114386,-0.07690430000000026,-0.03845199999999949,-0.03845230000000033,0.03878800000000027,-0.03878830000000022,0.03912300000000002,0.0044555664,0.0,0.120114386,1.4580600108106387,0.5171498132203783,-735.4520448000005,-3598.639941999998,0.08598155419908389,1.0,-1.0,1,8.0,0.12347161077126603,0.05076071754697916,-19.967651300000004,-2.9285400299999997,0,1,-4.040696419666666,0.4551282614324888,-4.795868,-2.897644,1.8982239999999995,0.8478704442993921,0.012567595377195762,-20.406593466666667,0.768311204109069,-21.911896,-19.600983,2.3109129999999993,-0.8512652841478315,-0.724409005287109,-0.0019198518394648815,0.034405686123745005,-0.16171259999999998,0.3261566,0.4878692,4.415310804946382,38.46651623971697,-0.002717899665551839,0.03293358993128008,-0.18814099999999812,0.20324700000000107,0.3913879999999992,0.37852528051137063,10.033430379847125,0.02443414915848758,0.04099330990041696,0.0,0.3519254618417947,0.3519254618417947,3.9998129245639364,23.504570103288376,0.0,0.0,0.0,0.0,0.0,0.0,0.0,1.0,0.0
40120,-3.0902405,113.677,-20.256378,2449.1604,-119.01318,1,1264.5048685506945,0.0,0.0044555664,0.120114386,-0.03845220000000005,-0.07690400000000253,0.03845210000000021,-0.03845200000000304,0.07690440000000054,-0.0772400000000033,0.0044555664,0.0,0.120114386,1.6081441866016446,0.5253513484989412,-738.5422853000006,-3618.896319999998,0.08598137531372937,-1.0,1.0,1,8.0,0.1431470879175755,0.07219488082303654,-20.010015799999998,-2.94392088,0,0,-4.040696419666666,0.4551282614324888,-4.795868,-2.897644,1.8982239999999995,0.8478704442993921,0.012567595377195762,-20.406593466666667,0.768311204109069,-21.911896,-19.600983,2.3109129999999993,-0.8512652841478315,-0.724409005287109,-0.0019198518394648815,0.034405686123745005,-0.16171259999999998,0.3261566,0.4878692,4.415310804946382,38.46651623971697,-0.002717899665551839,0.03293358993128008,-0.18814099999999812,0.20324700000000107,0.3913879999999992,0.37852528051137063,10.033430379847125,0.02443414915848758,0.04099330990041696,0.0,0.3519254618417947,0.3519254618417947,3.9998129245639364,23.504570103288376,0.0,0.0,0.0,0.0,0.0,0.0,0.0,1.0,0.0
40121,-3.1286926,114.27669,-20.256378,2450.7996,-119.05774,1,1264.5048685506945,0.0,0.0044555664,0.120114386,-0.03845209999999977,0.0,1.0000000028043132e-07,0.07690400000000253,-0.03845199999999993,0.11535600000000557,0.0044555664,0.0,0.120114386,1.746021285580088,0.4981484611242929,-741.6709779000006,-3639.152697999998,0.03845209999999977,1.0,1.0,1,8.0,0.14747407788188796,0.09041238895349277,-20.052380300000003,-2.96702574,1,1,-4.040696419666666,0.4551282614324888,-4.795868,-2.897644,1.8982239999999995,0.8478704442993921,0.012567595377195762,-20.406593466666667,0.768311204109069,-21.911896,-19.600983,2.3109129999999993,-0.8512652841478315,-0.724409005287109,-0.0019198518394648815,0.034405686123745005,-0.16171259999999998,0.3261566,0.4878692,4.415310804946382,38.46651623971697,-0.002717899665551839,0.03293358993128008,-0.18814099999999812,0.20324700000000107,0.3913879999999992,0.37852528051137063,10.033430379847125,0.02443414915848758,0.04099330990041696,0.0,0.3519254618417947,0.3519254618417947,3.9998129245639364,23.504570103288376,0.0,0.0,0.0,0.0,0.0,0.0,0.0,1.0,0.0
40122,-3.1671448,114.92095,-20.29483,2452.5576,-119.10559,1,1264.5048685506945,0.0,0.0044555664,0.120114386,-0.03845220000000005,-0.03845199999999949,-1.0000000028043132e-07,-0.03845199999999949,-2.0000000056086265e-07,-0.11535600000000201,0.0044555664,0.0,0.120114386,1.8729454263541525,0.48282282987087344,-744.8381227000006,-3659.447527999998,0.054379481321910055,-1.0,-1.0,1,8.0,0.15051399067842286,0.10621798597239636,-20.0947112,-2.99397582,0,0,-4.040696419666666,0.4551282614324888,-4.795868,-2.897644,1.8982239999999995,0.8478704442993921,0.012567595377195762,-20.406593466666667,0.768311204109069,-21.911896,-19.600983,2.3109129999999993,-0.8512652841478315,-0.724409005287109,-0.0019198518394648815,0.034405686123745005,-0.16171259999999998,0.3261566,0.4878692,4.415310804946382,38.46651623971697,-0.002717899665551839,0.03293358993128008,-0.18814099999999812,0.20324700000000107,0.3913879999999992,0.37852528051137063,10.033430379847125,0.02443414915848758,0.04099330990041696,0.0,0.3519254618417947,0.3519254618417947,3.9998129245639364,23.504570103288376,0.0,0.0,0.0,0.0,0.0,0.0,0.0,1.0,0.0
40123,-3.1671448,115.60604,-20.29483,2454.4248,-119.166565,1,1264.5048685506945,0.0,0.0044555664,0.120114386,0.0,0.0,0.03845220000000005,0.03845199999999949,0.03845230000000033,0.07690399999999897,0.0044555664,0.0,0.120114386,1.9898497678779181,0.4660585173182056,-748.0052675000005,-3679.7423579999977,0.0,1.0,1.0,1,8.0,0.14719525695814972,0.113031437547236,-20.1331969,-3.0209259,1,0,-4.040696419666666,0.4551282614324888,-4.795868,-2.897644,1.8982239999999995,0.8478704442993921,0.012567595377195762,-20.406593466666667,0.768311204109069,-21.911896,-19.600983,2.3109129999999993,-0.8512652841478315,-0.724409005287109,-0.0019198518394648815,0.034405686123745005,-0.16171259999999998,0.3261566,0.4878692,4.415310804946382,38.46651623971697,-0.002717899665551839,0.03293358993128008,-0.18814099999999812,0.20324700000000107,0.3913879999999992,0.37852528051137063,10.033430379847125,0.02443414915848758,0.04099330990041696,0.0,0.3519254618417947,0.3519254618417947,3.9998129245639364,23.504570103288376,0.0,0.0,0.0,0.0,0.0,0.0,0.0,1.0,0.0
40124,-3.2059479,116.32881,-20.29483,2456.3918,-119.24164,1,1264.5048685506945,0.0,0.0044555664,0.120114386,-0.03880309999999998,0.0,-0.03880309999999998,0.0,-0.07725530000000003,-0.03845199999999949,0.0044555664,0.0,0.120114386,2.0969315030599835,0.44468260840367224,-751.2112154000005,-3700.0371879999975,0.03880309999999998,0.0,-1.0,1,9.0,0.13185971142689867,0.11762205811969675,-20.1716826,-3.05175629,0,0,-4.040696419666666,0.4551282614324888,-4.795868,-2.897644,1.8982239999999995,0.8478704442993921,0.012567595377195762,-20.406593466666667,0.768311204109069,-21.911896,-19.600983,2.3109129999999993,-0.8512652841478315,-0.724409005287109,-0.0019198518394648815,0.034405686123745005,-0.16171259999999998,0.3261566,0.4878692,4.415310804946382,38.46651623971697,-0.002717899665551839,0.03293358993128008,-0.18814099999999812,0.20324700000000107,0.3913879999999992,0.37852528051137063,10.033430379847125,0.02443414915848758,0.04099330990041696,0.0,0.3519254618417947,0.3519254618417947,3.9998129245639364,23.504570103288376,0.0,0.0,0.0,0.0,0.0,0.0,0.0,1.0,0.0
40125,-3.2444,117.08613,-20.29483,2458.451,-119.3512,1,1264.5048685506945,0.0,0.0044555664,0.120114386,-0.03845210000000021,0.0,0.00035099999999976816,0.0,0.03915409999999975,0.0,0.0044555664,0.0,0.120114386,2.196779828749479,0.4195318857089185,-754.4556154000005,-3720.3320179999973,0.03845210000000021,0.0,1.0,0,8.0,0.11045589126924521,0.11825188075870469,-20.2063231,-3.08643189,0,0,-4.040696419666666,0.4551282614324888,-4.795868,-2.897644,1.8982239999999995,0.8478704442993921,0.012567595377195762,-20.406593466666667,0.768311204109069,-21.911896,-19.600983,2.3109129999999993,-0.8512652841478315,-0.724409005287109,-0.0019198518394648815,0.034405686123745005,-0.16171259999999998,0.3261566,0.4878692,4.415310804946382,38.46651623971697,-0.002717899665551839,0.03293358993128008,-0.18814099999999812,0.20324700000000107,0.3913879999999992,0.37852528051137063,10.033430379847125,0.02443414915848758,0.04099330990041696,0.0,0.3519254618417947,0.3519254618417947,3.9998129245639364,23.504570103288376,0.0,0.0,0.0,0.0,0.0,0.0,0.0,1.0,0.0
40126,-3.2444,117.87485,-20.29483,2460.5947,-119.58057,1,1264.5048685506945,0.0,0.0044555664,0.120114386,0.0,0.0,0.03845210000000021,0.0,0.03810110000000044,0.0,0.0044555664,0.0,0.120114386,2.2956784455363817,0.3926005635801435,-757.7000154000006,-3740.626847999997,0.0,0.0,1.0,0,7.0,0.08164823653687626,0.10705172671784857,-20.2371184,-3.12110749,1,0,-4.040696419666666,0.4551282614324888,-4.795868,-2.897644,1.8982239999999995,0.8478704442993921,0.012567595377195762,-20.406593466666667,0.768311204109069,-21.911896,-19.600983,2.3109129999999993,-0.8512652841478315,-0.724409005287109,-0.0019198518394648815,0.034405686123745005,-0.16171259999999998,0.3261566,0.4878692,4.415310804946382,38.46651623971697,-0.002717899665551839,0.03293358993128008,-0.18814099999999812,0.20324700000000107,0.3913879999999992,0.37852528051137063,10.033430379847125,0.02443414915848758,0.04099330990041696,0.0,0.3519254618417947,0.3519254618417947,3.9998129245639364,23.504570103288376,0.0,0.0,0.0,0.0,0.0,0.0,0.0,1.0,0.0
40127,-3.2828522,118.692726,-20.29483,2462.8162,-119.76172,1,1264.5048685506945,0.0,0.0044555664,0.120114386,-0.03845220000000005,0.0,-0.03845220000000005,0.0,-0.07690430000000026,0.0,0.0044555664,0.0,0.120114386,2.374194331531534,0.36323225159363015,-760.9828676000005,-3760.921677999997,0.03845220000000005,0.0,-1.0,0,6.0,0.05572224186427225,0.09614587808169112,-20.260223200000002,-3.15574951,0,0,-4.040696419666666,0.4551282614324888,-4.795868,-2.897644,1.8982239999999995,0.8478704442993921,0.012567595377195762,-20.406593466666667,0.768311204109069,-21.911896,-19.600983,2.3109129999999993,-0.8512652841478315,-0.724409005287109,-0.0019198518394648815,0.034405686123745005,-0.16171259999999998,0.3261566,0.4878692,4.415310804946382,38.46651623971697,-0.002717899665551839,0.03293358993128008,-0.18814099999999812,0.20324700000000107,0.3913879999999992,0.37852528051137063,10.033430379847125,0.02443414915848758,0.04099330990041696,0.0,0.3519254618417947,0.3519254618417947,3.9998129245639364,23.504570103288376,0.0,0.0,0.0,0.0,0.0,0.0,0.0,1.0,0.0
40128,-3.2828522,119.53752,-20.29483,2465.109,-119.78113,1,1264.5048685506945,0.0,0.0044555664,0.120114386,0.0,0.0,0.03845220000000005,0.0,0.0769044000000001,0.0,0.0044555664,0.0,0.120114386,2.4435600034651714,0.3332727510370705,-764.2657198000005,-3781.216507999997,0.0,0.0,1.0,0,6.0,0.037368627043159706,0.07969008632435283,-20.275603999999998,-3.18654633,0,0,-4.040696419666666,0.4551282614324888,-4.795868,-2.897644,1.8982239999999995,0.8478704442993921,0.012567595377195762,-20.406593466666667,0.768311204109069,-21.911896,-19.600983,2.3109129999999993,-0.8512652841478315,-0.724409005287109,-0.0019198518394648815,0.034405686123745005,-0.16171259999999998,0.3261566,0.4878692,4.415310804946382,38.46651623971697,-0.002717899665551839,0.03293358993128008,-0.18814099999999812,0.20324700000000107,0.3913879999999992,0.37852528051137063,10.033430379847125,0.02443414915848758,0.04099330990041696,0.0,0.3519254618417947,0.3519254618417947,3.9998129245639364,23.504570103288376,0.0,0.0,0.0,0.0,0.0,0.0,0.0,1.0,0.0
40129,-3.2828522,120.40699,-20.29483,2467.4673,-119.80109,1,1264.5048685506945,0.0,0.0044555664,0.120114386,0.0,0.0,0.0,0.0,-0.03845220000000005,0.0,0.0044555664,0.0,0.120114386,2.513554330524682,0.30567301304642,-767.5485720000005,-3801.5113379999966,0.0,0.0,0.0,0,5.0,0.01621278674452618,0.0690656934327338,-20.2871396,-3.2096527200000002,0,0,-4.040696419666666,0.4551282614324888,-4.795868,-2.897644,1.8982239999999995,0.8478704442993921,0.012567595377195762,-20.406593466666667,0.768311204109069,-21.911896,-19.600983,2.3109129999999993,-0.8512652841478315,-0.724409005287109,-0.0019198518394648815,0.034405686123745005,-0.16171259999999998,0.3261566,0.4878692,4.415310804946382,38.46651623971697,-0.002717899665551839,0.03293358993128008,-0.18814099999999812,0.20324700000000107,0.3913879999999992,0.37852528051137063,10.033430379847125,0.02443414915848758,0.04099330990041696,0.0,0.3519254618417947,0.3519254618417947,3.9998129245639364,23.504570103288376,0.0,0.0,0.0,0.0,0.0,0.0,0.0,1.0,0.0
40130,-3.3213043,121.29889,-20.29483,2469.8857,-119.821594,1,1264.5048685506945,0.0,0.0044555664,0.120114386,-0.03845209999999977,0.0,-0.03845209999999977,0.0,-0.03845209999999977,0.0,0.0044555664,0.0,0.120114386,2.5777052942522554,0.2801795986080194,-770.8698763000004,-3821.8061679999964,0.03845209999999977,0.0,-1.0,0,4.0,0.012159590058009304,0.06306819866728255,-20.2909848,-3.2327591,0,0,-4.040696419666666,0.4551282614324888,-4.795868,-2.897644,1.8982239999999995,0.8478704442993921,0.012567595377195762,-20.406593466666667,0.768311204109069,-21.911896,-19.600983,2.3109129999999993,-0.8512652841478315,-0.724409005287109,-0.0019198518394648815,0.034405686123745005,-0.16171259999999998,0.3261566,0.4878692,4.415310804946382,38.46651623971697,-0.002717899665551839,0.03293358993128008,-0.18814099999999812,0.20324700000000107,0.3913879999999992,0.37852528051137063,10.033430379847125,0.02443414915848758,0.04099330990041696,0.0,0.3519254618417947,0.3519254618417947,3.9998129245639364,23.504570103288376,0.0,0.0,0.0,0.0,0.0,0.0,0.0,1.0,0.0
40131,-3.3213043,122.211426,-20.29483,2472.3594,-119.84253,1,1264.5048685506945,0.0,0.0044555664,0.120114386,0.0,0.0,0.03845209999999977,0.0,0.07690419999999953,0.0,0.0044555664,0.0,0.120114386,2.636731301705209,0.2566247079373005,-774.1911806000004,-3842.1009979999963,0.0,0.0,1.0,0,3.0,0.0,0.056861301496929625,-20.29483,-3.25202027,1,0,-4.040696419666666,0.4551282614324888,-4.795868,-2.897644,1.8982239999999995,0.8478704442993921,0.012567595377195762,-20.406593466666667,0.768311204109069,-21.911896,-19.600983,2.3109129999999993,-0.8512652841478315,-0.724409005287109,-0.0019198518394648815,0.034405686123745005,-0.16171259999999998,0.3261566,0.4878692,4.415310804946382,38.46651623971697,-0.002717899665551839,0.03293358993128008,-0.18814099999999812,0.20324700000000107,0.3913879999999992,0.37852528051137063,10.033430379847125,0.02443414915848758,0.04099330990041696,0.0,0.3519254618417947,0.3519254618417947,3.9998129245639364,23.504570103288376,0.0,0.0,0.0,0.0,0.0,0.0,0.0,1.0,0.0
40132,-3.3597565,123.1428,-20.29483,2474.8838,-119.86694,1,1264.5048685506945,0.0,0.0044555664,0.120114386,-0.03845220000000005,0.0,-0.03845220000000005,0.0,-0.07690429999999981,0.0,0.0044555664,0.0,0.120114386,2.6908453571279796,0.2348837049368475,-777.5509371000004,-3862.395827999996,0.03845220000000005,0.0,-1.0,0,2.0,0.0,0.05753471572356688,-20.29483,-3.27128144,0,0,-4.040696419666666,0.4551282614324888,-4.795868,-2.897644,1.8982239999999995,0.8478704442993921,0.012567595377195762,-20.406593466666667,0.768311204109069,-21.911896,-19.600983,2.3109129999999993,-0.8512652841478315,-0.724409005287109,-0.0019198518394648815,0.034405686123745005,-0.16171259999999998,0.3261566,0.4878692,4.415310804946382,38.46651623971697,-0.002717899665551839,0.03293358993128008,-0.18814099999999812,0.20324700000000107,0.3913879999999992,0.37852528051137063,10.033430379847125,0.02443414915848758,0.04099330990041696,0.0,0.3519254618417947,0.3519254618417947,3.9998129245639364,23.504570103288376,0.0,0.0,0.0,0.0,0.0,0.0,0.0,1.0,0.0
40133,-3.3597565,124.091675,-20.29483,2477.4548,-119.946045,1,1264.5048685506945,0.0,0.0044555664,0.120114386,0.0,0.0,0.03845220000000005,0.0,0.0769044000000001,0.0,0.0044555664,0.0,0.120114386,2.7416532177957067,0.21504727202120685,-780.9106936000004,-3882.690657999996,0.0,0.0,1.0,0,1.0,0.0,0.050624611246078484,-20.29483,-3.29054261,0,0,-4.040696419666666,0.4551282614324888,-4.795868,-2.897644,1.8982239999999995,0.8478704442993921,0.012567595377195762,-20.406593466666667,0.768311204109069,-21.911896,-19.600983,2.3109129999999993,-0.8512652841478315,-0.724409005287109,-0.0019198518394648815,0.034405686123745005,-0.16171259999999998,0.3261566,0.4878692,4.415310804946382,38.46651623971697,-0.002717899665551839,0.03293358993128008,-0.18814099999999812,0.20324700000000107,0.3913879999999992,0.37852528051137063,10.033430379847125,0.02443414915848758,0.04099330990041696,0.0,0.3519254618417947,0.3519254618417947,3.9998129245639364,23.504570103288376,0.0,0.0,0.0,0.0,0.0,0.0,0.0,1.0,0.0
40134,-3.3597565,125.056694,-20.29483,2480.0688,-119.9682,1,1264.5048685506945,0.0,0.0044555664,0.120114386,0.0,0.0,0.0,0.0,-0.03845220000000005,0.0,0.0044555664,0.0,0.120114386,2.7865298337513216,0.19661590788753258,-784.2704501000004,-3902.9854879999957,0.0,0.0,0.0,0,0.0,0.0,0.04513467555845212,-20.29483,-3.3059234699999998,0,0,-4.040696419666666,0.4551282614324888,-4.795868,-2.897644,1.8982239999999995,0.8478704442993921,0.012567595377195762,-20.406593466666667,0.768311204109069,-21.911896,-19.600983,2.3109129999999993,-0.8512652841478315,-0.724409005287109,-0.0019198518394648815,0.034405686123745005,-0.16171259999999998,0.3261566,0.4878692,4.415310804946382,38.46651623971697,-0.002717899665551839,0.03293358993128008,-0.18814099999999812,0.20324700000000107,0.3913879999999992,0.37852528051137063,10.033430379847125,0.02443414915848758,0.04099330990041696,0.0,0.3519254618417947,0.3519254618417947,3.9998129245639364,23.504570103288376,0.0,0.0,0.0,0.0,0.0,0.0,0.0,1.0,0.0
40135,-3.3597565,126.03652,-20.29483,2482.7224,-119.9682,1,1264.5048685506945,0.0,0.0044555664,0.120114386,0.0,0.0,0.0,0.0,0.0,0.0,0.0044555664,0.0,0.120114386,2.8287191359830195,0.17999642313173952,-787.6302066000004,-3923.2803179999955,0.0,0.0,0.0,0,0.0,0.0,0.04231678940354418,-20.29483,-3.31745912,0,0,-4.040696419666666,0.4551282614324888,-4.795868,-2.897644,1.8982239999999995,0.8478704442993921,0.012567595377195762,-20.406593466666667,0.768311204109069,-21.911896,-19.600983,2.3109129999999993,-0.8512652841478315,-0.724409005287109,-0.0019198518394648815,0.034405686123745005,-0.16171259999999998,0.3261566,0.4878692,4.415310804946382,38.46651623971697,-0.002717899665551839,0.03293358993128008,-0.18814099999999812,0.20324700000000107,0.3913879999999992,0.37852528051137063,10.033430379847125,0.02443414915848758,0.04099330990041696,0.0,0.3519254618417947,0.3519254618417947,3.9998129245639364,23.504570103288376,0.0,0.0,0.0,0.0,0.0,0.0,0.0,1.0,0.0
40136,-3.3597565,127.02981,-20.29483,2485.4124,-119.9682,1,1264.5048685506945,0.0,0.0044555664,0.120114386,0.0,0.0,0.0,0.0,0.0,0.0,0.0044555664,0.0,0.120114386,2.8675294286371846,0.16684089186598264,-790.9899631000004,-3943.5751479999954,0.0,0.0,0.0,0,0.0,0.0,0.03533508976653185,-20.29483,-3.32899477,0,0,-4.040696419666666,0.4551282614324888,-4.795868,-2.897644,1.8982239999999995,0.8478704442993921,0.012567595377195762,-20.406593466666667,0.768311204109069,-21.911896,-19.600983,2.3109129999999993,-0.8512652841478315,-0.724409005287109,-0.0019198518394648815,0.034405686123745005,-0.16171259999999998,0.3261566,0.4878692,4.415310804946382,38.46651623971697,-0.002717899665551839,0.03293358993128008,-0.18814099999999812,0.20324700000000107,0.3913879999999992,0.37852528051137063,10.033430379847125,0.02443414915848758,0.04099330990041696,0.0,0.3519254618417947,0.3519254618417947,3.9998129245639364,23.504570103288376,0.0,0.0,0.0,0.0,0.0,0.0,0.0,1.0,0.0
40137,-3.3597565,128.03583,-20.333282,2488.1353,-119.9682,1,1264.5048685506945,0.0,0.0044555664,0.120114386,0.0,-0.03845199999999949,0.0,-0.03845199999999949,0.0,-0.03845199999999949,0.0044555664,0.0,0.120114386,2.902802206558117,0.15439534385786904,-794.3497196000004,-3963.9084299999954,0.03845199999999949,-1.0,0.0,1,1.0,0.012159590057991576,0.03242570525202105,-20.2986752,-3.3366852000000002,0,0,-4.040696419666666,0.4551282614324888,-4.795868,-2.897644,1.8982239999999995,0.8478704442993921,0.012567595377195762,-20.406593466666667,0.768311204109069,-21.911896,-19.600983,2.3109129999999993,-0.8512652841478315,-0.724409005287109,-0.0019198518394648815,0.034405686123745005,-0.16171259999999998,0.3261566,0.4878692,4.415310804946382,38.46651623971697,-0.002717899665551839,0.03293358993128008,-0.18814099999999812,0.20324700000000107,0.3913879999999992,0.37852528051137063,10.033430379847125,0.02443414915848758,0.04099330990041696,0.0,0.3519254618417947,0.3519254618417947,3.9998129245639364,23.504570103288376,0.0,0.0,0.0,0.0,0.0,0.0,0.0,1.0,0.0
40138,-3.3982086,129.05368,-20.371735,2490.8887,-119.9682,1,1264.5048685506945,0.0,0.0044555664,0.120114386,-0.03845209999999977,-0.038453000000000515,-0.03845209999999977,-1.0000000010279564e-06,-0.03845209999999977,0.03845099999999846,0.0044555664,0.0,0.120114386,2.935511911490112,0.1418388435861978,-797.7479282000004,-3984.2801649999956,0.05438011772155354,-1.0,-1.0,0,1.0,0.025953401797797898,0.03165660227132206,-20.306365700000004,-3.3482208400000006,0,0,-4.040696419666666,0.4551282614324888,-4.795868,-2.897644,1.8982239999999995,0.8478704442993921,0.012567595377195762,-20.406593466666667,0.768311204109069,-21.911896,-19.600983,2.3109129999999993,-0.8512652841478315,-0.724409005287109,-0.0019198518394648815,0.034405686123745005,-0.16171259999999998,0.3261566,0.4878692,4.415310804946382,38.46651623971697,-0.002717899665551839,0.03293358993128008,-0.18814099999999812,0.20324700000000107,0.3913879999999992,0.37852528051137063,10.033430379847125,0.02443414915848758,0.04099330990041696,0.0,0.3519254618417947,0.3519254618417947,3.9998129245639364,23.504570103288376,0.0,0.0,0.0,0.0,0.0,0.0,0.0,1.0,0.0
40139,-3.3982086,130.08246,-20.410538,2493.6704,-119.92981,1,1264.5048685506945,0.0,0.0044555664,0.120114386,0.0,-0.03880299999999792,0.03845209999999977,-0.00034999999999740794,0.07690419999999953,-0.00034899999999638,0.0044555664,0.0,0.120114386,2.966094565333339,0.13040208488675734,-801.1461368000004,-4004.6907029999957,0.03880299999999792,-1.0,1.0,0,1.0,0.041422180277257255,0.025634766666804587,-20.317936500000002,-3.35975648,0,0,-4.040696419666666,0.4551282614324888,-4.795868,-2.897644,1.8982239999999995,0.8478704442993921,0.012567595377195762,-20.406593466666667,0.768311204109069,-21.911896,-19.600983,2.3109129999999993,-0.8512652841478315,-0.724409005287109,-0.0019198518394648815,0.034405686123745005,-0.16171259999999998,0.3261566,0.4878692,4.415310804946382,38.46651623971697,-0.002717899665551839,0.03293358993128008,-0.18814099999999812,0.20324700000000107,0.3913879999999992,0.37852528051137063,10.033430379847125,0.02443414915848758,0.04099330990041696,0.0,0.3519254618417947,0.3519254618417947,3.9998129245639364,23.504570103288376,0.0,0.0,0.0,0.0,0.0,0.0,0.0,1.0,0.0
40140,-3.3982086,131.12128,-20.44899,2496.4775,-119.76691,1,1264.5048685506945,0.0,0.0044555664,0.120114386,0.0,-0.03845199999999949,0.0,0.0003509999999984359,-0.03845209999999977,0.0007009999999958438,0.0044555664,0.0,0.120114386,2.997581327070207,0.12044744701789402,-804.5443454000003,-4025.1396929999955,0.03845199999999949,1.0,0.0,1,2.0,0.05745215606657714,0.024319264445305598,-20.3333525,-3.3674469099999995,0,1,-4.040696419666666,0.4551282614324888,-4.795868,-2.897644,1.8982239999999995,0.8478704442993921,0.012567595377195762,-20.406593466666667,0.768311204109069,-21.911896,-19.600983,2.3109129999999993,-0.8512652841478315,-0.724409005287109,-0.0019198518394648815,0.034405686123745005,-0.16171259999999998,0.3261566,0.4878692,4.415310804946382,38.46651623971697,-0.002717899665551839,0.03293358993128008,-0.18814099999999812,0.20324700000000107,0.3913879999999992,0.37852528051137063,10.033430379847125,0.02443414915848758,0.04099330990041696,0.0,0.3519254618417947,0.3519254618417947,3.9998129245639364,23.504570103288376,0.0,0.0,0.0,0.0,0.0,0.0,0.0,1.0,0.0
40141,-3.3982086,132.1697,-20.487442,2499.3079,-119.60272,1,1264.5048685506945,0.0,0.0044555664,0.120114386,0.0,-0.03845200000000304,0.0,-3.552713678800501e-15,0.0,-0.0003510000000019886,0.0044555664,0.0,0.120114386,3.0227978782080354,0.11121170639297842,-807.9425540000003,-4045.6271349999956,0.03845200000000304,-1.0,0.0,1,3.0,0.07322446834515442,0.019856579057053254,-20.3526137,-3.3751373399999998,0,0,-4.040696419666666,0.4551282614324888,-4.795868,-2.897644,1.8982239999999995,0.8478704442993921,0.012567595377195762,-20.406593466666667,0.768311204109069,-21.911896,-19.600983,2.3109129999999993,-0.8512652841478315,-0.724409005287109,-0.0019198518394648815,0.034405686123745005,-0.16171259999999998,0.3261566,0.4878692,4.415310804946382,38.46651623971697,-0.002717899665551839,0.03293358993128008,-0.18814099999999812,0.20324700000000107,0.3913879999999992,0.37852528051137063,10.033430379847125,0.02443414915848758,0.04099330990041696,0.0,0.3519254618417947,0.3519254618417947,3.9998129245639364,23.504570103288376,0.0,0.0,0.0,0.0,0.0,0.0,0.0,1.0,0.0
40142,-3.3982086,133.22725,-20.525894,2502.1597,-119.437256,1,1264.5048685506945,0.0,0.0044555664,0.120114386,0.0,-0.03845199999999949,0.0,3.552713678800501e-15,0.0,7.105427357601002e-15,0.0044555664,0.0,0.120114386,3.0460718274193854,0.10260620009378683,-811.3407626000003,-4066.1530289999955,0.03845199999999949,1.0,0.0,1,4.0,0.08794218685064399,0.020266036136249374,-20.375720100000002,-3.37898255,0,0,-4.040696419666666,0.4551282614324888,-4.795868,-2.897644,1.8982239999999995,0.8478704442993921,0.012567595377195762,-20.406593466666667,0.768311204109069,-21.911896,-19.600983,2.3109129999999993,-0.8512652841478315,-0.724409005287109,-0.0019198518394648815,0.034405686123745005,-0.16171259999999998,0.3261566,0.4878692,4.415310804946382,38.46651623971697,-0.002717899665551839,0.03293358993128008,-0.18814099999999812,0.20324700000000107,0.3913879999999992,0.37852528051137063,10.033430379847125,0.02443414915848758,0.04099330990041696,0.0,0.3519254618417947,0.3519254618417947,3.9998129245639364,23.504570103288376,0.0,0.0,0.0,0.0,0.0,0.0,0.0,1.0,0.0
40143,-3.3982086,134.29288,-20.525894,2505.0312,-119.27063,1,1264.5048685506945,0.0,0.0044555664,0.120114386,0.0,0.0,0.0,0.03845199999999949,0.0,0.038451999999995934,0.0044555664,0.0,0.120114386,3.067383864268461,0.09479688133983809,-814.7389712000003,-4086.6789229999954,0.0,1.0,0.0,0,4.0,0.09444245091074142,0.019856579057052303,-20.398826500000002,-3.38282776,0,1,-4.040696419666666,0.4551282614324888,-4.795868,-2.897644,1.8982239999999995,0.8478704442993921,0.012567595377195762,-20.406593466666667,0.768311204109069,-21.911896,-19.600983,2.3109129999999993,-0.8512652841478315,-0.724409005287109,-0.0019198518394648815,0.034405686123745005,-0.16171259999999998,0.3261566,0.4878692,4.415310804946382,38.46651623971697,-0.002717899665551839,0.03293358993128008,-0.18814099999999812,0.20324700000000107,0.3913879999999992,0.37852528051137063,10.033430379847125,0.02443414915848758,0.04099330990041696,0.0,0.3519254618417947,0.3519254618417947,3.9998129245639364,23.504570103288376,0.0,0.0,0.0,0.0,0.0,0.0,0.0,1.0,0.0
40144,-3.3982086,135.3663,-20.564346,2507.9211,-119.10297,1,1264.5048685506945,0.0,0.0044555664,0.120114386,0.0,-0.03845199999999949,0.0,-0.03845199999999949,0.0,-0.07690399999999897,0.0044555664,0.0,0.120114386,3.087371435703958,0.08738666465868312,-818.1371798000002,-4107.243268999995,0.03845199999999949,-1.0,0.0,1,5.0,0.09977303924888489,0.01857412892624077,-20.4257781,-3.3866729700000002,0,0,-4.040696419666666,0.4551282614324888,-4.795868,-2.897644,1.8982239999999995,0.8478704442993921,0.012567595377195762,-20.406593466666667,0.768311204109069,-21.911896,-19.600983,2.3109129999999993,-0.8512652841478315,-0.724409005287109,-0.0019198518394648815,0.034405686123745005,-0.16171259999999998,0.3261566,0.4878692,4.415310804946382,38.46651623971697,-0.002717899665551839,0.03293358993128008,-0.18814099999999812,0.20324700000000107,0.3913879999999992,0.37852528051137063,10.033430379847125,0.02443414915848758,0.04099330990041696,0.0,0.3519254618417947,0.3519254618417947,3.9998129245639364,23.504570103288376,0.0,0.0,0.0,0.0,0.0,0.0,0.0,1.0,0.0
40145,-3.3982086,136.44707,-20.602798,2510.8276,-118.86926,1,1264.5048685506945,0.0,0.0044555664,0.120114386,0.0,-0.03845199999999949,0.0,0.0,0.0,0.03845199999999949,0.0044555664,0.0,0.120114386,3.109730921960982,0.08108073020820392,-821.5353884000002,-4127.846066999995,0.03845199999999949,0.0,0.0,1,6.0,0.10235892483946378,0.01621282890906776,-20.4565749,-3.39051818,0,0,-4.040696419666666,0.4551282614324888,-4.795868,-2.897644,1.8982239999999995,0.8478704442993921,0.012567595377195762,-20.406593466666667,0.768311204109069,-21.911896,-19.600983,2.3109129999999993,-0.8512652841478315,-0.724409005287109,-0.0019198518394648815,0.034405686123745005,-0.16171259999999998,0.3261566,0.4878692,4.415310804946382,38.46651623971697,-0.002717899665551839,0.03293358993128008,-0.18814099999999812,0.20324700000000107,0.3913879999999992,0.37852528051137063,10.033430379847125,0.02443414915848758,0.04099330990041696,0.0,0.3519254618417947,0.3519254618417947,3.9998129245639364,23.504570103288376,0.0,0.0,0.0,0.0,0.0,0.0,0.0,1.0,0.0
40146,-3.3982086,137.52087,-20.64125,2513.7131,-118.5282,1,1264.5048685506945,0.0,0.0044555664,0.120114386,0.0,-0.03845199999999949,0.0,0.0,0.0,0.0,0.0044555664,0.0,0.120114386,3.097656955442167,0.07127956221527489,-824.9335970000002,-4148.487316999995,0.03845199999999949,0.0,0.0,0,6.0,0.10013265850449435,0.012159621681912541,-20.491216899999998,-3.3943633899999996,0,0,-4.040696419666666,0.4551282614324888,-4.795868,-2.897644,1.8982239999999995,0.8478704442993921,0.012567595377195762,-20.406593466666667,0.768311204109069,-21.911896,-19.600983,2.3109129999999993,-0.8512652841478315,-0.724409005287109,-0.0019198518394648815,0.034405686123745005,-0.16171259999999998,0.3261566,0.4878692,4.415310804946382,38.46651623971697,-0.002717899665551839,0.03293358993128008,-0.18814099999999812,0.20324700000000107,0.3913879999999992,0.37852528051137063,10.033430379847125,0.02443414915848758,0.04099330990041696,0.0,0.3519254618417947,0.3519254618417947,3.9998129245639364,23.504570103288376,0.0,0.0,0.0,0.0,0.0,0.0,0.0,1.0,0.0
40147,-3.3982086,138.58003,-20.718506,2516.5566,-118.19208,1,1264.5048685506945,0.0,0.0044555664,0.120114386,0.0,-0.07725600000000199,0.0,-0.0388040000000025,0.0,-0.0388040000000025,0.0044555664,0.0,0.120114386,3.052914805558728,0.057572018940198894,-828.3318056000002,-4169.205822999995,0.07725600000000199,-1.0,0.0,1,6.0,0.10651869581115103,0.0,-20.5297393,-3.3982086,0,0,-4.040696419666666,0.4551282614324888,-4.795868,-2.897644,1.8982239999999995,0.8478704442993921,0.012567595377195762,-20.406593466666667,0.768311204109069,-21.911896,-19.600983,2.3109129999999993,-0.8512652841478315,-0.724409005287109,-0.0019198518394648815,0.034405686123745005,-0.16171259999999998,0.3261566,0.4878692,4.415310804946382,38.46651623971697,-0.002717899665551839,0.03293358993128008,-0.18814099999999812,0.20324700000000107,0.3913879999999992,0.37852528051137063,10.033430379847125,0.02443414915848758,0.04099330990041696,0.0,0.3519254618417947,0.3519254618417947,3.9998129245639364,23.504570103288376,0.0,0.0,0.0,0.0,0.0,0.0,0.0,1.0,0.0
40148,-3.3982086,139.45975,-20.79541,2518.9226,-117.912415,1,1264.5048685506945,0.0,0.0044555664,0.120114386,0.0,-0.07690399999999897,0.0,0.00035200000000301657,0.0,0.03915600000000552,0.0044555664,0.0,0.120114386,2.5396999410609458,0.16740167760473945,-831.7300142000001,-4190.0012329999945,0.07690399999999897,1.0,0.0,1,7.0,0.1200840467123164,0.0,-20.5721068,-3.3982086,0,0,-4.040696419666666,0.4551282614324888,-4.795868,-2.897644,1.8982239999999995,0.8478704442993921,0.012567595377195762,-20.406593466666667,0.768311204109069,-21.911896,-19.600983,2.3109129999999993,-0.8512652841478315,-0.724409005287109,-0.0019198518394648815,0.034405686123745005,-0.16171259999999998,0.3261566,0.4878692,4.415310804946382,38.46651623971697,-0.002717899665551839,0.03293358993128008,-0.18814099999999812,0.20324700000000107,0.3913879999999992,0.37852528051137063,10.033430379847125,0.02443414915848758,0.04099330990041696,0.0,0.3519254618417947,0.3519254618417947,3.9998129245639364,23.504570103288376,0.0,0.0,0.0,0.0,0.0,0.0,0.0,1.0,0.0
40149,-3.3982086,140.17224,-20.872314,2520.8455,-117.68512,1,1264.5048685506945,0.0,0.0044555664,0.120114386,0.0,-0.07690399999999897,0.0,0.0,0.0,-0.00035200000000301657,0.0044555664,0.0,0.120114386,2.06321337411453,0.34072102830203305,-835.1282228000001,-4210.873546999995,0.07690399999999897,0.0,0.0,1,8.0,0.13843481532797874,0.0,-20.6182844,-3.3982086,0,0,-4.040696419666666,0.4551282614324888,-4.795868,-2.897644,1.8982239999999995,0.8478704442993921,0.012567595377195762,-20.406593466666667,0.768311204109069,-21.911896,-19.600983,2.3109129999999993,-0.8512652841478315,-0.724409005287109,-0.0019198518394648815,0.034405686123745005,-0.16171259999999998,0.3261566,0.4878692,4.415310804946382,38.46651623971697,-0.002717899665551839,0.03293358993128008,-0.18814099999999812,0.20324700000000107,0.3913879999999992,0.37852528051137063,10.033430379847125,0.02443414915848758,0.04099330990041696,0.0,0.3519254618417947,0.3519254618417947,3.9998129245639364,23.504570103288376,0.0,0.0,0.0,0.0,0.0,0.0,0.0,1.0,0.0
40150,-3.3982086,140.73097,-20.949219,2522.361,-117.48059,1,1264.5048685506945,0.0,0.0044555664,0.120114386,0.0,-0.076905,0.0,-1.0000000010279564e-06,0.0,-1.0000000010279564e-06,0.0044555664,0.0,0.120114386,1.6281130132149757,0.5258400854341146,-838.5264314000001,-4231.822765999995,0.076905,-1.0,0.0,1,8.0,0.15927334757010733,0.0,-20.668307300000002,-3.3982086,0,0,-4.040696419666666,0.4551282614324888,-4.795868,-2.897644,1.8982239999999995,0.8478704442993921,0.012567595377195762,-20.406593466666667,0.768311204109069,-21.911896,-19.600983,2.3109129999999993,-0.8512652841478315,-0.724409005287109,-0.0019198518394648815,0.034405686123745005,-0.16171259999999998,0.3261566,0.4878692,4.415310804946382,38.46651623971697,-0.002717899665551839,0.03293358993128008,-0.18814099999999812,0.20324700000000107,0.3913879999999992,0.37852528051137063,10.033430379847125,0.02443414915848758,0.04099330990041696,0.0,0.3519254618417947,0.3519254618417947,3.9998129245639364,23.504570103288376,0.0,0.0,0.0,0.0,0.0,0.0,0.0,1.0,0.0
40151,-3.3982086,141.14822,-20.988007,2523.5027,-117.3103,1,1264.5048685506945,0.0,0.0044555664,0.120114386,0.0,-0.03878800000000027,0.0,0.038116999999999734,0.0,0.03811800000000076,0.0044555664,0.0,0.120114386,1.2274262245040604,0.706102834091004,-841.9246400000001,-4252.810772999995,0.03878800000000027,1.0,0.0,1,8.0,0.17408526095283933,0.0,-20.7183638,-3.3982086,0,1,-4.040696419666666,0.4551282614324888,-4.795868,-2.897644,1.8982239999999995,0.8478704442993921,0.012567595377195762,-20.406593466666667,0.768311204109069,-21.911896,-19.600983,2.3109129999999993,-0.8512652841478315,-0.724409005287109,-0.0019198518394648815,0.034405686123745005,-0.16171259999999998,0.3261566,0.4878692,4.415310804946382,38.46651623971697,-0.002717899665551839,0.03293358993128008,-0.18814099999999812,0.20324700000000107,0.3913879999999992,0.37852528051137063,10.033430379847125,0.02443414915848758,0.04099330990041696,0.0,0.3519254618417947,0.3519254618417947,3.9998129245639364,23.504570103288376,0.0,0.0,0.0,0.0,0.0,0.0,0.0,1.0,0.0
40152,-3.3982086,141.43407,-21.06491,2524.298,-117.19171,1,1264.5048685506945,0.0,0.0044555664,0.120114386,0.0,-0.0769030000000015,0.0,-0.03811500000000123,0.0,-0.07623200000000097,0.0044555664,0.0,0.120114386,0.8533908252375482,0.8706857707416038,-845.3228486,-4273.875682999995,0.0769030000000015,-1.0,0.0,1,8.0,0.19053927058801975,0.0,-20.772265400000002,-3.3982086,0,0,-4.040696419666666,0.4551282614324888,-4.795868,-2.897644,1.8982239999999995,0.8478704442993921,0.012567595377195762,-20.406593466666667,0.768311204109069,-21.911896,-19.600983,2.3109129999999993,-0.8512652841478315,-0.724409005287109,-0.0019198518394648815,0.034405686123745005,-0.16171259999999998,0.3261566,0.4878692,4.415310804946382,38.46651623971697,-0.002717899665551839,0.03293358993128008,-0.18814099999999812,0.20324700000000107,0.3913879999999992,0.37852528051137063,10.033430379847125,0.02443414915848758,0.04099330990041696,0.0,0.3519254618417947,0.3519254618417947,3.9998129245639364,23.504570103288376,0.0,0.0,0.0,0.0,0.0,0.0,0.0,1.0,0.0
40153,-3.4366608,141.5889,-21.103363,2524.747,-117.12482,1,1264.5048685506945,0.0,0.0044555664,0.120114386,-0.03845220000000005,-0.038453000000000515,-0.03845220000000005,0.03845000000000098,-0.03845220000000005,0.07656500000000221,0.0044555664,0.0,0.120114386,0.47963277723698516,1.0140274279397532,-848.7595094000001,-4294.979045999995,0.05438018843145032,1.0,-1.0,1,9.0,0.1950289528698522,0.012159653304687545,-20.8300123,-3.40205382,0,0,-4.040696419666666,0.4551282614324888,-4.795868,-2.897644,1.8982239999999995,0.8478704442993921,0.012567595377195762,-20.406593466666667,0.768311204109069,-21.911896,-19.600983,2.3109129999999993,-0.8512652841478315,-0.724409005287109,-0.0019198518394648815,0.034405686123745005,-0.16171259999999998,0.3261566,0.4878692,4.415310804946382,38.46651623971697,-0.002717899665551839,0.03293358993128008,-0.18814099999999812,0.20324700000000107,0.3913879999999992,0.37852528051137063,10.033430379847125,0.02443414915848758,0.04099330990041696,0.0,0.3519254618417947,0.3519254618417947,3.9998129245639364,23.504570103288376,0.0,0.0,0.0,0.0,0.0,0.0,0.0,1.0,0.0
40154,-3.4366608,141.61392,-21.141815,2524.8496,-117.10962,1,1264.5048685506945,0.0,0.0044555664,0.120114386,0.0,-0.03845199999999949,0.03845220000000005,1.0000000010279564e-06,0.0769044000000001,-0.038448999999999955,0.0044555664,0.0,0.120114386,0.10669489397358446,1.1277872456013607,-852.1961702000001,-4316.120860999995,0.03845199999999949,1.0,1.0,0,8.0,0.19310962007599805,0.016212871072767445,-20.887759199999998,-3.40589904,0,0,-4.040696419666666,0.4551282614324888,-4.795868,-2.897644,1.8982239999999995,0.8478704442993921,0.012567595377195762,-20.406593466666667,0.768311204109069,-21.911896,-19.600983,2.3109129999999993,-0.8512652841478315,-0.724409005287109,-0.0019198518394648815,0.034405686123745005,-0.16171259999999998,0.3261566,0.4878692,4.415310804946382,38.46651623971697,-0.002717899665551839,0.03293358993128008,-0.18814099999999812,0.20324700000000107,0.3913879999999992,0.37852528051137063,10.033430379847125,0.02443414915848758,0.04099330990041696,0.0,0.3519254618417947,0.3519254618417947,3.9998129245639364,23.504570103288376,0.0,0.0,0.0,0.0,0.0,0.0,0.0,1.0,0.0
40155,-3.4366608,141.51796,-21.141815,2524.6028,-117.146484,1,1264.5048685506945,0.0,0.0044555664,0.120114386,0.0,0.0,0.0,0.03845199999999949,-0.03845220000000005,0.03845099999999846,0.0044555664,0.0,0.120114386,0.26735279331989564,1.123631321791047,-855.6328310000001,-4337.262675999995,0.0,1.0,0.0,0,7.0,0.1794774698557319,0.018574177230826633,-20.9416609,-3.40974426,0,1,-4.040696419666666,0.4551282614324888,-4.795868,-2.897644,1.8982239999999995,0.8478704442993921,0.012567595377195762,-20.406593466666667,0.768311204109069,-21.911896,-19.600983,2.3109129999999993,-0.8512652841478315,-0.724409005287109,-0.0019198518394648815,0.034405686123745005,-0.16171259999999998,0.3261566,0.4878692,4.415310804946382,38.46651623971697,-0.002717899665551839,0.03293358993128008,-0.18814099999999812,0.20324700000000107,0.3913879999999992,0.37852528051137063,10.033430379847125,0.02443414915848758,0.04099330990041696,0.0,0.3519254618417947,0.3519254618417947,3.9998129245639364,23.504570103288376,0.0,0.0,0.0,0.0,0.0,0.0,0.0,1.0,0.0
40156,-3.4366608,141.36179,-21.180267,2524.2002,-117.206604,1,1264.5048685506945,0.0,0.0044555664,0.120114386,0.0,-0.03845199999999949,0.0,-0.03845199999999949,0.0,-0.07690399999999897,0.0044555664,0.0,0.120114386,0.43599339822972744,1.022108450851635,-859.0694918000002,-4358.442942999995,0.03845199999999949,-1.0,0.0,1,8.0,0.15900443360758043,0.019856630696826097,-20.995562600000003,-3.4135894799999997,0,0,-4.040696419666666,0.4551282614324888,-4.795868,-2.897644,1.8982239999999995,0.8478704442993921,0.012567595377195762,-20.406593466666667,0.768311204109069,-21.911896,-19.600983,2.3109129999999993,-0.8512652841478315,-0.724409005287109,-0.0019198518394648815,0.034405686123745005,-0.16171259999999998,0.3261566,0.4878692,4.415310804946382,38.46651623971697,-0.002717899665551839,0.03293358993128008,-0.18814099999999812,0.20324700000000107,0.3913879999999992,0.37852528051137063,10.033430379847125,0.02443414915848758,0.04099330990041696,0.0,0.3519254618417947,0.3519254618417947,3.9998129245639364,23.504570103288376,0.0,0.0,0.0,0.0,0.0,0.0,0.0,1.0,0.0
40157,-3.4366608,141.14528,-21.21872,2523.6418,-117.28998,1,1264.5048685506945,0.0,0.0044555664,0.120114386,0.0,-0.038453000000000515,0.0,-1.0000000010279564e-06,0.0,0.03845099999999846,0.0044555664,0.0,0.120114386,0.6046806574353009,0.8195200860557649,-862.5061526000002,-4379.661662999994,0.038453000000000515,-1.0,0.0,0,7.0,0.1396659308466619,0.02026608884087195,-21.045583999999998,-3.4174347,0,0,-4.040696419666666,0.4551282614324888,-4.795868,-2.897644,1.8982239999999995,0.8478704442993921,0.012567595377195762,-20.406593466666667,0.768311204109069,-21.911896,-19.600983,2.3109129999999993,-0.8512652841478315,-0.724409005287109,-0.0019198518394648815,0.034405686123745005,-0.16171259999999998,0.3261566,0.4878692,4.415310804946382,38.46651623971697,-0.002717899665551839,0.03293358993128008,-0.18814099999999812,0.20324700000000107,0.3913879999999992,0.37852528051137063,10.033430379847125,0.02443414915848758,0.04099330990041696,0.0,0.3519254618417947,0.3519254618417947,3.9998129245639364,23.504570103288376,0.0,0.0,0.0,0.0,0.0,0.0,0.0,1.0,0.0
40158,-3.4754639,140.86826,-21.21872,2522.9277,-117.39661,1,1264.5048685506945,0.0,0.0044555664,0.120114386,-0.03880309999999998,0.0,-0.03880309999999998,0.038453000000000515,-0.03880309999999998,0.03845400000000154,0.0044555664,0.0,0.120114386,0.7733361800016649,0.622366373630777,-865.9816165000002,-4400.880382999994,0.03880309999999998,1.0,-1.0,1,7.0,0.11786482783414785,0.026028480567288872,-21.087915,-3.4251602299999995,0,1,-4.040696419666666,0.4551282614324888,-4.795868,-2.897644,1.8982239999999995,0.8478704442993921,0.012567595377195762,-20.406593466666667,0.768311204109069,-21.911896,-19.600983,2.3109129999999993,-0.8512652841478315,-0.724409005287109,-0.0019198518394648815,0.034405686123745005,-0.16171259999999998,0.3261566,0.4878692,4.415310804946382,38.46651623971697,-0.002717899665551839,0.03293358993128008,-0.18814099999999812,0.20324700000000107,0.3913879999999992,0.37852528051137063,10.033430379847125,0.02443414915848758,0.04099330990041696,0.0,0.3519254618417947,0.3519254618417947,3.9998129245639364,23.504570103288376,0.0,0.0,0.0,0.0,0.0,0.0,0.0,1.0,0.0
40159,-3.4754639,140.53036,-21.29596,2522.058,-117.52649,1,1264.5048685506945,0.0,0.0044555664,0.120114386,0.0,-0.07723999999999975,0.03880309999999998,-0.07723999999999975,0.07760619999999996,-0.11569300000000027,0.0044555664,0.0,0.120114386,0.9420314827012578,0.457462320415114,-869.4570804000002,-4422.176342999995,0.07723999999999975,-1.0,1.0,1,7.0,0.10743493961760191,0.028488919724806407,-21.1302796,-3.43288576,1,0,-4.040696419666666,0.4551282614324888,-4.795868,-2.897644,1.8982239999999995,0.8478704442993921,0.012567595377195762,-20.406593466666667,0.768311204109069,-21.911896,-19.600983,2.3109129999999993,-0.8512652841478315,-0.724409005287109,-0.0019198518394648815,0.034405686123745005,-0.16171259999999998,0.3261566,0.4878692,4.415310804946382,38.46651623971697,-0.002717899665551839,0.03293358993128008,-0.18814099999999812,0.20324700000000107,0.3913879999999992,0.37852528051137063,10.033430379847125,0.02443414915848758,0.04099330990041696,0.0,0.3519254618417947,0.3519254618417947,3.9998129245639364,23.504570103288376,0.0,0.0,0.0,0.0,0.0,0.0,0.0,1.0,0.0
40160,-3.513916,140.14871,-21.372864,2521.0776,-117.65765,1,1264.5048685506945,0.0,0.0044555664,0.120114386,-0.03845210000000021,-0.07690399999999897,-0.03845210000000021,0.0003360000000007801,-0.07725520000000019,0.07757600000000053,0.0044555664,0.0,0.120114386,1.0602093322074877,0.35835182381640457,-872.9709964000002,-4443.549206999995,0.08598133059222716,1.0,-1.0,1,7.0,0.1115532448376216,0.03547947928199484,-21.172644100000003,-3.4444565,0,0,-4.040696419666666,0.4551282614324888,-4.795868,-2.897644,1.8982239999999995,0.8478704442993921,0.012567595377195762,-20.406593466666667,0.768311204109069,-21.911896,-19.600983,2.3109129999999993,-0.8512652841478315,-0.724409005287109,-0.0019198518394648815,0.034405686123745005,-0.16171259999999998,0.3261566,0.4878692,4.415310804946382,38.46651623971697,-0.002717899665551839,0.03293358993128008,-0.18814099999999812,0.20324700000000107,0.3913879999999992,0.37852528051137063,10.033430379847125,0.02443414915848758,0.04099330990041696,0.0,0.3519254618417947,0.3519254618417947,3.9998129245639364,23.504570103288376,0.0,0.0,0.0,0.0,0.0,0.0,0.0,1.0,0.0
40161,-3.5523682,139.80322,-21.411316,2520.1902,-117.76257,1,1264.5048685506945,0.0,0.0044555664,0.120114386,-0.03845220000000005,-0.03845199999999949,-9.999999983634211e-08,0.03845199999999949,0.038452000000000375,0.038115999999998706,0.0044555664,0.0,0.120114386,0.9580450440872352,0.3203240959430511,-876.5233646000003,-4464.960522999994,0.054379481321910055,1.0,-1.0,0,6.0,0.11399391022199569,0.04528758668082193,-21.214975,-3.4598724599999997,0,0,-4.040696419666666,0.4551282614324888,-4.795868,-2.897644,1.8982239999999995,0.8478704442993921,0.012567595377195762,-20.406593466666667,0.768311204109069,-21.911896,-19.600983,2.3109129999999993,-0.8512652841478315,-0.724409005287109,-0.0019198518394648815,0.034405686123745005,-0.16171259999999998,0.3261566,0.4878692,4.415310804946382,38.46651623971697,-0.002717899665551839,0.03293358993128008,-0.18814099999999812,0.20324700000000107,0.3913879999999992,0.37852528051137063,10.033430379847125,0.02443414915848758,0.04099330990041696,0.0,0.3519254618417947,0.3519254618417947,3.9998129245639364,23.504570103288376,0.0,0.0,0.0,0.0,0.0,0.0,0.0,1.0,0.0
40162,-3.5523682,139.50143,-21.449768,2519.415,-117.85419,1,1264.5048685506945,0.0,0.0044555664,0.120114386,0.0,-0.03845199999999949,0.03845220000000005,0.0,0.038452299999999884,-0.03845199999999949,0.0044555664,0.0,0.120114386,0.8369029026715531,0.31919063920906826,-880.0757328000003,-4486.410290999995,0.03845199999999949,0.0,1.0,1,6.0,0.1223602080911054,0.04811467970402444,-21.2534608,-3.4752884199999996,1,0,-4.040696419666666,0.4551282614324888,-4.795868,-2.897644,1.8982239999999995,0.8478704442993921,0.012567595377195762,-20.406593466666667,0.768311204109069,-21.911896,-19.600983,2.3109129999999993,-0.8512652841478315,-0.724409005287109,-0.0019198518394648815,0.034405686123745005,-0.16171259999999998,0.3261566,0.4878692,4.415310804946382,38.46651623971697,-0.002717899665551839,0.03293358993128008,-0.18814099999999812,0.20324700000000107,0.3913879999999992,0.37852528051137063,10.033430379847125,0.02443414915848758,0.04099330990041696,0.0,0.3519254618417947,0.3519254618417947,3.9998129245639364,23.504570103288376,0.0,0.0,0.0,0.0,0.0,0.0,0.0,1.0,0.0
40163,-3.5908203,139.23755,-21.48822,2518.7197,-117.9364,1,1264.5048685506945,0.0,0.0044555664,0.120114386,-0.03845209999999977,-0.03845199999999949,-0.03845209999999977,0.0,-0.07690429999999981,0.0,0.0044555664,0.0,0.120114386,0.7482200401618547,0.3148613164178003,-883.6665531000003,-4507.898510999995,0.05437941061109381,0.0,-1.0,0,5.0,0.13017903316918403,0.0580365868824063,-21.2919465,-3.4907043699999996,0,0,-4.040696419666666,0.4551282614324888,-4.795868,-2.897644,1.8982239999999995,0.8478704442993921,0.012567595377195762,-20.406593466666667,0.768311204109069,-21.911896,-19.600983,2.3109129999999993,-0.8512652841478315,-0.724409005287109,-0.0019198518394648815,0.034405686123745005,-0.16171259999999998,0.3261566,0.4878692,4.415310804946382,38.46651623971697,-0.002717899665551839,0.03293358993128008,-0.18814099999999812,0.20324700000000107,0.3913879999999992,0.37852528051137063,10.033430379847125,0.02443414915848758,0.04099330990041696,0.0,0.3519254618417947,0.3519254618417947,3.9998129245639364,23.504570103288376,0.0,0.0,0.0,0.0,0.0,0.0,0.0,1.0,0.0
40164,-3.5908203,139.25412,-21.48822,2518.0208,-118.01904,1,1264.5048685506945,0.0,0.0044555664,0.120114386,0.0,0.0,0.03845209999999977,0.03845199999999949,0.07690419999999953,0.03845199999999949,0.0044555664,0.0,0.120114386,0.7039638801106554,0.24413315772952313,-887.2573734000003,-4529.386730999995,0.0,1.0,1.0,1,6.0,0.13186837005946378,0.062396746345040575,-21.326586999999996,-3.50612032,1,1,-4.040696419666666,0.4551282614324888,-4.795868,-2.897644,1.8982239999999995,0.8478704442993921,0.012567595377195762,-20.406593466666667,0.768311204109069,-21.911896,-19.600983,2.3109129999999993,-0.8512652841478315,-0.724409005287109,-0.0019198518394648815,0.034405686123745005,-0.16171259999999998,0.3261566,0.4878692,4.415310804946382,38.46651623971697,-0.002717899665551839,0.03293358993128008,-0.18814099999999812,0.20324700000000107,0.3913879999999992,0.37852528051137063,10.033430379847125,0.02443414915848758,0.04099330990041696,0.0,0.3519254618417947,0.3519254618417947,3.9998129245639364,23.504570103288376,0.0,0.0,0.0,0.0,0.0,0.0,0.0,1.0,0.0
40165,-3.6292725,139.5459,-21.527023,2517.325,-118.10126,1,1264.5048685506945,0.0,0.0044555664,0.120114386,-0.03845220000000005,-0.038803000000001475,-0.03845220000000005,-0.038803000000001475,-0.07690429999999981,-0.07725500000000096,0.0044555664,0.0,0.120114386,0.7589686006679989,0.18135756205502437,-890.8866459000003,-4550.913753999995,0.05462823897802416,-1.0,-1.0,1,7.0,0.12810533035351174,0.06804581251909786,-21.3651078,-3.52538149,0,0,-4.040696419666666,0.4551282614324888,-4.795868,-2.897644,1.8982239999999995,0.8478704442993921,0.012567595377195762,-20.406593466666667,0.768311204109069,-21.911896,-19.600983,2.3109129999999993,-0.8512652841478315,-0.724409005287109,-0.0019198518394648815,0.034405686123745005,-0.16171259999999998,0.3261566,0.4878692,4.415310804946382,38.46651623971697,-0.002717899665551839,0.03293358993128008,-0.18814099999999812,0.20324700000000107,0.3913879999999992,0.37852528051137063,10.033430379847125,0.02443414915848758,0.04099330990041696,0.0,0.3519254618417947,0.3519254618417947,3.9998129245639364,23.504570103288376,0.0,0.0,0.0,0.0,0.0,0.0,0.0,1.0,0.0
40166,-3.6292725,140.04819,-21.527023,2516.6245,-118.18408,1,1264.5048685506945,0.0,0.0044555664,0.120114386,0.0,0.0,0.03845220000000005,0.038803000000001475,0.0769044000000001,0.07760600000000295,0.0044555664,0.0,0.120114386,0.8659414798356203,0.1352581687643569,-894.5159184000003,-4572.440776999994,0.0,1.0,1.0,1,7.0,0.11912888411652066,0.06739942947294951,-21.399783399999997,-3.5446426599999996,0,0,-4.040696419666666,0.4551282614324888,-4.795868,-2.897644,1.8982239999999995,0.8478704442993921,0.012567595377195762,-20.406593466666667,0.768311204109069,-21.911896,-19.600983,2.3109129999999993,-0.8512652841478315,-0.724409005287109,-0.0019198518394648815,0.034405686123745005,-0.16171259999999998,0.3261566,0.4878692,4.415310804946382,38.46651623971697,-0.002717899665551839,0.03293358993128008,-0.18814099999999812,0.20324700000000107,0.3913879999999992,0.37852528051137063,10.033430379847125,0.02443414915848758,0.04099330990041696,0.0,0.3519254618417947,0.3519254618417947,3.9998129245639364,23.504570103288376,0.0,0.0,0.0,0.0,0.0,0.0,0.0,1.0,0.0
40167,-3.6292725,140.74103,-21.527023,2515.908,-118.26874,1,1264.5048685506945,0.0,0.0044555664,0.120114386,0.0,0.0,0.0,0.0,-0.03845220000000005,-0.038803000000001475,0.0044555664,0.0,0.120114386,1.0002833754491676,0.1206484803585646,-898.1451909000002,-4593.967799999994,0.0,0.0,0.0,1,8.0,0.10626283257685659,0.060255335283541274,-21.430613700000002,-3.56390383,0,0,-4.040696419666666,0.4551282614324888,-4.795868,-2.897644,1.8982239999999995,0.8478704442993921,0.012567595377195762,-20.406593466666667,0.768311204109069,-21.911896,-19.600983,2.3109129999999993,-0.8512652841478315,-0.724409005287109,-0.0019198518394648815,0.034405686123745005,-0.16171259999999998,0.3261566,0.4878692,4.415310804946382,38.46651623971697,-0.002717899665551839,0.03293358993128008,-0.18814099999999812,0.20324700000000107,0.3913879999999992,0.37852528051137063,10.033430379847125,0.02443414915848758,0.04099330990041696,0.0,0.3519254618417947,0.3519254618417947,3.9998129245639364,23.504570103288376,0.0,0.0,0.0,0.0,0.0,0.0,0.0,1.0,0.0
40168,-3.6677246,141.61282,-21.565475,2515.1658,-118.35651,1,1264.5048685506945,0.0,0.0044555664,0.120114386,-0.03845210000000021,-0.03845199999999949,-0.03845210000000021,-0.03845199999999949,-0.03845210000000021,-0.03845199999999949,0.0044555664,0.0,0.120114386,1.1482953526856843,0.1448970416780583,-901.8129155000003,-4615.533274999994,0.05437941061109413,-1.0,-1.0,1,8.0,0.0835934828804775,0.059569811761519424,-21.4652892,-3.5831299000000003,0,0,-4.040696419666666,0.4551282614324888,-4.795868,-2.897644,1.8982239999999995,0.8478704442993921,0.012567595377195762,-20.406593466666667,0.768311204109069,-21.911896,-19.600983,2.3109129999999993,-0.8512652841478315,-0.724409005287109,-0.0019198518394648815,0.034405686123745005,-0.16171259999999998,0.3261566,0.4878692,4.415310804946382,38.46651623971697,-0.002717899665551839,0.03293358993128008,-0.18814099999999812,0.20324700000000107,0.3913879999999992,0.37852528051137063,10.033430379847125,0.02443414915848758,0.04099330990041696,0.0,0.3519254618417947,0.3519254618417947,3.9998129245639364,23.504570103288376,0.0,0.0,0.0,0.0,0.0,0.0,0.0,1.0,0.0
40169,-3.6677246,142.65701,-21.603928,2514.3904,-118.44812,1,1264.5048685506945,0.0,0.0044555664,0.120114386,0.0,-0.038453000000000515,0.03845210000000021,-1.0000000010279564e-06,0.07690420000000042,0.03845099999999846,0.0044555664,0.0,0.120114386,1.30382909470529,0.19308134976138122,-905.4806401000003,-4637.137202999995,0.038453000000000515,-1.0,1.0,0,7.0,0.0698846219065431,0.05142949898795189,-21.496086,-3.60235597,1,0,-4.040696419666666,0.4551282614324888,-4.795868,-2.897644,1.8982239999999995,0.8478704442993921,0.012567595377195762,-20.406593466666667,0.768311204109069,-21.911896,-19.600983,2.3109129999999993,-0.8512652841478315,-0.724409005287109,-0.0019198518394648815,0.034405686123745005,-0.16171259999999998,0.3261566,0.4878692,4.415310804946382,38.46651623971697,-0.002717899665551839,0.03293358993128008,-0.18814099999999812,0.20324700000000107,0.3913879999999992,0.37852528051137063,10.033430379847125,0.02443414915848758,0.04099330990041696,0.0,0.3519254618417947,0.3519254618417947,3.9998129245639364,23.504570103288376,0.0,0.0,0.0,0.0,0.0,0.0,0.0,1.0,0.0
40170,-3.7061768,143.86606,-21.603928,2513.5789,-118.54407,1,1264.5048685506945,0.0,0.0044555664,0.120114386,-0.03845220000000005,0.0,-0.03845220000000005,0.038453000000000515,-0.07690430000000026,0.03845400000000154,0.0044555664,0.0,0.120114386,1.4592945401804205,0.2529905069074296,-909.1868169000003,-4658.741130999995,0.03845220000000005,1.0,-1.0,1,7.0,0.06241609646519549,0.05062460449446466,-21.519192399999998,-3.6215820500000007,0,1,-4.040696419666666,0.4551282614324888,-4.795868,-2.897644,1.8982239999999995,0.8478704442993921,0.012567595377195762,-20.406593466666667,0.768311204109069,-21.911896,-19.600983,2.3109129999999993,-0.8512652841478315,-0.724409005287109,-0.0019198518394648815,0.034405686123745005,-0.16171259999999998,0.3261566,0.4878692,4.415310804946382,38.46651623971697,-0.002717899665551839,0.03293358993128008,-0.18814099999999812,0.20324700000000107,0.3913879999999992,0.37852528051137063,10.033430379847125,0.02443414915848758,0.04099330990041696,0.0,0.3519254618417947,0.3519254618417947,3.9998129245639364,23.504570103288376,0.0,0.0,0.0,0.0,0.0,0.0,0.0,1.0,0.0
40171,-3.7449646,145.22667,-21.64238,2512.7344,-118.64392,1,1264.5048685506945,0.0,0.0044555664,0.120114386,-0.038787799999999706,-0.03845199999999949,-0.0003355999999996584,-0.03845199999999949,0.03811660000000039,-0.076905,0.0044555664,0.0,0.120114386,1.6044967574290323,0.3207393665177879,-912.9317815000003,-4680.383510999995,0.054617302504242536,-1.0,-1.0,1,8.0,0.060791749978250285,0.05753164781750019,-21.542298799999998,-3.64084169,0,0,-4.040696419666666,0.4551282614324888,-4.795868,-2.897644,1.8982239999999995,0.8478704442993921,0.012567595377195762,-20.406593466666667,0.768311204109069,-21.911896,-19.600983,2.3109129999999993,-0.8512652841478315,-0.724409005287109,-0.0019198518394648815,0.034405686123745005,-0.16171259999999998,0.3261566,0.4878692,4.415310804946382,38.46651623971697,-0.002717899665551839,0.03293358993128008,-0.18814099999999812,0.20324700000000107,0.3913879999999992,0.37852528051137063,10.033430379847125,0.02443414915848758,0.04099330990041696,0.0,0.3519254618417947,0.3519254618417947,3.9998129245639364,23.504570103288376,0.0,0.0,0.0,0.0,0.0,0.0,0.0,1.0,0.0
40172,-3.7449646,146.72627,-21.680832,2511.8594,-118.747314,1,1264.5048685506945,0.0,0.0044555664,0.120114386,0.0,-0.03845199999999949,0.038787799999999706,0.0,0.039123399999999364,0.03845199999999949,0.0044555664,0.0,0.120114386,1.7392859107219727,0.378114744489344,-916.6767461000003,-4702.0643429999955,0.03845199999999949,0.0,1.0,1,8.0,0.0654481755392533,0.05685625063864825,-21.5654052,-3.6601013300000007,1,0,-4.040696419666666,0.4551282614324888,-4.795868,-2.897644,1.8982239999999995,0.8478704442993921,0.012567595377195762,-20.406593466666667,0.768311204109069,-21.911896,-19.600983,2.3109129999999993,-0.8512652841478315,-0.724409005287109,-0.0019198518394648815,0.034405686123745005,-0.16171259999999998,0.3261566,0.4878692,4.415310804946382,38.46651623971697,-0.002717899665551839,0.03293358993128008,-0.18814099999999812,0.20324700000000107,0.3913879999999992,0.37852528051137063,10.033430379847125,0.02443414915848758,0.04099330990041696,0.0,0.3519254618417947,0.3519254618417947,3.9998129245639364,23.504570103288376,0.0,0.0,0.0,0.0,0.0,0.0,0.0,1.0,0.0
40173,-3.7834167,148.29144,-21.719284,2510.9329,-118.85681,1,1264.5048685506945,0.0,0.0044555664,0.120114386,-0.03845210000000021,-0.03845199999999949,-0.03845210000000021,0.0,-0.07723989999999992,0.0,0.0044555664,0.0,0.120114386,1.8221275347560177,0.4079346792245058,-920.4601628000003,-4723.783626999995,0.05437941061109413,0.0,-1.0,0,8.0,0.07522798379558668,0.06306185778110805,-21.588511599999997,-3.67936097,0,0,-4.040696419666666,0.4551282614324888,-4.795868,-2.897644,1.8982239999999995,0.8478704442993921,0.012567595377195762,-20.406593466666667,0.768311204109069,-21.911896,-19.600983,2.3109129999999993,-0.8512652841478315,-0.724409005287109,-0.0019198518394648815,0.034405686123745005,-0.16171259999999998,0.3261566,0.4878692,4.415310804946382,38.46651623971697,-0.002717899665551839,0.03293358993128008,-0.18814099999999812,0.20324700000000107,0.3913879999999992,0.37852528051137063,10.033430379847125,0.02443414915848758,0.04099330990041696,0.0,0.3519254618417947,0.3519254618417947,3.9998129245639364,23.504570103288376,0.0,0.0,0.0,0.0,0.0,0.0,0.0,1.0,0.0
40174,-3.821869,149.83595,-21.719284,2509.8386,-118.99042,1,1264.5048685506945,0.0,0.0044555664,0.120114386,-0.038452299999999884,0.0,-1.9999999967268423e-07,0.03845199999999949,0.03845190000000054,0.03845199999999949,0.0044555664,0.0,0.120114386,1.8975919640954053,0.4080802605841091,-924.2820318000003,-4745.502910999995,0.038452299999999884,1.0,-1.0,1,8.0,0.07647599788686824,0.06905868627841447,-21.611618,-3.70246584,0,1,-4.040696419666666,0.4551282614324888,-4.795868,-2.897644,1.8982239999999995,0.8478704442993921,0.012567595377195762,-20.406593466666667,0.768311204109069,-21.911896,-19.600983,2.3109129999999993,-0.8512652841478315,-0.724409005287109,-0.0019198518394648815,0.034405686123745005,-0.16171259999999998,0.3261566,0.4878692,4.415310804946382,38.46651623971697,-0.002717899665551839,0.03293358993128008,-0.18814099999999812,0.20324700000000107,0.3913879999999992,0.37852528051137063,10.033430379847125,0.02443414915848758,0.04099330990041696,0.0,0.3519254618417947,0.3519254618417947,3.9998129245639364,23.504570103288376,0.0,0.0,0.0,0.0,0.0,0.0,0.0,1.0,0.0
40175,-3.860321,151.35663,-21.757736,2508.55,-119.0686,1,1264.5048685506945,0.0,0.0044555664,0.120114386,-0.03845199999999993,-0.03845200000000304,2.9999999995311555e-07,-0.03845200000000304,4.999999996257998e-07,-0.07690400000000253,0.0044555664,0.0,0.120114386,1.9947605707953113,0.3926691036514854,-928.1423528000003,-4767.260646999995,0.05437933990037235,-1.0,1.0,1,8.0,0.08266969842372084,0.07968309798302292,-21.634689299999998,-3.72557069,1,0,-4.040696419666666,0.4551282614324888,-4.795868,-2.897644,1.8982239999999995,0.8478704442993921,0.012567595377195762,-20.406593466666667,0.768311204109069,-21.911896,-19.600983,2.3109129999999993,-0.8512652841478315,-0.724409005287109,-0.0019198518394648815,0.034405686123745005,-0.16171259999999998,0.3261566,0.4878692,4.415310804946382,38.46651623971697,-0.002717899665551839,0.03293358993128008,-0.18814099999999812,0.20324700000000107,0.3913879999999992,0.37852528051137063,10.033430379847125,0.02443414915848758,0.04099330990041696,0.0,0.3519254618417947,0.3519254618417947,3.9998129245639364,23.504570103288376,0.0,0.0,0.0,0.0,0.0,0.0,0.0,1.0,0.0
40176,-3.8987732,152.85963,-21.79654,2507.1191,-119.149475,1,1264.5048685506945,0.0,0.0044555664,0.120114386,-0.03845220000000005,-0.03880399999999895,-2.0000000011677344e-07,-0.00035199999999591114,-5.00000000069889e-07,0.03810000000000713,0.0044555664,0.0,0.120114386,2.076782264857315,0.3668898501057271,-932.0411260000003,-4789.057186999995,0.05462894929284218,-1.0,-1.0,0,7.0,0.08746312679772107,0.08857342859679401,-21.661641,-3.7525207600000003,0,0,-4.040696419666666,0.4551282614324888,-4.795868,-2.897644,1.8982239999999995,0.8478704442993921,0.012567595377195762,-20.406593466666667,0.768311204109069,-21.911896,-19.600983,2.3109129999999993,-0.8512652841478315,-0.724409005287109,-0.0019198518394648815,0.034405686123745005,-0.16171259999999998,0.3261566,0.4878692,4.415310804946382,38.46651623971697,-0.002717899665551839,0.03293358993128008,-0.18814099999999812,0.20324700000000107,0.3913879999999992,0.37852528051137063,10.033430379847125,0.02443414915848758,0.04099330990041696,0.0,0.3519254618417947,0.3519254618417947,3.9998129245639364,23.504570103288376,0.0,0.0,0.0,0.0,0.0,0.0,0.0,1.0,0.0
40177,-3.9372253,154.34633,-21.834991,2505.5576,-119.24011,1,1264.5048685506945,0.0,0.0044555664,0.120114386,-0.03845210000000021,-0.03845099999999846,9.999999983634211e-08,0.0003530000000004918,2.9999999995311555e-07,0.000704999999996403,0.0044555664,0.0,0.120114386,2.157955940983115,0.33636687243765595,-935.9783513000003,-4810.892177999995,0.05437870350982908,1.0,1.0,1,7.0,0.08900185679504584,0.09431001542273071,-21.6924378,-3.78331604,1,0,-4.040696419666666,0.4551282614324888,-4.795868,-2.897644,1.8982239999999995,0.8478704442993921,0.012567595377195762,-20.406593466666667,0.768311204109069,-21.911896,-19.600983,2.3109129999999993,-0.8512652841478315,-0.724409005287109,-0.0019198518394648815,0.034405686123745005,-0.16171259999999998,0.3261566,0.4878692,4.415310804946382,38.46651623971697,-0.002717899665551839,0.03293358993128008,-0.18814099999999812,0.20324700000000107,0.3913879999999992,0.37852528051137063,10.033430379847125,0.02443414915848758,0.04099330990041696,0.0,0.3519254618417947,0.3519254618417947,3.9998129245639364,23.504570103288376,0.0,0.0,0.0,0.0,0.0,0.0,0.0,1.0,0.0
40178,-3.9756775,155.80629,-21.834991,2503.8997,-119.3363,1,1264.5048685506945,0.0,0.0044555664,0.120114386,-0.03845220000000005,0.0,-9.999999983634211e-08,0.03845099999999846,-1.9999999967268423e-07,0.03809799999999797,0.0044555664,0.0,0.120114386,2.2111915628684224,0.3016238611518375,-939.9540288000003,-4832.727168999994,0.03845220000000005,1.0,-1.0,0,6.0,0.08706954400393467,0.10231078063730757,-21.7193894,-3.8141113300000002,0,1,-4.040696419666666,0.4551282614324888,-4.795868,-2.897644,1.8982239999999995,0.8478704442993921,0.012567595377195762,-20.406593466666667,0.768311204109069,-21.911896,-19.600983,2.3109129999999993,-0.8512652841478315,-0.724409005287109,-0.0019198518394648815,0.034405686123745005,-0.16171259999999998,0.3261566,0.4878692,4.415310804946382,38.46651623971697,-0.002717899665551839,0.03293358993128008,-0.18814099999999812,0.20324700000000107,0.3913879999999992,0.37852528051137063,10.033430379847125,0.02443414915848758,0.04099330990041696,0.0,0.3519254618417947,0.3519254618417947,3.9998129245639364,23.504570103288376,0.0,0.0,0.0,0.0,0.0,0.0,0.0,1.0,0.0
40179,-4.0141296,157.05121,-21.873444,2502.129,-119.439026,1,1264.5048685506945,0.0,0.0044555664,0.120114386,-0.03845210000000021,-0.038453000000000515,9.999999983634211e-08,-0.038453000000000515,1.9999999967268423e-07,-0.07690399999999897,0.0044555664,0.0,0.120114386,2.166969526199235,0.255305097235515,-943.9681584000003,-4854.600612999994,0.05438011772155386,-1.0,1.0,1,7.0,0.08904901702811631,0.1058227310819249,-21.746341,-3.84875183,0,0,-4.040696419666666,0.4551282614324888,-4.795868,-2.897644,1.8982239999999995,0.8478704442993921,0.012567595377195762,-20.406593466666667,0.768311204109069,-21.911896,-19.600983,2.3109129999999993,-0.8512652841478315,-0.724409005287109,-0.0019198518394648815,0.034405686123745005,-0.16171259999999998,0.3261566,0.4878692,4.415310804946382,38.46651623971697,-0.002717899665551839,0.03293358993128008,-0.18814099999999812,0.20324700000000107,0.3913879999999992,0.37852528051137063,10.033430379847125,0.02443414915848758,0.04099330990041696,0.0,0.3519254618417947,0.3519254618417947,3.9998129245639364,23.504570103288376,0.0,0.0,0.0,0.0,0.0,0.0,0.0,1.0,0.0
40180,-4.0141296,158.05855,-21.873444,2500.234,-119.54895,1,1264.5048685506945,0.0,0.0044555664,0.120114386,0.0,0.0,0.03845210000000021,0.038453000000000515,0.038452000000000375,0.07690600000000103,0.0044555664,0.0,0.120114386,2.148916508702916,0.20784967067383586,-947.9822880000004,-4876.474056999994,0.0,1.0,1.0,1,7.0,0.08163425854753323,0.10452258057505705,-21.773292599999998,-3.87954711,1,1,-4.040696419666666,0.4551282614324888,-4.795868,-2.897644,1.8982239999999995,0.8478704442993921,0.012567595377195762,-20.406593466666667,0.768311204109069,-21.911896,-19.600983,2.3109129999999993,-0.8512652841478315,-0.724409005287109,-0.0019198518394648815,0.034405686123745005,-0.16171259999999998,0.3261566,0.4878692,4.415310804946382,38.46651623971697,-0.002717899665551839,0.03293358993128008,-0.18814099999999812,0.20324700000000107,0.3913879999999992,0.37852528051137063,10.033430379847125,0.02443414915848758,0.04099330990041696,0.0,0.3519254618417947,0.3519254618417947,3.9998129245639364,23.504570103288376,0.0,0.0,0.0,0.0,0.0,0.0,0.0,1.0,0.0
40181,-4.0913696,158.88403,-21.911896,2498.244,-119.66443,1,1264.5048685506945,0.0,0.0044555664,0.120114386,-0.07723999999999975,-0.03845199999999949,-0.07723999999999975,-0.03845199999999949,-0.11569209999999996,-0.076905,0.0044555664,0.0,0.120114386,2.157510802012154,0.1655017870374524,-952.0736576000004,-4898.385952999994,0.0862819442525487,-1.0,-1.0,1,7.0,0.07802156094071729,0.11209192731366246,-21.8002442,-3.9141876100000004,0,0,-4.040696419666666,0.4551282614324888,-4.795868,-2.897644,1.8982239999999995,0.8478704442993921,0.012567595377195762,-20.406593466666667,0.768311204109069,-21.911896,-19.600983,2.3109129999999993,-0.8512652841478315,-0.724409005287109,-0.0019198518394648815,0.034405686123745005,-0.16171259999999998,0.3261566,0.4878692,4.415310804946382,38.46651623971697,-0.002717899665551839,0.03293358993128008,-0.18814099999999812,0.20324700000000107,0.3913879999999992,0.37852528051137063,10.033430379847125,0.02443414915848758,0.04099330990041696,0.0,0.3519254618417947,0.3519254618417947,3.9998129245639364,23.504570103288376,0.0,0.0,0.0,0.0,0.0,0.0,0.0,1.0,0.0
40182,-4.0913696,159.54219,-21.911896,2496.1665,-119.78497,1,1264.5048685506945,0.0,0.0044555664,0.120114386,0.0,0.0,0.07723999999999975,0.03845199999999949,0.1544799999999995,0.07690399999999897,0.0044555664,0.0,0.120114386,2.1825926617675075,0.13298071598597558,-956.1650272000004,-4920.297848999993,0.0,1.0,1.0,1,7.0,0.07276604020910822,0.10741342228584805,-21.823350599999998,-3.9488281099999996,1,0,-4.040696419666666,0.4551282614324888,-4.795868,-2.897644,1.8982239999999995,0.8478704442993921,0.012567595377195762,-20.406593466666667,0.768311204109069,-21.911896,-19.600983,2.3109129999999993,-0.8512652841478315,-0.724409005287109,-0.0019198518394648815,0.034405686123745005,-0.16171259999999998,0.3261566,0.4878692,4.415310804946382,38.46651623971697,-0.002717899665551839,0.03293358993128008,-0.18814099999999812,0.20324700000000107,0.3913879999999992,0.37852528051137063,10.033430379847125,0.02443414915848758,0.04099330990041696,0.0,0.3519254618417947,0.3519254618417947,3.9998129245639364,23.504570103288376,0.0,0.0,0.0,0.0,0.0,0.0,0.0,1.0,0.0
40183,-4.129822,160.04648,-21.911896,2494.0088,-119.91016,1,1264.5048685506945,0.0,0.0044555664,0.120114386,-0.03845239999999972,0.0,-0.03845239999999972,0.0,-0.11569239999999947,-0.03845199999999949,0.0044555664,0.0,0.120114386,2.2193805960670465,0.10274004023416856,-960.2948492000004,-4942.209744999993,0.03845239999999972,0.0,-1.0,1,8.0,0.06745744489067948,0.1039428155054259,-21.8426118,-3.9834686400000003,0,0,-4.040696419666666,0.4551282614324888,-4.795868,-2.897644,1.8982239999999995,0.8478704442993921,0.012567595377195762,-20.406593466666667,0.768311204109069,-21.911896,-19.600983,2.3109129999999993,-0.8512652841478315,-0.724409005287109,-0.0019198518394648815,0.034405686123745005,-0.16171259999999998,0.3261566,0.4878692,4.415310804946382,38.46651623971697,-0.002717899665551839,0.03293358993128008,-0.18814099999999812,0.20324700000000107,0.3913879999999992,0.37852528051137063,10.033430379847125,0.02443414915848758,0.04099330990041696,0.0,0.3519254618417947,0.3519254618417947,3.9998129245639364,23.504570103288376,0.0,0.0,0.0,0.0,0.0,0.0,0.0,1.0,0.0
40184,-4.168274,160.40945,-21.911896,2491.777,-119.96924,1,1264.5048685506945,0.0,0.0044555664,0.120114386,-0.038452000000000375,0.0,3.9999999934536845e-07,0.0,0.038452799999999066,0.0,0.0044555664,0.0,0.120114386,2.2618949814923073,0.07557343986155629,-964.4631232000004,-4964.121640999992,0.038452000000000375,0.0,1.0,0,7.0,0.05460482040483771,0.10180368640501397,-21.861873,-4.01810914,0,0,-4.040696419666666,0.4551282614324888,-4.795868,-2.897644,1.8982239999999995,0.8478704442993921,0.012567595377195762,-20.406593466666667,0.768311204109069,-21.911896,-19.600983,2.3109129999999993,-0.8512652841478315,-0.724409005287109,-0.0019198518394648815,0.034405686123745005,-0.16171259999999998,0.3261566,0.4878692,4.415310804946382,38.46651623971697,-0.002717899665551839,0.03293358993128008,-0.18814099999999812,0.20324700000000107,0.3913879999999992,0.37852528051137063,10.033430379847125,0.02443414915848758,0.04099330990041696,0.0,0.3519254618417947,0.3519254618417947,3.9998129245639364,23.504570103288376,0.0,0.0,0.0,0.0,0.0,0.0,0.0,1.0,0.0
40185,-4.206726,160.64278,-21.911896,2489.4775,-119.97009,1,1264.5048685506945,0.0,0.0044555664,0.120114386,-0.03845199999999949,0.0,8.881784197001252e-16,0.0,-3.9999999845719003e-07,0.0,0.0044555664,0.0,0.120114386,2.3113078248905676,0.06529208420370311,-968.6698492000004,-4986.033536999992,0.03845199999999949,0.0,1.0,0,6.0,0.04231683786625982,0.10108054843097074,-21.877288999999998,-4.05274964,1,0,-4.040696419666666,0.4551282614324888,-4.795868,-2.897644,1.8982239999999995,0.8478704442993921,0.012567595377195762,-20.406593466666667,0.768311204109069,-21.911896,-19.600983,2.3109129999999993,-0.8512652841478315,-0.724409005287109,-0.0019198518394648815,0.034405686123745005,-0.16171259999999998,0.3261566,0.4878692,4.415310804946382,38.46651623971697,-0.002717899665551839,0.03293358993128008,-0.18814099999999812,0.20324700000000107,0.3913879999999992,0.37852528051137063,10.033430379847125,0.02443414915848758,0.04099330990041696,0.0,0.3519254618417947,0.3519254618417947,3.9998129245639364,23.504570103288376,0.0,0.0,0.0,0.0,0.0,0.0,0.0,1.0,0.0
40186,-4.2836304,160.75677,-21.911896,2487.1157,-119.97095,1,1264.5048685506945,0.0,0.0044555664,0.120114386,-0.0769044000000001,0.0,-0.03845240000000061,0.0,-0.038452400000001496,0.0,0.0044555664,0.0,0.120114386,2.3645493650377896,0.07306932125526167,-972.9534796000004,-5007.945432999992,0.0769044000000001,0.0,-1.0,0,6.0,0.032425942421647515,0.10890422411145947,-21.8888246,-4.091235360000001,0,0,-4.040696419666666,0.4551282614324888,-4.795868,-2.897644,1.8982239999999995,0.8478704442993921,0.012567595377195762,-20.406593466666667,0.768311204109069,-21.911896,-19.600983,2.3109129999999993,-0.8512652841478315,-0.724409005287109,-0.0019198518394648815,0.034405686123745005,-0.16171259999999998,0.3261566,0.4878692,4.415310804946382,38.46651623971697,-0.002717899665551839,0.03293358993128008,-0.18814099999999812,0.20324700000000107,0.3913879999999992,0.37852528051137063,10.033430379847125,0.02443414915848758,0.04099330990041696,0.0,0.3519254618417947,0.3519254618417947,3.9998129245639364,23.504570103288376,0.0,0.0,0.0,0.0,0.0,0.0,0.0,1.0,0.0
40187,-4.3224335,160.7613,-21.911896,2484.6965,-119.97186,1,1264.5048685506945,0.0,0.0044555664,0.120114386,-0.03880309999999998,0.0,0.038101300000000116,0.0,0.07655370000000072,0.0,0.0044555664,0.0,0.120114386,2.4192044124048557,0.09308680939769569,-977.2759131000004,-5029.857328999991,0.03880309999999998,0.0,1.0,0,5.0,0.026886119475141294,0.11625456544793869,-21.8965151,-4.129756179999999,0,0,-4.040696419666666,0.4551282614324888,-4.795868,-2.897644,1.8982239999999995,0.8478704442993921,0.012567595377195762,-20.406593466666667,0.768311204109069,-21.911896,-19.600983,2.3109129999999993,-0.8512652841478315,-0.724409005287109,-0.0019198518394648815,0.034405686123745005,-0.16171259999999998,0.3261566,0.4878692,4.415310804946382,38.46651623971697,-0.002717899665551839,0.03293358993128008,-0.18814099999999812,0.20324700000000107,0.3913879999999992,0.37852528051137063,10.033430379847125,0.02443414915848758,0.04099330990041696,0.0,0.3519254618417947,0.3519254618417947,3.9998129245639364,23.504570103288376,0.0,0.0,0.0,0.0,0.0,0.0,0.0,1.0,0.0
40188,-4.3608856,160.66534,-21.911896,2482.2249,-119.97278,1,1264.5048685506945,0.0,0.0044555664,0.120114386,-0.03845209999999977,0.0,0.00035100000000021225,0.0,-0.0377502999999999,0.0,0.0044555664,0.0,0.120114386,2.4734622956494157,0.1166665705964657,-981.6367987000003,-5051.769224999991,0.03845209999999977,0.0,1.0,0,5.0,0.016212786741678212,0.12314316736395022,-21.904205599999997,-4.16827699,1,0,-4.040696419666666,0.4551282614324888,-4.795868,-2.897644,1.8982239999999995,0.8478704442993921,0.012567595377195762,-20.406593466666667,0.768311204109069,-21.911896,-19.600983,2.3109129999999993,-0.8512652841478315,-0.724409005287109,-0.0019198518394648815,0.034405686123745005,-0.16171259999999998,0.3261566,0.4878692,4.415310804946382,38.46651623971697,-0.002717899665551839,0.03293358993128008,-0.18814099999999812,0.20324700000000107,0.3913879999999992,0.37852528051137063,10.033430379847125,0.02443414915848758,0.04099330990041696,0.0,0.3519254618417947,0.3519254618417947,3.9998129245639364,23.504570103288376,0.0,0.0,0.0,0.0,0.0,0.0,0.0,1.0,0.0
40189,-4.399338,160.47697,-21.911896,2479.7046,-119.9729,1,1264.5048685506945,0.0,0.0044555664,0.120114386,-0.03845240000000061,0.0,-3.0000000084129397e-07,0.0,-0.00035130000000105355,0.0,0.0044555664,0.0,0.120114386,2.5273296898704514,0.13527746018790185,-986.0361367000003,-5073.6811209999905,0.03845240000000061,0.0,-1.0,0,4.0,0.012159590054210826,0.12964369049701965,-21.9080508,-4.20679783,0,0,-4.040696419666666,0.4551282614324888,-4.795868,-2.897644,1.8982239999999995,0.8478704442993921,0.012567595377195762,-20.406593466666667,0.768311204109069,-21.911896,-19.600983,2.3109129999999993,-0.8512652841478315,-0.724409005287109,-0.0019198518394648815,0.034405686123745005,-0.16171259999999998,0.3261566,0.4878692,4.415310804946382,38.46651623971697,-0.002717899665551839,0.03293358993128008,-0.18814099999999812,0.20324700000000107,0.3913879999999992,0.37852528051137063,10.033430379847125,0.02443414915848758,0.04099330990041696,0.0,0.3519254618417947,0.3519254618417947,3.9998129245639364,23.504570103288376,0.0,0.0,0.0,0.0,0.0,0.0,0.0,1.0,0.0
40190,-4.43779,160.20381,-21.911896,2477.14,-119.97302,1,1264.5048685506945,0.0,0.0044555664,0.120114386,-0.03845199999999949,0.0,4.000000011217253e-07,0.0,7.000000019630193e-07,0.0,0.0044555664,0.0,0.120114386,2.5791063491063704,0.1474133970202937,-990.4739267000002,-5095.59301699999,0.03845199999999949,0.0,1.0,0,3.0,0.0,0.12890776231620535,-21.911896,-4.24916387,0,0,-4.040696419666666,0.4551282614324888,-4.795868,-2.897644,1.8982239999999995,0.8478704442993921,0.012567595377195762,-20.406593466666667,0.768311204109069,-21.911896,-19.600983,2.3109129999999993,-0.8512652841478315,-0.724409005287109,-0.0019198518394648815,0.034405686123745005,-0.16171259999999998,0.3261566,0.4878692,4.415310804946382,38.46651623971697,-0.002717899665551839,0.03293358993128008,-0.18814099999999812,0.20324700000000107,0.3913879999999992,0.37852528051137063,10.033430379847125,0.02443414915848758,0.04099330990041696,0.0,0.3519254618417947,0.3519254618417947,3.9998129245639364,23.504570103288376,0.0,0.0,0.0,0.0,0.0,0.0,0.0,1.0,0.0
40191,-4.43779,159.8526,-21.911896,2474.5344,-120.01312,1,1264.5048685506945,0.0,0.0044555664,0.120114386,0.0,0.0,0.03845199999999949,0.0,0.038451599999998365,0.0,0.0044555664,0.0,0.120114386,2.6294691163996045,0.15445185770726627,-994.9117167000002,-5117.50491299999,0.0,0.0,1.0,0,2.0,0.0,0.12833765213021656,-21.911896,-4.28380591,1,0,-4.040696419666666,0.4551282614324888,-4.795868,-2.897644,1.8982239999999995,0.8478704442993921,0.012567595377195762,-20.406593466666667,0.768311204109069,-21.911896,-19.600983,2.3109129999999993,-0.8512652841478315,-0.724409005287109,-0.0019198518394648815,0.034405686123745005,-0.16171259999999998,0.3261566,0.4878692,4.415310804946382,38.46651623971697,-0.002717899665551839,0.03293358993128008,-0.18814099999999812,0.20324700000000107,0.3913879999999992,0.37852528051137063,10.033430379847125,0.02443414915848758,0.04099330990041696,0.0,0.3519254618417947,0.3519254618417947,3.9998129245639364,23.504570103288376,0.0,0.0,0.0,0.0,0.0,0.0,0.0,1.0,0.0
40192,-4.476242,159.42961,-21.911896,2471.8914,-120.07495,1,1264.5048685506945,0.0,0.0044555664,0.120114386,-0.038452000000000375,0.0,-0.038452000000000375,0.0,-0.07690399999999986,0.0,0.0044555664,0.0,0.120114386,2.677348032848952,0.15741420837105607,-999.3879587000001,-5139.416808999989,0.038452000000000375,0.0,-1.0,0,1.0,0.0,0.12175668609912282,-21.911896,-4.32229315,0,0,-4.040696419666666,0.4551282614324888,-4.795868,-2.897644,1.8982239999999995,0.8478704442993921,0.012567595377195762,-20.406593466666667,0.768311204109069,-21.911896,-19.600983,2.3109129999999993,-0.8512652841478315,-0.724409005287109,-0.0019198518394648815,0.034405686123745005,-0.16171259999999998,0.3261566,0.4878692,4.415310804946382,38.46651623971697,-0.002717899665551839,0.03293358993128008,-0.18814099999999812,0.20324700000000107,0.3913879999999992,0.37852528051137063,10.033430379847125,0.02443414915848758,0.04099330990041696,0.0,0.3519254618417947,0.3519254618417947,3.9998129245639364,23.504570103288376,0.0,0.0,0.0,0.0,0.0,0.0,0.0,1.0,0.0
40193,-4.476242,158.94067,-21.911896,2469.2136,-120.13751,1,1264.5048685506945,0.0,0.0044555664,0.120114386,0.0,0.0,0.038452000000000375,0.0,0.07690400000000075,0.0,0.0044555664,0.0,0.120114386,2.7227906488012685,0.15727551534865608,-1003.8642007000001,-5161.328704999989,0.0,0.0,1.0,0,0.0,0.0,0.1095833719556645,-21.911896,-4.35693515,0,0,-4.040696419666666,0.4551282614324888,-4.795868,-2.897644,1.8982239999999995,0.8478704442993921,0.012567595377195762,-20.406593466666667,0.768311204109069,-21.911896,-19.600983,2.3109129999999993,-0.8512652841478315,-0.724409005287109,-0.0019198518394648815,0.034405686123745005,-0.16171259999999998,0.3261566,0.4878692,4.415310804946382,38.46651623971697,-0.002717899665551839,0.03293358993128008,-0.18814099999999812,0.20324700000000107,0.3913879999999992,0.37852528051137063,10.033430379847125,0.02443414915848758,0.04099330990041696,0.0,0.3519254618417947,0.3519254618417947,3.9998129245639364,23.504570103288376,0.0,0.0,0.0,0.0,0.0,0.0,0.0,1.0,0.0
40194,-4.476242,158.65994,-21.885452,2467.6765,-120.1734,1,1264.5048685506945,0.0,0.0044555664,0.120114386,0.0,0.026443999999997914,0.0,0.026443999999997914,-0.038452000000000375,0.026443999999997914,0.0044555664,0.0,0.120114386,1.562937565931548,0.3317411845233967,-1008.3404427,-5183.214156999989,0.026443999999997914,1.0,0.0,1,1.0,0.008362327037755598,0.09263626882584057,-21.909251599999997,-4.38773195,0,1,-4.040696419666666,0.4551282614324888,-4.795868,-2.897644,1.8982239999999995,0.8478704442993921,0.012567595377195762,-20.406593466666667,0.768311204109069,-21.911896,-19.600983,2.3109129999999993,-0.8512652841478315,-0.724409005287109,-0.0019198518394648815,0.034405686123745005,-0.16171259999999998,0.3261566,0.4878692,4.415310804946382,38.46651623971697,-0.002717899665551839,0.03293358993128008,-0.18814099999999812,0.20324700000000107,0.3913879999999992,0.37852528051137063,10.033430379847125,0.02443414915848758,0.04099330990041696,0.0,0.3519254618417947,0.3519254618417947,3.9998129245639364,23.504570103288376,0.0,0.0,0.0,0.0,0.0,0.0,0.0,1.0,0.0
40195,-4.476242,158.35307,-21.885452,2466.1445,-120.20923,1,1264.5048685506945,0.0,0.0044555664,0.120114386,0.0,0.0,0.0,-0.026443999999997914,0.0,-0.05288799999999583,0.0044555664,0.0,0.120114386,1.5628425978966887,0.4304338636910241,-1012.8166847,-5205.09960899999,0.0,-1.0,0.0,1,2.0,0.011149769387644174,0.07074232766232962,-21.9066072,-4.4146835499999995,0,0,-4.040696419666666,0.4551282614324888,-4.795868,-2.897644,1.8982239999999995,0.8478704442993921,0.012567595377195762,-20.406593466666667,0.768311204109069,-21.911896,-19.600983,2.3109129999999993,-0.8512652841478315,-0.724409005287109,-0.0019198518394648815,0.034405686123745005,-0.16171259999999998,0.3261566,0.4878692,4.415310804946382,38.46651623971697,-0.002717899665551839,0.03293358993128008,-0.18814099999999812,0.20324700000000107,0.3913879999999992,0.37852528051137063,10.033430379847125,0.02443414915848758,0.04099330990041696,0.0,0.3519254618417947,0.3519254618417947,3.9998129245639364,23.504570103288376,0.0,0.0,0.0,0.0,0.0,0.0,0.0,1.0,0.0
40196,-4.491699,158.02217,-21.885452,2464.6174,-120.24487,1,1264.5048685506945,0.0,0.0044555664,0.120114386,-0.01545699999999961,0.0,-0.01545699999999961,0.0,-0.01545699999999961,0.026443999999997914,0.0044555664,0.0,0.120114386,1.5629457538889093,0.4972701238732361,-1017.3083837,-5226.98506099999,0.01545699999999961,0.0,-1.0,1,3.0,0.01277366555143986,0.057220324177635194,-21.9039628,-4.43549041,0,0,-4.040696419666666,0.4551282614324888,-4.795868,-2.897644,1.8982239999999995,0.8478704442993921,0.012567595377195762,-20.406593466666667,0.768311204109069,-21.911896,-19.600983,2.3109129999999993,-0.8512652841478315,-0.724409005287109,-0.0019198518394648815,0.034405686123745005,-0.16171259999999998,0.3261566,0.4878692,4.415310804946382,38.46651623971697,-0.002717899665551839,0.03293358993128008,-0.18814099999999812,0.20324700000000107,0.3913879999999992,0.37852528051137063,10.033430379847125,0.02443414915848758,0.04099330990041696,0.0,0.3519254618417947,0.3519254618417947,3.9998129245639364,23.504570103288376,0.0,0.0,0.0,0.0,0.0,0.0,0.0,1.0,0.0
40197,-4.491699,157.66945,-21.885452,2463.0952,-120.25604,1,1264.5048685506945,0.0,0.0044555664,0.120114386,0.0,0.0,0.01545699999999961,0.0,0.03091399999999922,0.0,0.0044555664,0.0,0.120114386,1.5625712807099812,0.5409145464634779,-1021.8000827000001,-5248.870512999991,0.0,0.0,1.0,0,3.0,0.0136556228768065,0.04343571141220253,-21.9013184,-4.452416959999999,1,0,-4.040696419666666,0.4551282614324888,-4.795868,-2.897644,1.8982239999999995,0.8478704442993921,0.012567595377195762,-20.406593466666667,0.768311204109069,-21.911896,-19.600983,2.3109129999999993,-0.8512652841478315,-0.724409005287109,-0.0019198518394648815,0.034405686123745005,-0.16171259999999998,0.3261566,0.4878692,4.415310804946382,38.46651623971697,-0.002717899665551839,0.03293358993128008,-0.18814099999999812,0.20324700000000107,0.3913879999999992,0.37852528051137063,10.033430379847125,0.02443414915848758,0.04099330990041696,0.0,0.3519254618417947,0.3519254618417947,3.9998129245639364,23.504570103288376,0.0,0.0,0.0,0.0,0.0,0.0,0.0,1.0,0.0
40198,-4.4964905,157.2967,-21.880981,2461.578,-120.2569,1,1264.5048685506945,0.0,0.0044555664,0.120114386,-0.004791500000000504,0.004471000000002334,-0.004791500000000504,0.004471000000002334,-0.020248500000000114,0.004471000000002334,0.0044555664,0.0,0.120114386,1.5623185149324434,0.563399309123934,-1026.2965732,-5270.751493999991,0.0065534962615405295,1.0,-1.0,1,4.0,0.014470025800039183,0.031101210064414776,-21.8982269,-4.46597745,0,0,-4.040696419666666,0.4551282614324888,-4.795868,-2.897644,1.8982239999999995,0.8478704442993921,0.012567595377195762,-20.406593466666667,0.768311204109069,-21.911896,-19.600983,2.3109129999999993,-0.8512652841478315,-0.724409005287109,-0.0019198518394648815,0.034405686123745005,-0.16171259999999998,0.3261566,0.4878692,4.415310804946382,38.46651623971697,-0.002717899665551839,0.03293358993128008,-0.18814099999999812,0.20324700000000107,0.3913879999999992,0.37852528051137063,10.033430379847125,0.02443414915848758,0.04099330990041696,0.0,0.3519254618417947,0.3519254618417947,3.9998129245639364,23.504570103288376,0.0,0.0,0.0,0.0,0.0,0.0,0.0,1.0,0.0
40199,-4.5006104,156.90569,-21.872406,2460.0652,-120.25751,1,1264.5048685506945,0.0,0.0044555664,0.120114386,-0.004119900000000065,0.00857499999999689,0.0006716000000004385,0.0041039999999945564,0.005463100000000942,-0.00036700000000777777,0.0044555664,0.0,0.120114386,1.5625149702322552,0.5637422521164972,-1030.7971836,-5292.623899999991,0.00951336959283866,1.0,1.0,0,4.0,0.015664409028420093,0.022207562366758735,-21.8942779,-4.47610469,1,1,-4.040696419666666,0.4551282614324888,-4.795868,-2.897644,1.8982239999999995,0.8478704442993921,0.012567595377195762,-20.406593466666667,0.768311204109069,-21.911896,-19.600983,2.3109129999999993,-0.8512652841478315,-0.724409005287109,-0.0019198518394648815,0.034405686123745005,-0.16171259999999998,0.3261566,0.4878692,4.415310804946382,38.46651623971697,-0.002717899665551839,0.03293358993128008,-0.18814099999999812,0.20324700000000107,0.3913879999999992,0.37852528051137063,10.033430379847125,0.02443414915848758,0.04099330990041696,0.0,0.3519254618417947,0.3519254618417947,3.9998129245639364,23.504570103288376,0.0,0.0,0.0,0.0,0.0,0.0,0.0,1.0,0.0
40200,-4.505081,156.49823,-21.868286,2458.5566,-120.27246,1,1264.5048685506945,0.0,0.0044555664,0.120114386,-0.004470599999999436,0.004120000000000346,-0.00035069999999937096,-0.004454999999996545,-0.0010222999999998095,-0.008558999999991102,0.0044555664,0.0,0.120114386,1.5627287397691052,0.5384862438587689,-1035.3022646,-5314.492185999991,0.006079528300781057,-1.0,-1.0,1,5.0,0.01627322818445445,0.019314317199024895,-21.8899169,-4.48283379,0,0,-4.040696419666666,0.4551282614324888,-4.795868,-2.897644,1.8982239999999995,0.8478704442993921,0.012567595377195762,-20.406593466666667,0.768311204109069,-21.911896,-19.600983,2.3109129999999993,-0.8512652841478315,-0.724409005287109,-0.0019198518394648815,0.034405686123745005,-0.16171259999999998,0.3261566,0.4878692,4.415310804946382,38.46651623971697,-0.002717899665551839,0.03293358993128008,-0.18814099999999812,0.20324700000000107,0.3913879999999992,0.37852528051137063,10.033430379847125,0.02443414915848758,0.04099330990041696,0.0,0.3519254618417947,0.3519254618417947,3.9998129245639364,23.504570103288376,0.0,0.0,0.0,0.0,0.0,0.0,0.0,1.0,0.0
40201,-4.513672,156.07565,-21.85524,2457.0522,-120.29596,1,1264.5048685506945,0.0,0.0044555664,0.120114386,-0.008591000000000015,0.013046000000002778,-0.004120400000000579,0.008926000000002432,-0.003769700000001208,0.013380999999998977,0.0044555664,0.0,0.120114386,1.5628005203478217,0.4796735019676545,-1039.8159366,-5336.347425999991,0.015620608086757465,1.0,-1.0,1,6.0,0.017580854242594573,0.013758351103644956,-21.8842513,-4.49042199,0,1,-4.040696419666666,0.4551282614324888,-4.795868,-2.897644,1.8982239999999995,0.8478704442993921,0.012567595377195762,-20.406593466666667,0.768311204109069,-21.911896,-19.600983,2.3109129999999993,-0.8512652841478315,-0.724409005287109,-0.0019198518394648815,0.034405686123745005,-0.16171259999999998,0.3261566,0.4878692,4.415310804946382,38.46651623971697,-0.002717899665551839,0.03293358993128008,-0.18814099999999812,0.20324700000000107,0.3913879999999992,0.37852528051137063,10.033430379847125,0.02443414915848758,0.04099330990041696,0.0,0.3519254618417947,0.3519254618417947,3.9998129245639364,23.504570103288376,0.0,0.0,0.0,0.0,0.0,0.0,0.0,1.0,0.0
40202,-4.5219116,155.63924,-21.84253,2455.552,-120.319214,1,1264.5048685506945,0.0,0.0044555664,0.120114386,-0.008239600000000458,0.012709999999998445,0.0003513999999995576,-0.00033600000000433283,0.004471800000000137,-0.009262000000006765,0.0044555664,0.0,0.120114386,1.5625602313561695,0.3668557340207747,-1044.3378482,-5358.189955999991,0.015147115506259533,-1.0,1.0,1,7.0,0.019081844667116554,0.01593592102751341,-21.8773147,-4.49498895,0,0,-4.040696419666666,0.4551282614324888,-4.795868,-2.897644,1.8982239999999995,0.8478704442993921,0.012567595377195762,-20.406593466666667,0.768311204109069,-21.911896,-19.600983,2.3109129999999993,-0.8512652841478315,-0.724409005287109,-0.0019198518394648815,0.034405686123745005,-0.16171259999999998,0.3261566,0.4878692,4.415310804946382,38.46651623971697,-0.002717899665551839,0.03293358993128008,-0.18814099999999812,0.20324700000000107,0.3913879999999992,0.37852528051137063,10.033430379847125,0.02443414915848758,0.04099330990041696,0.0,0.3519254618417947,0.3519254618417947,3.9998129245639364,23.504570103288376,0.0,0.0,0.0,0.0,0.0,0.0,0.0,1.0,0.0
40203,-4.526367,155.19041,-21.829834,2454.0554,-120.34216,1,1264.5048685506945,0.0,0.0044555664,0.120114386,-0.004455399999999443,0.012695999999998264,0.0037842000000010145,-1.4000000000180535e-05,0.003432800000001457,0.0003220000000041523,0.0044555664,0.0,0.120114386,1.5626216585648045,0.00020210105741048706,-1048.8642152,-5380.019789999991,0.013455073584338027,-1.0,1.0,0,7.0,0.020171995278123814,0.017215834235945644,-21.8691085,-4.50000145,1,0,-4.040696419666666,0.4551282614324888,-4.795868,-2.897644,1.8982239999999995,0.8478704442993921,0.012567595377195762,-20.406593466666667,0.768311204109069,-21.911896,-19.600983,2.3109129999999993,-0.8512652841478315,-0.724409005287109,-0.0019198518394648815,0.034405686123745005,-0.16171259999999998,0.3261566,0.4878692,4.415310804946382,38.46651623971697,-0.002717899665551839,0.03293358993128008,-0.18814099999999812,0.20324700000000107,0.3913879999999992,0.37852528051137063,10.033430379847125,0.02443414915848758,0.04099330990041696,0.0,0.3519254618417947,0.3519254618417947,3.9998129245639364,23.504570103288376,0.0,0.0,0.0,0.0,0.0,0.0,0.0,1.0,0.0
40204,-4.5349426,154.73024,-21.812668,2452.5623,-120.36493,1,1264.5048685506945,0.0,0.0044555664,0.120114386,-0.00857560000000035,0.017166000000003123,-0.0041202000000009065,0.004470000000004859,-0.007904400000001921,0.0044840000000050395,0.0044555664,0.0,0.120114386,1.5625692022436715,0.0001835006169354314,-1053.3991578,-5401.832457999991,0.019188863211772426,1.0,-1.0,1,7.0,0.025929077465509317,0.01819420234561814,-21.8618301,-4.50587151,0,1,-4.040696419666666,0.4551282614324888,-4.795868,-2.897644,1.8982239999999995,0.8478704442993921,0.012567595377195762,-20.406593466666667,0.768311204109069,-21.911896,-19.600983,2.3109129999999993,-0.8512652841478315,-0.724409005287109,-0.0019198518394648815,0.034405686123745005,-0.16171259999999998,0.3261566,0.4878692,4.415310804946382,38.46651623971697,-0.002717899665551839,0.03293358993128008,-0.18814099999999812,0.20324700000000107,0.3913879999999992,0.37852528051137063,10.033430379847125,0.02443414915848758,0.04099330990041696,0.0,0.3519254618417947,0.3519254618417947,3.9998129245639364,23.504570103288376,0.0,0.0,0.0,0.0,0.0,0.0,0.0,1.0,0.0
40205,-4.5435333,154.2599,-21.795502,2451.0723,-120.38751,1,1264.5048685506945,0.0,0.0044555664,0.120114386,-0.008590700000000062,0.01716599999999957,-1.5099999999712566e-05,-3.552713678800501e-15,0.004105100000001194,-0.004470000000008412,0.0044555664,0.0,0.120114386,1.5626354571686658,0.00017022208129478905,-1057.9426911,-5423.627959999991,0.01919561623105615,-1.0,-1.0,1,7.0,0.03176856581227304,0.01846002181452376,-21.8528351,-4.5126006400000005,0,0,-4.040696419666666,0.4551282614324888,-4.795868,-2.897644,1.8982239999999995,0.8478704442993921,0.012567595377195762,-20.406593466666667,0.768311204109069,-21.911896,-19.600983,2.3109129999999993,-0.8512652841478315,-0.724409005287109,-0.0019198518394648815,0.034405686123745005,-0.16171259999999998,0.3261566,0.4878692,4.415310804946382,38.46651623971697,-0.002717899665551839,0.03293358993128008,-0.18814099999999812,0.20324700000000107,0.3913879999999992,0.37852528051137063,10.033430379847125,0.02443414915848758,0.04099330990041696,0.0,0.3519254618417947,0.3519254618417947,3.9998129245639364,23.504570103288376,0.0,0.0,0.0,0.0,0.0,0.0,0.0,1.0,0.0
40206,-4.552124,153.78023,-21.769745,2449.5852,-120.40991,1,1264.5048685506945,0.0,0.0044555664,0.120114386,-0.008590700000000062,0.025756999999998698,0.0,0.008590999999999127,1.5099999999712566e-05,0.00859100000000268,0.0044555664,0.0,0.120114386,1.5627064596076532,0.00013316153317788793,-1062.4948151,-5445.39770499999,0.027151853997285966,1.0,0.0,1,7.0,0.03885080798734709,0.020621054550665978,-21.8412644,-4.51864314,0,1,-4.040696419666666,0.4551282614324888,-4.795868,-2.897644,1.8982239999999995,0.8478704442993921,0.012567595377195762,-20.406593466666667,0.768311204109069,-21.911896,-19.600983,2.3109129999999993,-0.8512652841478315,-0.724409005287109,-0.0019198518394648815,0.034405686123745005,-0.16171259999999998,0.3261566,0.4878692,4.415310804946382,38.46651623971697,-0.002717899665551839,0.03293358993128008,-0.18814099999999812,0.20324700000000107,0.3913879999999992,0.37852528051137063,10.033430379847125,0.02443414915848758,0.04099330990041696,0.0,0.3519254618417947,0.3519254618417947,3.9998129245639364,23.504570103288376,0.0,0.0,0.0,0.0,0.0,0.0,0.0,1.0,0.0
40207,-4.5648193,153.29216,-21.748474,2448.1008,-120.43219,1,1264.5048685506945,0.0,0.0044555664,0.120114386,-0.012695299999999854,0.021270999999998708,-0.004104599999999792,-0.00448599999999999,-0.004104599999999792,-0.013076999999999117,0.0044555664,0.0,0.120114386,1.5627386484308465,0.00013915634077988858,-1067.0596344,-5467.14617899999,0.024771477208473888,-1.0,-1.0,1,8.0,0.04517335082329204,0.022848885851345875,-21.8275666,-4.5259551700000005,0,0,-4.040696419666666,0.4551282614324888,-4.795868,-2.897644,1.8982239999999995,0.8478704442993921,0.012567595377195762,-20.406593466666667,0.768311204109069,-21.911896,-19.600983,2.3109129999999993,-0.8512652841478315,-0.724409005287109,-0.0019198518394648815,0.034405686123745005,-0.16171259999999998,0.3261566,0.4878692,4.415310804946382,38.46651623971697,-0.002717899665551839,0.03293358993128008,-0.18814099999999812,0.20324700000000107,0.3913879999999992,0.37852528051137063,10.033430379847125,0.02443414915848758,0.04099330990041696,0.0,0.3519254618417947,0.3519254618417947,3.9998129245639364,23.504570103288376,0.0,0.0,0.0,0.0,0.0,0.0,0.0,1.0,0.0
40208,-4.5775146,152.79651,-21.722717,2446.6191,-120.43976,1,1264.5048685506945,0.0,0.0044555664,0.120114386,-0.012695299999999854,0.02575700000000225,0.0,0.004486000000003543,0.004104599999999792,0.008972000000003533,0.0044555664,0.0,0.120114386,1.5624215555991265,0.00011634285150029832,-1071.6371490000001,-5488.86889599999,0.028715739431366072,1.0,0.0,1,8.0,0.05164115041391222,0.025456633772981026,-21.8117402,-4.534057580000001,0,1,-4.040696419666666,0.4551282614324888,-4.795868,-2.897644,1.8982239999999995,0.8478704442993921,0.012567595377195762,-20.406593466666667,0.768311204109069,-21.911896,-19.600983,2.3109129999999993,-0.8512652841478315,-0.724409005287109,-0.0019198518394648815,0.034405686123745005,-0.16171259999999998,0.3261566,0.4878692,4.415310804946382,38.46651623971697,-0.002717899665551839,0.03293358993128008,-0.18814099999999812,0.20324700000000107,0.3913879999999992,0.37852528051137063,10.033430379847125,0.02443414915848758,0.04099330990041696,0.0,0.3519254618417947,0.3519254618417947,3.9998129245639364,23.504570103288376,0.0,0.0,0.0,0.0,0.0,0.0,0.0,1.0,0.0
40209,-4.5861053,152.29382,-21.701431,2445.1396,-120.43884,1,1264.5048685506945,0.0,0.0044555664,0.120114386,-0.008590700000000062,0.021285999999999916,0.004104599999999792,-0.004471000000002334,0.004104599999999792,-0.008957000000005877,0.0044555664,0.0,0.120114386,1.5625678649261137,0.00011165279211939007,-1076.2232543000002,-5510.57032699999,0.02295417004576723,-1.0,1.0,1,9.0,0.057315705620675415,0.027267553657353057,-21.7946427,-4.542607070000001,0,0,-4.040696419666666,0.4551282614324888,-4.795868,-2.897644,1.8982239999999995,0.8478704442993921,0.012567595377195762,-20.406593466666667,0.768311204109069,-21.911896,-19.600983,2.3109129999999993,-0.8512652841478315,-0.724409005287109,-0.0019198518394648815,0.034405686123745005,-0.16171259999999998,0.3261566,0.4878692,4.415310804946382,38.46651623971697,-0.002717899665551839,0.03293358993128008,-0.18814099999999812,0.20324700000000107,0.3913879999999992,0.37852528051137063,10.033430379847125,0.02443414915848758,0.04099330990041696,0.0,0.3519254618417947,0.3519254618417947,3.9998129245639364,23.504570103288376,0.0,0.0,0.0,0.0,0.0,0.0,0.0,1.0,0.0
40210,-4.594696,151.7849,-21.680145,2443.6624,-120.437744,1,1264.5048685506945,0.0,0.0044555664,0.120114386,-0.008590700000000062,0.021285999999999916,0.0,0.0,-0.004104599999999792,0.004471000000002334,0.0044555664,0.0,0.120114386,1.5624085917631985,0.00012668544931081056,-1080.8179503000003,-5532.250471999991,0.02295417004576723,0.0,0.0,1,9.0,0.06120320895679015,0.028271778662178986,-21.7758286,-4.55156857,0,0,-4.040696419666666,0.4551282614324888,-4.795868,-2.897644,1.8982239999999995,0.8478704442993921,0.012567595377195762,-20.406593466666667,0.768311204109069,-21.911896,-19.600983,2.3109129999999993,-0.8512652841478315,-0.724409005287109,-0.0019198518394648815,0.034405686123745005,-0.16171259999999998,0.3261566,0.4878692,4.415310804946382,38.46651623971697,-0.002717899665551839,0.03293358993128008,-0.18814099999999812,0.20324700000000107,0.3913879999999992,0.37852528051137063,10.033430379847125,0.02443414915848758,0.04099330990041696,0.0,0.3519254618417947,0.3519254618417947,3.9998129245639364,23.504570103288376,0.0,0.0,0.0,0.0,0.0,0.0,0.0,1.0,0.0
40211,-4.6032715,151.2703,-21.649933,2442.187,-120.45117,1,1264.5048685506945,0.0,0.0044555664,0.120114386,-0.00857550000000007,0.030211999999998795,1.5199999999992997e-05,0.00892599999999888,1.5199999999992997e-05,0.00892599999999888,0.0044555664,0.0,0.120114386,1.562625539749296,0.00010691710634237012,-1085.4212218000002,-5553.90040499999,0.03140547952587141,1.0,1.0,1,9.0,0.06586259291045181,0.0291125729450041,-21.7552979,-4.56052852,0,0,-4.040696419666666,0.4551282614324888,-4.795868,-2.897644,1.8982239999999995,0.8478704442993921,0.012567595377195762,-20.406593466666667,0.768311204109069,-21.911896,-19.600983,2.3109129999999993,-0.8512652841478315,-0.724409005287109,-0.0019198518394648815,0.034405686123745005,-0.16171259999999998,0.3261566,0.4878692,4.415310804946382,38.46651623971697,-0.002717899665551839,0.03293358993128008,-0.18814099999999812,0.20324700000000107,0.3913879999999992,0.37852528051137063,10.033430379847125,0.02443414915848758,0.04099330990041696,0.0,0.3519254618417947,0.3519254618417947,3.9998129245639364,23.504570103288376,0.0,0.0,0.0,0.0,0.0,0.0,0.0,1.0,0.0
40212,-4.611847,150.75082,-21.615936,2440.7134,-120.48828,1,1264.5048685506945,0.0,0.0044555664,0.120114386,-0.00857550000000007,0.03399699999999939,0.0,0.0037850000000005934,-1.5199999999992997e-05,-0.005140999999998286,0.0044555664,0.0,0.120114386,1.5629246886844592,0.0001505522018654445,-1090.0330688000001,-5575.5163409999905,0.03506187686433742,1.0,0.0,0,8.0,0.07127314136600471,0.02974215002541964,-21.7326385,-4.56952206,0,0,-4.040696419666666,0.4551282614324888,-4.795868,-2.897644,1.8982239999999995,0.8478704442993921,0.012567595377195762,-20.406593466666667,0.768311204109069,-21.911896,-19.600983,2.3109129999999993,-0.8512652841478315,-0.724409005287109,-0.0019198518394648815,0.034405686123745005,-0.16171259999999998,0.3261566,0.4878692,4.415310804946382,38.46651623971697,-0.002717899665551839,0.03293358993128008,-0.18814099999999812,0.20324700000000107,0.3913879999999992,0.37852528051137063,10.033430379847125,0.02443414915848758,0.04099330990041696,0.0,0.3519254618417947,0.3519254618417947,3.9998129245639364,23.504570103288376,0.0,0.0,0.0,0.0,0.0,0.0,0.0,1.0,0.0
40213,-4.6163177,150.22693,-21.560333,2439.2412,-120.52527,1,1264.5048685506945,0.0,0.0044555664,0.120114386,-0.004470699999999717,0.0556030000000014,0.004104800000000353,0.021606000000002012,0.004104800000000353,0.01782100000000142,0.0044555664,0.0,0.120114386,1.5630744806951642,0.0002077011062452981,-1094.6493865000002,-5597.076673999991,0.05578244139055007,1.0,1.0,0,8.0,0.08075882293149489,0.028828456754409038,-21.705688400000003,-4.57851713,0,0,-4.040696419666666,0.4551282614324888,-4.795868,-2.897644,1.8982239999999995,0.8478704442993921,0.012567595377195762,-20.406593466666667,0.768311204109069,-21.911896,-19.600983,2.3109129999999993,-0.8512652841478315,-0.724409005287109,-0.0019198518394648815,0.034405686123745005,-0.16171259999999998,0.3261566,0.4878692,4.415310804946382,38.46651623971697,-0.002717899665551839,0.03293358993128008,-0.18814099999999812,0.20324700000000107,0.3913879999999992,0.37852528051137063,10.033430379847125,0.02443414915848758,0.04099330990041696,0.0,0.3519254618417947,0.3519254618417947,3.9998129245639364,23.504570103288376,0.0,0.0,0.0,0.0,0.0,0.0,0.0,1.0,0.0
40214,-4.6204376,149.74579,-21.496124,2437.889,-120.559204,1,1264.5048685506945,0.0,0.0044555664,0.120114386,-0.004119900000000065,0.06420900000000174,0.0003507999999996514,0.008606000000000336,-0.0037540000000007012,-0.013000000000001677,0.0044555664,0.0,0.120114386,1.4356503947533672,0.0401702232299334,-1099.2698241000003,-5618.572797999991,0.06434103866903473,1.0,1.0,0,7.0,0.0949564109760943,0.027095235143567452,-21.674034,-4.58706663,0,1,-4.040696419666666,0.4551282614324888,-4.795868,-2.897644,1.8982239999999995,0.8478704442993921,0.012567595377195762,-20.406593466666667,0.768311204109069,-21.911896,-19.600983,2.3109129999999993,-0.8512652841478315,-0.724409005287109,-0.0019198518394648815,0.034405686123745005,-0.16171259999999998,0.3261566,0.4878692,4.415310804946382,38.46651623971697,-0.002717899665551839,0.03293358993128008,-0.18814099999999812,0.20324700000000107,0.3913879999999992,0.37852528051137063,10.033430379847125,0.02443414915848758,0.04099330990041696,0.0,0.3519254618417947,0.3519254618417947,3.9998129245639364,23.504570103288376,0.0,0.0,0.0,0.0,0.0,0.0,0.0,1.0,0.0
40215,-4.6245575,149.30368,-21.440506,2436.6465,-120.59039,1,1264.5048685506945,0.0,0.0044555664,0.120114386,-0.004119900000000065,0.05561799999999906,0.0,-0.00859100000000268,-0.0003507999999996514,-0.017197000000003015,0.0044555664,0.0,0.120114386,1.3191815904934052,0.08279917668288066,-1103.8943816000003,-5640.013303999991,0.05577038192454751,-1.0,0.0,1,7.0,0.10971129569494481,0.024633509970657497,-21.6385344,-4.59516905,0,0,-4.040696419666666,0.4551282614324888,-4.795868,-2.897644,1.8982239999999995,0.8478704442993921,0.012567595377195762,-20.406593466666667,0.768311204109069,-21.911896,-19.600983,2.3109129999999993,-0.8512652841478315,-0.724409005287109,-0.0019198518394648815,0.034405686123745005,-0.16171259999999998,0.3261566,0.4878692,4.415310804946382,38.46651623971697,-0.002717899665551839,0.03293358993128008,-0.18814099999999812,0.20324700000000107,0.3913879999999992,0.37852528051137063,10.033430379847125,0.02443414915848758,0.04099330990041696,0.0,0.3519254618417947,0.3519254618417947,3.9998129245639364,23.504570103288376,0.0,0.0,0.0,0.0,0.0,0.0,0.0,1.0,0.0
40216,-4.6245575,148.89746,-21.410645,2435.505,-120.61908,1,1264.5048685506945,0.0,0.0044555664,0.120114386,0.0,0.02986100000000036,0.004119900000000065,-0.025756999999998698,0.004119900000000065,-0.017165999999996018,0.0044555664,0.0,0.120114386,1.2119653685231209,0.12754529732214842,-1108.5189391000004,-5661.423948999991,0.02986100000000036,-1.0,1.0,0,6.0,0.12025491059855402,0.020942863523153263,-21.602624400000003,-4.6024124,0,0,-4.040696419666666,0.4551282614324888,-4.795868,-2.897644,1.8982239999999995,0.8478704442993921,0.012567595377195762,-20.406593466666667,0.768311204109069,-21.911896,-19.600983,2.3109129999999993,-0.8512652841478315,-0.724409005287109,-0.0019198518394648815,0.034405686123745005,-0.16171259999999998,0.3261566,0.4878692,4.415310804946382,38.46651623971697,-0.002717899665551839,0.03293358993128008,-0.18814099999999812,0.20324700000000107,0.3913879999999992,0.37852528051137063,10.033430379847125,0.02443414915848758,0.04099330990041696,0.0,0.3519254618417947,0.3519254618417947,3.9998129245639364,23.504570103288376,0.0,0.0,0.0,0.0,0.0,0.0,0.0,1.0,0.0
40217,-4.6245575,148.5255,-21.389008,2434.4592,-120.645325,1,1264.5048685506945,0.0,0.0044555664,0.120114386,0.0,0.021636999999998352,0.0,-0.008224000000002007,-0.004119900000000065,0.01753299999999669,0.0044555664,0.0,0.120114386,1.110288557819851,0.17170128929804143,-1113.1434966000004,-5682.812956999991,0.021636999999998352,-1.0,0.0,0,5.0,0.1254279216304544,0.017216693531506445,-21.5666778,-4.60838622,0,0,-4.040696419666666,0.4551282614324888,-4.795868,-2.897644,1.8982239999999995,0.8478704442993921,0.012567595377195762,-20.406593466666667,0.768311204109069,-21.911896,-19.600983,2.3109129999999993,-0.8512652841478315,-0.724409005287109,-0.0019198518394648815,0.034405686123745005,-0.16171259999999998,0.3261566,0.4878692,4.415310804946382,38.46651623971697,-0.002717899665551839,0.03293358993128008,-0.18814099999999812,0.20324700000000107,0.3913879999999992,0.37852528051137063,10.033430379847125,0.02443414915848758,0.04099330990041696,0.0,0.3519254618417947,0.3519254618417947,3.9998129245639364,23.504570103288376,0.0,0.0,0.0,0.0,0.0,0.0,0.0,1.0,0.0
40218,-4.6245575,148.25328,-21.384888,2433.6936,-120.66455,1,1264.5048685506945,0.0,0.0044555664,0.120114386,0.0,0.004120000000000346,0.0,-0.017516999999998006,0.0,-0.009292999999995999,0.0044555664,0.0,0.120114386,0.8127832977027623,0.2572315104984763,-1117.7680541000004,-5704.197844999991,0.004120000000000346,-1.0,0.0,0,4.0,0.12422020225933024,0.013963765636631728,-21.5328949,-4.613090509999999,0,0,-4.040696419666666,0.4551282614324888,-4.795868,-2.897644,1.8982239999999995,0.8478704442993921,0.012567595377195762,-20.406593466666667,0.768311204109069,-21.911896,-19.600983,2.3109129999999993,-0.8512652841478315,-0.724409005287109,-0.0019198518394648815,0.034405686123745005,-0.16171259999999998,0.3261566,0.4878692,4.415310804946382,38.46651623971697,-0.002717899665551839,0.03293358993128008,-0.18814099999999812,0.20324700000000107,0.3913879999999992,0.37852528051137063,10.033430379847125,0.02443414915848758,0.04099330990041696,0.0,0.3519254618417947,0.3519254618417947,3.9998129245639364,23.504570103288376,0.0,0.0,0.0,0.0,0.0,0.0,0.0,1.0,0.0
40219,-4.6290283,147.978,-21.380432,2432.9292,-120.683716,1,1264.5048685506945,0.0,0.0044555664,0.120114386,-0.004470799999999997,0.004456000000001126,-0.004470799999999997,0.0003360000000007801,-0.004470799999999997,0.017852999999998787,0.0044555664,0.0,0.120114386,0.8126830710406271,0.3006141828799666,-1122.3970824000005,-5725.5782769999905,0.006312209489553559,1.0,-1.0,1,4.0,0.11710034202306105,0.01103758203811306,-21.500795,-4.61738281,0,0,-4.040696419666666,0.4551282614324888,-4.795868,-2.897644,1.8982239999999995,0.8478704442993921,0.012567595377195762,-20.406593466666667,0.768311204109069,-21.911896,-19.600983,2.3109129999999993,-0.8512652841478315,-0.724409005287109,-0.0019198518394648815,0.034405686123745005,-0.16171259999999998,0.3261566,0.4878692,4.415310804946382,38.46651623971697,-0.002717899665551839,0.03293358993128008,-0.18814099999999812,0.20324700000000107,0.3913879999999992,0.37852528051137063,10.033430379847125,0.02443414915848758,0.04099330990041696,0.0,0.3519254618417947,0.3519254618417947,3.9998129245639364,23.504570103288376,0.0,0.0,0.0,0.0,0.0,0.0,0.0,1.0,0.0
40220,-4.633148,147.7002,-21.367722,2432.1658,-120.7027,1,1264.5048685506945,0.0,0.0044555664,0.120114386,-0.0041197000000003925,0.012709999999998445,0.0003510999999996045,0.008253999999997319,0.0048218999999996015,0.007917999999996539,0.0044555664,0.0,0.120114386,0.8125963279856312,0.31952078524382044,-1127.0302304000004,-5746.9459989999905,0.01336098903861401,1.0,1.0,0,3.0,0.10498338421620255,0.008707903131909384,-21.4695527,-4.62122801,1,0,-4.040696419666666,0.4551282614324888,-4.795868,-2.897644,1.8982239999999995,0.8478704442993921,0.012567595377195762,-20.406593466666667,0.768311204109069,-21.911896,-19.600983,2.3109129999999993,-0.8512652841478315,-0.724409005287109,-0.0019198518394648815,0.034405686123745005,-0.16171259999999998,0.3261566,0.4878692,4.415310804946382,38.46651623971697,-0.002717899665551839,0.03293358993128008,-0.18814099999999812,0.20324700000000107,0.3913879999999992,0.37852528051137063,10.033430379847125,0.02443414915848758,0.04099330990041696,0.0,0.3519254618417947,0.3519254618417947,3.9998129245639364,23.504570103288376,0.0,0.0,0.0,0.0,0.0,0.0,0.0,1.0,0.0
40221,-4.6376038,147.42027,-21.34198,2431.403,-120.71893,1,1264.5048685506945,0.0,0.0044555664,0.120114386,-0.004455799999999677,0.025742000000001042,-0.0003360999999992842,0.013032000000002597,-0.0006871999999988887,0.004778000000005278,0.0044555664,0.0,0.120114386,0.8127041637648059,0.3182708767383373,-1131.6678342000005,-5768.287978999991,0.026124791245865503,1.0,-1.0,0,2.0,0.09033753667324033,0.007529997469434689,-21.4387574,-4.62466124,0,0,-4.040696419666666,0.4551282614324888,-4.795868,-2.897644,1.8982239999999995,0.8478704442993921,0.012567595377195762,-20.406593466666667,0.768311204109069,-21.911896,-19.600983,2.3109129999999993,-0.8512652841478315,-0.724409005287109,-0.0019198518394648815,0.034405686123745005,-0.16171259999999998,0.3261566,0.4878692,4.415310804946382,38.46651623971697,-0.002717899665551839,0.03293358993128008,-0.18814099999999812,0.20324700000000107,0.3913879999999992,0.37852528051137063,10.033430379847125,0.02443414915848758,0.04099330990041696,0.0,0.3519254618417947,0.3519254618417947,3.9998129245639364,23.504570103288376,0.0,0.0,0.0,0.0,0.0,0.0,0.0,1.0,0.0
40222,-4.646179,147.13838,-21.316223,2430.641,-120.71106,1,1264.5048685506945,0.0,0.0044555664,0.120114386,-0.008575200000000116,0.025756999999998698,-0.004119400000000439,1.4999999997655777e-05,-0.003783300000001155,-0.013017000000004941,0.0044555664,0.0,0.120114386,0.8125071747372782,0.29661480082212927,-1136.3140132000005,-5789.60420199999,0.02714695386300155,1.0,-1.0,0,2.0,0.07309618430398557,0.008763867634573878,-21.4087861,-4.62809444,0,0,-4.040696419666666,0.4551282614324888,-4.795868,-2.897644,1.8982239999999995,0.8478704442993921,0.012567595377195762,-20.406593466666667,0.768311204109069,-21.911896,-19.600983,2.3109129999999993,-0.8512652841478315,-0.724409005287109,-0.0019198518394648815,0.034405686123745005,-0.16171259999999998,0.3261566,0.4878692,4.415310804946382,38.46651623971697,-0.002717899665551839,0.03293358993128008,-0.18814099999999812,0.20324700000000107,0.3913879999999992,0.37852528051137063,10.033430379847125,0.02443414915848758,0.04099330990041696,0.0,0.3519254618417947,0.3519254618417947,3.9998129245639364,23.504570103288376,0.0,0.0,0.0,0.0,0.0,0.0,0.0,1.0,0.0
40223,-4.65477,146.85477,-21.286346,2429.8796,-120.703125,1,1264.5048685506945,0.0,0.0044555664,0.120114386,-0.008591000000000015,0.029876999999999043,-1.5799999999899228e-05,0.004120000000000346,0.00410360000000054,0.00410500000000269,0.0044555664,0.0,0.120114386,0.8125438796303884,0.24925894195034398,-1140.9687832000006,-5810.89054799999,0.031087624708233067,1.0,-1.0,0,2.0,0.060190158857608936,0.01113694722785222,-21.3813874,-4.6319396699999995,0,0,-4.040696419666666,0.4551282614324888,-4.795868,-2.897644,1.8982239999999995,0.8478704442993921,0.012567595377195762,-20.406593466666667,0.768311204109069,-21.911896,-19.600983,2.3109129999999993,-0.8512652841478315,-0.724409005287109,-0.0019198518394648815,0.034405686123745005,-0.16171259999999998,0.3261566,0.4878692,4.415310804946382,38.46651623971697,-0.002717899665551839,0.03293358993128008,-0.18814099999999812,0.20324700000000107,0.3913879999999992,0.37852528051137063,10.033430379847125,0.02443414915848758,0.04099330990041696,0.0,0.3519254618417947,0.3519254618417947,3.9998129245639364,23.504570103288376,0.0,0.0,0.0,0.0,0.0,0.0,0.0,1.0,0.0
40224,-4.6633606,146.56995,-21.247894,2429.1187,-120.69519,1,1264.5048685506945,0.0,0.0044555664,0.120114386,-0.008590599999999782,0.03845200000000304,4.0000000023354687e-07,0.008575000000003996,1.6200000000132775e-05,0.0044550000000036505,0.0044555664,0.0,0.120114386,0.8124987425376929,0.19995394651522583,-1145.6321438000007,-5832.13844199999,0.039399932897915324,1.0,1.0,0,2.0,0.05878386417278099,0.014091065636239597,-21.3565644,-4.636231969999999,1,0,-4.040696419666666,0.4551282614324888,-4.795868,-2.897644,1.8982239999999995,0.8478704442993921,0.012567595377195762,-20.406593466666667,0.768311204109069,-21.911896,-19.600983,2.3109129999999993,-0.8512652841478315,-0.724409005287109,-0.0019198518394648815,0.034405686123745005,-0.16171259999999998,0.3261566,0.4878692,4.415310804946382,38.46651623971697,-0.002717899665551839,0.03293358993128008,-0.18814099999999812,0.20324700000000107,0.3913879999999992,0.37852528051137063,10.033430379847125,0.02443414915848758,0.04099330990041696,0.0,0.3519254618417947,0.3519254618417947,3.9998129245639364,23.504570103288376,0.0,0.0,0.0,0.0,0.0,0.0,0.0,1.0,0.0
40225,-4.676056,146.28397,-21.1837,2428.3582,-120.68713,1,1264.5048685506945,0.0,0.0044555664,0.120114386,-0.012695400000000134,0.06419399999999698,-0.004104800000000353,0.025741999999993936,-0.004105200000000586,0.01716699999998994,0.0044555664,0.0,0.120114386,0.8125329371784213,0.1488906836214691,-1150.3081998000007,-5853.32214199999,0.06543731975837347,1.0,-1.0,0,1.0,0.07252651668104503,0.018170408612533516,-21.330883800000002,-4.64138182,0,1,-4.040696419666666,0.4551282614324888,-4.795868,-2.897644,1.8982239999999995,0.8478704442993921,0.012567595377195762,-20.406593466666667,0.768311204109069,-21.911896,-19.600983,2.3109129999999993,-0.8512652841478315,-0.724409005287109,-0.0019198518394648815,0.034405686123745005,-0.16171259999999998,0.3261566,0.4878692,4.415310804946382,38.46651623971697,-0.002717899665551839,0.03293358993128008,-0.18814099999999812,0.20324700000000107,0.3913879999999992,0.37852528051137063,10.033430379847125,0.02443414915848758,0.04099330990041696,0.0,0.3519254618417947,0.3519254618417947,3.9998129245639364,23.504570103288376,0.0,0.0,0.0,0.0,0.0,0.0,0.0,1.0,0.0
40226,-4.688751,145.9972,-21.123962,2427.598,-120.67908,1,1264.5048685506945,0.0,0.0044555664,0.120114386,-0.0126949999999999,0.059738000000002955,4.0000000023354687e-07,-0.00445599999999402,0.004105200000000586,-0.030197999999987957,0.0044555664,0.0,0.120114386,0.8125305381339621,0.09413813445527563,-1154.9969508000006,-5874.44610399999,0.06107202034483836,-1.0,1.0,1,2.0,0.09163752787652855,0.02241074808732628,-21.3022155,-4.647801169999999,1,0,-4.040696419666666,0.4551282614324888,-4.795868,-2.897644,1.8982239999999995,0.8478704442993921,0.012567595377195762,-20.406593466666667,0.768311204109069,-21.911896,-19.600983,2.3109129999999993,-0.8512652841478315,-0.724409005287109,-0.0019198518394648815,0.034405686123745005,-0.16171259999999998,0.3261566,0.4878692,4.415310804946382,38.46651623971697,-0.002717899665551839,0.03293358993128008,-0.18814099999999812,0.20324700000000107,0.3913879999999992,0.37852528051137063,10.033430379847125,0.02443414915848758,0.04099330990041696,0.0,0.3519254618417947,0.3519254618417947,3.9998129245639364,23.504570103288376,0.0,0.0,0.0,0.0,0.0,0.0,0.0,1.0,0.0
40227,-4.7059326,145.70973,-21.00827,2426.838,-120.67102,1,1264.5048685506945,0.0,0.0044555664,0.120114386,-0.017181599999999797,0.11569199999999924,-0.004486599999999896,0.055953999999996284,-0.00448700000000013,0.060409999999990305,0.0044555664,0.0,0.120114386,0.8125908961461676,9.586033225695741e-05,-1159.7028834000007,-5895.45437399999,0.1169608748366727,1.0,-1.0,1,3.0,0.12470044332431177,0.027278357186761262,-21.2641417,-4.65593868,0,1,-4.040696419666666,0.4551282614324888,-4.795868,-2.897644,1.8982239999999995,0.8478704442993921,0.012567595377195762,-20.406593466666667,0.768311204109069,-21.911896,-19.600983,2.3109129999999993,-0.8512652841478315,-0.724409005287109,-0.0019198518394648815,0.034405686123745005,-0.16171259999999998,0.3261566,0.4878692,4.415310804946382,38.46651623971697,-0.002717899665551839,0.03293358993128008,-0.18814099999999812,0.20324700000000107,0.3913879999999992,0.37852528051137063,10.033430379847125,0.02443414915848758,0.04099330990041696,0.0,0.3519254618417947,0.3519254618417947,3.9998129245639364,23.504570103288376,0.0,0.0,0.0,0.0,0.0,0.0,0.0,1.0,0.0
40228,-4.7230835,145.43846,-20.910065,2426.1208,-120.66339,1,1264.5048685506945,0.0,0.0044555664,0.120114386,-0.017150900000000746,0.0982050000000001,3.069999999905093e-05,-0.017486999999999142,0.004517299999998947,-0.07344099999999543,0.0044555664,0.0,0.120114386,0.7668255797768336,0.014467853938746536,-1164.4259669000007,-5916.36443899999,0.09969140081175529,-1.0,1.0,1,4.0,0.15923314753804324,0.032058782926084065,-21.2166594,-4.6657912800000005,1,0,-4.040696419666666,0.4551282614324888,-4.795868,-2.897644,1.8982239999999995,0.8478704442993921,0.012567595377195762,-20.406593466666667,0.768311204109069,-21.911896,-19.600983,2.3109129999999993,-0.8512652841478315,-0.724409005287109,-0.0019198518394648815,0.034405686123745005,-0.16171259999999998,0.3261566,0.4878692,4.415310804946382,38.46651623971697,-0.002717899665551839,0.03293358993128008,-0.18814099999999812,0.20324700000000107,0.3913879999999992,0.37852528051137063,10.033430379847125,0.02443414915848758,0.04099330990041696,0.0,0.3519254618417947,0.3519254618417947,3.9998129245639364,23.504570103288376,0.0,0.0,0.0,0.0,0.0,0.0,0.0,1.0,0.0
40229,-4.740265,145.2011,-20.811539,2425.4932,-120.67157,1,1264.5048685506945,0.0,0.0044555664,0.120114386,-0.017181499999999517,0.09852599999999967,-3.05999999987705e-05,0.00032099999999957163,-6.129999999782143e-05,0.017807999999998714,0.0044555664,0.0,0.120114386,0.6710353507828929,0.04547920475501526,-1169.1662319000006,-5937.17597799999,0.10001288226148629,1.0,-1.0,1,4.0,0.1923925116683158,0.03682895598994545,-21.1597701,-4.6769149500000005,0,1,-4.040696419666666,0.4551282614324888,-4.795868,-2.897644,1.8982239999999995,0.8478704442993921,0.012567595377195762,-20.406593466666667,0.768311204109069,-21.911896,-19.600983,2.3109129999999993,-0.8512652841478315,-0.724409005287109,-0.0019198518394648815,0.034405686123745005,-0.16171259999999998,0.3261566,0.4878692,4.415310804946382,38.46651623971697,-0.002717899665551839,0.03293358993128008,-0.18814099999999812,0.20324700000000107,0.3913879999999992,0.37852528051137063,10.033430379847125,0.02443414915848758,0.04099330990041696,0.0,0.3519254618417947,0.3519254618417947,3.9998129245639364,23.504570103288376,0.0,0.0,0.0,0.0,0.0,0.0,0.0,1.0,0.0
40230,-4.75296,145.05411,-20.7518,2425.1047,-120.67883,1,1264.5048685506945,0.0,0.0044555664,0.120114386,-0.0126949999999999,0.05973900000000043,0.004486499999999616,-0.03878699999999924,0.004517099999998386,-0.03910799999999881,0.0044555664,0.0,0.120114386,0.41544075113066786,0.12722396083629237,-1173.9191919000007,-5957.92777799999,0.06107299850179332,-1.0,1.0,1,5.0,0.21561115351649598,0.0403307990616808,-21.098177900000003,-4.68889615,0,0,-4.040696419666666,0.4551282614324888,-4.795868,-2.897644,1.8982239999999995,0.8478704442993921,0.012567595377195762,-20.406593466666667,0.768311204109069,-21.911896,-19.600983,2.3109129999999993,-0.8512652841478315,-0.724409005287109,-0.0019198518394648815,0.034405686123745005,-0.16171259999999998,0.3261566,0.4878692,4.415310804946382,38.46651623971697,-0.002717899665551839,0.03293358993128008,-0.18814099999999812,0.20324700000000107,0.3913879999999992,0.37852528051137063,10.033430379847125,0.02443414915848758,0.04099330990041696,0.0,0.3519254618417947,0.3519254618417947,3.9998129245639364,23.504570103288376,0.0,0.0,0.0,0.0,0.0,0.0,0.0,1.0,0.0
40231,-4.7615356,144.99525,-20.700302,2424.95,-120.6817,1,1264.5048685506945,0.0,0.0044555664,0.120114386,-0.00857560000000035,0.05149799999999871,0.004119399999999551,-0.00824100000000172,-0.0003671000000000646,0.03054599999999752,0.0044555664,0.0,0.120114386,0.1655440319069704,0.22280601037992404,-1178.6807275000006,-5978.62807999999,0.052207134755317436,-1.0,1.0,0,5.0,0.229996190295614,0.04183145493689595,-21.0340101,-4.70128933,1,0,-4.040696419666666,0.4551282614324888,-4.795868,-2.897644,1.8982239999999995,0.8478704442993921,0.012567595377195762,-20.406593466666667,0.768311204109069,-21.911896,-19.600983,2.3109129999999993,-0.8512652841478315,-0.724409005287109,-0.0019198518394648815,0.034405686123745005,-0.16171259999999998,0.3261566,0.4878692,4.415310804946382,38.46651623971697,-0.002717899665551839,0.03293358993128008,-0.18814099999999812,0.20324700000000107,0.3913879999999992,0.37852528051137063,10.033430379847125,0.02443414915848758,0.04099330990041696,0.0,0.3519254618417947,0.3519254618417947,3.9998129245639364,23.504570103288376,0.0,0.0,0.0,0.0,0.0,0.0,0.0,1.0,0.0
40232,-4.774597,145.01985,-20.623398,2425.016,-120.68042,1,1264.5048685506945,0.0,0.0044555664,0.120114386,-0.013061399999999779,0.07690399999999897,-0.004485799999999429,0.02540600000000026,-0.00860519999999898,0.03364700000000198,0.0044555664,0.0,0.120114386,0.0704471319503764,0.2905305555014448,-1183.4553245000006,-5999.25147799999,0.07800529075620342,1.0,-1.0,1,6.0,0.23968538536822007,0.04273507970294947,-20.9647276,-4.71413113,0,0,-4.040696419666666,0.4551282614324888,-4.795868,-2.897644,1.8982239999999995,0.8478704442993921,0.012567595377195762,-20.406593466666667,0.768311204109069,-21.911896,-19.600983,2.3109129999999993,-0.8512652841478315,-0.724409005287109,-0.0019198518394648815,0.034405686123745005,-0.16171259999999998,0.3261566,0.4878692,4.415310804946382,38.46651623971697,-0.002717899665551839,0.03293358993128008,-0.18814099999999812,0.20324700000000107,0.3913879999999992,0.37852528051137063,10.033430379847125,0.02443414915848758,0.04099330990041696,0.0,0.3519254618417947,0.3519254618417947,3.9998129245639364,23.504570103288376,0.0,0.0,0.0,0.0,0.0,0.0,0.0,1.0,0.0
40233,-4.7831726,145.0561,-20.542023,2425.1128,-120.67859,1,1264.5048685506945,0.0,0.0044555664,0.120114386,-0.00857560000000035,0.08137500000000131,0.004485799999999429,0.004471000000002334,0.008971599999998858,-0.020934999999997927,0.0044555664,0.0,0.120114386,0.10338109788525893,0.3218683976439657,-1188.2384971000006,-6019.79350099999,0.08182561665126771,1.0,1.0,0,6.0,0.2442405158949663,0.042204319672496014,-20.8902953,-4.72697139,0,1,-4.040696419666666,0.4551282614324888,-4.795868,-2.897644,1.8982239999999995,0.8478704442993921,0.012567595377195762,-20.406593466666667,0.768311204109069,-21.911896,-19.600983,2.3109129999999993,-0.8512652841478315,-0.724409005287109,-0.0019198518394648815,0.034405686123745005,-0.16171259999999998,0.3261566,0.4878692,4.415310804946382,38.46651623971697,-0.002717899665551839,0.03293358993128008,-0.18814099999999812,0.20324700000000107,0.3913879999999992,0.37852528051137063,10.033430379847125,0.02443414915848758,0.04099330990041696,0.0,0.3519254618417947,0.3519254618417947,3.9998129245639364,23.504570103288376,0.0,0.0,0.0,0.0,0.0,0.0,0.0,1.0,0.0
40234,-4.7914124,145.10378,-20.4823,2425.2405,-120.67621,1,1264.5048685506945,0.0,0.0044555664,0.120114386,-0.008239799999999242,0.05972300000000175,0.00033580000000110743,-0.02165199999999956,-0.004149999999998322,-0.026123000000001895,0.0044555664,0.0,0.120114386,0.136331716045836,0.33017796067617555,-1193.0299095000005,-6040.27580099999,0.06028873056417921,-1.0,1.0,1,7.0,0.23964111679727385,0.04013508607500849,-20.8137359,-4.73977657,0,0,-4.040696419666666,0.4551282614324888,-4.795868,-2.897644,1.8982239999999995,0.8478704442993921,0.012567595377195762,-20.406593466666667,0.768311204109069,-21.911896,-19.600983,2.3109129999999993,-0.8512652841478315,-0.724409005287109,-0.0019198518394648815,0.034405686123745005,-0.16171259999999998,0.3261566,0.4878692,4.415310804946382,38.46651623971697,-0.002717899665551839,0.03293358993128008,-0.18814099999999812,0.20324700000000107,0.3913879999999992,0.37852528051137063,10.033430379847125,0.02443414915848758,0.04099330990041696,0.0,0.3519254618417947,0.3519254618417947,3.9998129245639364,23.504570103288376,0.0,0.0,0.0,0.0,0.0,0.0,0.0,1.0,0.0
40235,-4.7914124,145.1628,-20.443848,2425.399,-120.67322,1,1264.5048685506945,0.0,0.0044555664,0.120114386,0.0,0.03845199999999949,0.008239799999999242,-0.02127100000000226,0.007903999999998135,0.00038099999999730016,0.0044555664,0.0,0.120114386,0.169158359237732,0.31998587474222034,-1197.8213219000004,-6060.71964899999,0.03845199999999949,-1.0,1.0,0,7.0,0.2265824129749226,0.036167302920366906,-20.7397507,-4.75131221,1,0,-4.040696419666666,0.4551282614324888,-4.795868,-2.897644,1.8982239999999995,0.8478704442993921,0.012567595377195762,-20.406593466666667,0.768311204109069,-21.911896,-19.600983,2.3109129999999993,-0.8512652841478315,-0.724409005287109,-0.0019198518394648815,0.034405686123745005,-0.16171259999999998,0.3261566,0.4878692,4.415310804946382,38.46651623971697,-0.002717899665551839,0.03293358993128008,-0.18814099999999812,0.20324700000000107,0.3913879999999992,0.37852528051137063,10.033430379847125,0.02443414915848758,0.04099330990041696,0.0,0.3519254618417947,0.3519254618417947,3.9998129245639364,23.504570103288376,0.0,0.0,0.0,0.0,0.0,0.0,0.0,1.0,0.0
40236,-4.795868,145.23314,-20.426666,2425.588,-120.66962,1,1264.5048685506945,0.0,0.0044555664,0.120114386,-0.004455600000000004,0.017181999999998254,-0.004455600000000004,-0.021270000000001232,-0.012695399999999246,1.0000000010279564e-06,0.0044555664,0.0,0.120114386,0.20169698956631402,0.2921968315113471,-1202.6171899000003,-6081.14631499999,0.01775030972574676,-1.0,-1.0,0,6.0,0.2010632415686077,0.031085138395776823,-20.6700211,-4.762023909999999,0,0,-4.040696419666666,0.4551282614324888,-4.795868,-2.897644,1.8982239999999995,0.8478704442993921,0.012567595377195762,-20.406593466666667,0.768311204109069,-21.911896,-19.600983,2.3109129999999993,-0.8512652841478315,-0.724409005287109,-0.0019198518394648815,0.034405686123745005,-0.16171259999999998,0.3261566,0.4878692,4.415310804946382,38.46651623971697,-0.002717899665551839,0.03293358993128008,-0.18814099999999812,0.20324700000000107,0.3913879999999992,0.37852528051137063,10.033430379847125,0.02443414915848758,0.04099330990041696,0.0,0.3519254618417947,0.3519254618417947,3.9998129245639364,23.504570103288376,0.0,0.0,0.0,0.0,0.0,0.0,0.0,1.0,0.0
40237,-4.795868,145.30696,-20.41809,2425.7861,-120.66589,1,1264.5048685506945,0.0,0.0044555664,0.120114386,0.0,0.008576000000001471,0.004455600000000004,-0.008605999999996783,0.008911200000000008,0.01266400000000445,0.0044555664,0.0,0.120114386,0.211440098609153,0.24471713160329475,-1207.4130579000002,-6101.56440499999,0.008576000000001471,-1.0,1.0,0,5.0,0.17577244176198048,0.02557542704076348,-20.611003099999998,-4.77101745,0,0,-4.040696419666666,0.4551282614324888,-4.795868,-2.897644,1.8982239999999995,0.8478704442993921,0.012567595377195762,-20.406593466666667,0.768311204109069,-21.911896,-19.600983,2.3109129999999993,-0.8512652841478315,-0.724409005287109,-0.0019198518394648815,0.034405686123745005,-0.16171259999999998,0.3261566,0.4878692,4.415310804946382,38.46651623971697,-0.002717899665551839,0.03293358993128008,-0.18814099999999812,0.20324700000000107,0.3913879999999992,0.37852528051137063,10.033430379847125,0.02443414915848758,0.04099330990041696,0.0,0.3519254618417947,0.3519254618417947,3.9998129245639364,23.504570103288376,0.0,0.0,0.0,0.0,0.0,0.0,0.0,1.0,0.0
40238,-4.795868,145.34886,-20.413635,2425.8987,-120.66376,1,1264.5048685506945,0.0,0.0044555664,0.120114386,0.0,0.004455000000000098,0.0,-0.0041210000000013736,-0.004455600000000004,0.004484999999995409,0.0044555664,0.0,0.120114386,0.12016200273000781,0.18260607478700197,-1212.2089259000002,-6121.97803999999,0.004455000000000098,-1.0,0.0,0,4.0,0.15016118522098787,0.020212895068718706,-20.5613601,-4.7782959,0,0,-4.040696419666666,0.4551282614324888,-4.795868,-2.897644,1.8982239999999995,0.8478704442993921,0.012567595377195762,-20.406593466666667,0.768311204109069,-21.911896,-19.600983,2.3109129999999993,-0.8512652841478315,-0.724409005287109,-0.0019198518394648815,0.034405686123745005,-0.16171259999999998,0.3261566,0.4878692,4.415310804946382,38.46651623971697,-0.002717899665551839,0.03293358993128008,-0.18814099999999812,0.20324700000000107,0.3913879999999992,0.37852528051137063,10.033430379847125,0.02443414915848758,0.04099330990041696,0.0,0.3519254618417947,0.3519254618417947,3.9998129245639364,23.504570103288376,0.0,0.0,0.0,0.0,0.0,0.0,0.0,1.0,0.0
