tick,pitch,X,yaw,Y,Z,steamid,name,label,weapon_name,weapon_type,kill_distance,pitch_delta_at_kill,yaw_delta_at_kill,player_speed
121384,-10.649185,207.07426,-27.409851,-1503.4742,-767.96875,76561197995970019,aimeR.,0,m4a1_silencer,rifle,619.1223555551301,0.36976624,0.25405884,0.0
121385,-10.926239,206.9367,-26.393616,-1506.0209,-767.46875,76561197995970019,aimeR.,0,m4a1_silencer,rifle,619.1223555551301,0.36976624,0.25405884,0.0
121386,-11.203644,206.91211,-25.33104,-1508.6451,-767.46875,76561197995970019,aimeR.,0,m4a1_silencer,rifle,619.1223555551301,0.36976624,0.25405884,0.0
121387,-11.434708,206.99652,-24.245117,-1511.3387,-767.46875,76561197995970019,aimeR.,0,m4a1_silencer,rifle,619.1223555551301,0.36976624,0.25405884,0.0
121388,-11.550064,207.18575,-23.274872,-1514.0941,-767.46875,76561197995970019,aimeR.,0,m4a1_silencer,rifle,619.1223555551301,0.36976624,0.25405884,0.0
121389,-11.665421,207.47728,-22.073944,-1516.904,-767.46875,76561197995970019,aimeR.,0,m4a1_silencer,rifle,619.1223555551301,0.36976624,0.25405884,0.0
121390,-11.757782,207.86882,-20.87265,-1519.7614,-767.46875,76561197995970019,aimeR.,0,m4a1_silencer,rifle,619.1223555551301,0.36976624,0.25405884,0.0
121391,-11.850464,208.3572,-19.763718,-1522.6597,-767.46875,76561197995970019,aimeR.,0,m4a1_silencer,rifle,619.1223555551301,0.36976624,0.25405884,0.0
121392,-11.942825,208.94054,-18.562775,-1525.5929,-767.46875,76561197995970019,aimeR.,0,m4a1_silencer,rifle,619.1223555551301,0.36976624,0.25405884,0.0
121393,-11.988831,209.61633,-17.407501,-1528.5557,-767.46875,76561197995970019,aimeR.,0,m4a1_silencer,rifle,619.1223555551301,0.36976624,0.25405884,0.0
121394,-11.988831,210.26558,-16.506622,-1531.547,-767.46875,76561197995970019,aimeR.,0,m4a1_silencer,rifle,619.1223555551301,0.36976624,0.25405884,0.0
121395,-11.988831,210.78223,-15.675079,-1534.5853,-767.46875,76561197995970019,aimeR.,0,m4a1_silencer,rifle,619.1223555551301,0.36976624,0.25405884,0.0
121396,-12.0121765,211.15138,-15.028259,-1537.678,-767.46875,76561197995970019,aimeR.,0,m4a1_silencer,rifle,619.1223555551301,0.36976624,0.25405884,0.0
121397,-12.058182,211.41748,-14.035034,-1540.8124,-767.46875,76561197995970019,aimeR.,0,m4a1_silencer,rifle,619.1223555551301,0.36976624,0.25405884,0.0
121398,-12.104523,211.59239,-13.272858,-1543.9863,-767.46875,76561197995970019,aimeR.,0,m4a1_silencer,rifle,619.1223555551301,0.36976624,0.25405884,0.0
121399,-12.150543,211.68813,-12.440979,-1547.1975,-767.46875,76561197995970019,aimeR.,0,m4a1_silencer,rifle,619.1223555551301,0.36976624,0.25405884,0.0
121400,-12.173889,211.71536,-11.632462,-1550.4437,-767.46875,76561197995970019,aimeR.,0,m4a1_silencer,rifle,619.1223555551301,0.36976624,0.25405884,0.0
121401,-12.196884,211.68364,-10.800934,-1553.723,-767.96875,76561197995970019,aimeR.,0,m4a1_silencer,rifle,619.1223555551301,0.36976624,0.25405884,0.0
121402,-12.219879,211.6012,-10.20047,-1557.0334,-767.96875,76561197995970019,aimeR.,0,m4a1_silencer,rifle,619.1223555551301,0.36976624,0.25405884,0.0
121403,-12.335587,211.47655,-9.345581,-1560.3729,-767.96875,76561197995970019,aimeR.,0,m4a1_silencer,rifle,619.1223555551301,0.36976624,0.25405884,0.0
121404,-12.450943,211.31732,-8.491058,-1563.74,-767.96875,76561197995970019,aimeR.,0,m4a1_silencer,rifle,619.1223555551301,0.36976624,0.25405884,0.0
121405,-12.566299,211.12985,-7.797882,-1567.1327,-767.96875,76561197995970019,aimeR.,0,m4a1_silencer,rifle,619.1223555551301,0.36976624,0.25405884,0.0
121406,-12.635651,210.9208,-7.174408,-1570.5486,-767.96875,76561197995970019,aimeR.,0,m4a1_silencer,rifle,619.1223555551301,0.36976624,0.25405884,0.0
121407,-12.682007,210.72852,-6.851013,-1573.6876,-767.96875,76561197995970019,aimeR.,0,m4a1_silencer,rifle,619.1223555551301,0.36976624,0.25405884,0.0
121408,-12.751343,210.55193,-6.481247,-1576.5931,-767.96875,76561197995970019,aimeR.,0,m4a1_silencer,rifle,619.1223555551301,0.36976624,0.25405884,0.0
121409,-12.820358,210.42134,-6.0884857,-1578.9713,-767.96875,76561197995970019,aimeR.,0,m4a1_silencer,rifle,619.1223555551301,0.36976624,0.25405884,0.0
121410,-12.820358,210.42134,-6.0884857,-1578.9713,-767.96875,76561197995970019,aimeR.,0,m4a1_silencer,rifle,619.1223555551301,0.36976624,0.25405884,0.0
121411,-12.913055,210.29213,-5.580368,-1582.1086,-767.96875,76561197995970019,aimeR.,0,m4a1_silencer,rifle,619.1223555551301,0.36976624,0.25405884,0.0
121412,-12.982056,210.27419,-4.72583,-1583.0437,-767.96875,76561197995970019,aimeR.,0,m4a1_silencer,rifle,619.1223555551301,0.36976624,0.25405884,0.0
121413,-13.005402,210.28162,-4.4254303,-1583.5758,-767.96875,76561197995970019,aimeR.,0,m4a1_silencer,rifle,619.1223555551301,0.36976624,0.25405884,0.0
121414,-13.028412,210.30951,-4.2173767,-1583.7173,-767.96875,76561197995970019,aimeR.,0,m4a1_silencer,rifle,619.1223555551301,0.36976624,0.25405884,0.0
121415,-13.074768,210.54178,-4.07901,-1583.5677,-767.96875,76561197995970019,aimeR.,0,m4a1_silencer,rifle,619.1223555551301,0.36976624,0.25405884,0.0
121416,-13.097763,210.92105,-3.9403076,-1583.2706,-767.96875,76561197995970019,aimeR.,0,m4a1_silencer,rifle,619.1223555551301,0.36976624,0.25405884,0.0
121417,-13.120758,211.44775,-3.8479614,-1582.8373,-767.96875,76561197995970019,aimeR.,0,m4a1_silencer,rifle,619.1223555551301,0.36976624,0.25405884,0.0
121418,-13.120758,212.1232,-3.7786102,-1582.2694,-767.96875,76561197995970019,aimeR.,0,m4a1_silencer,rifle,619.1223555551301,0.36976624,0.25405884,0.0
121419,-13.120758,212.94818,-3.7556152,-1581.5675,-767.96875,76561197995970019,aimeR.,0,m4a1_silencer,rifle,619.1223555551301,0.36976624,0.25405884,0.0
121420,-13.120758,213.92287,-3.732605,-1580.7322,-767.96875,76561197995970019,aimeR.,0,m4a1_silencer,rifle,619.1223555551301,0.36976624,0.25405884,0.0
121421,-13.120758,215.0208,-3.732605,-1579.7806,-767.96875,76561197995970019,aimeR.,0,m4a1_silencer,rifle,619.1223555551301,0.36976624,0.25405884,0.0
121422,-13.120758,216.04984,-3.732605,-1578.6073,-767.96875,76561197995970019,aimeR.,0,m4a1_silencer,rifle,619.1223555551301,0.36976624,0.25405884,0.0
121423,-13.120758,217.00732,-3.732605,-1577.2029,-767.96875,76561197995970019,aimeR.,0,m4a1_silencer,rifle,619.1223555551301,0.36976624,0.25405884,0.0
121424,-13.120758,217.9065,-3.732605,-1575.611,-767.96875,76561197995970019,aimeR.,0,m4a1_silencer,rifle,619.1223555551301,0.36976624,0.25405884,0.0
121425,-13.120758,218.75227,-3.732605,-1573.8468,-767.96875,76561197995970019,aimeR.,0,m4a1_silencer,rifle,619.1223555551301,0.36976624,0.25405884,0.0
121426,-13.120758,219.54916,-3.732605,-1571.9243,-767.96875,76561197995970019,aimeR.,0,m4a1_silencer,rifle,619.1223555551301,0.36976624,0.25405884,0.0
121427,-13.120758,220.2443,-3.732605,-1570.2335,-767.96875,76561197995970019,aimeR.,0,m4a1_silencer,rifle,619.1223555551301,0.36976624,0.25405884,0.0
121428,-13.120758,220.88806,-3.732605,-1568.5225,-767.96875,76561197995970019,aimeR.,0,m4a1_silencer,rifle,619.1223555551301,0.36976624,0.25405884,0.0
121429,-13.120758,221.4939,-3.732605,-1566.8624,-767.96875,76561197995970019,aimeR.,0,m4a1_silencer,rifle,619.1223555551301,0.36976624,0.25405884,0.0
121430,-13.120758,222.05472,-3.732605,-1565.3436,-767.96875,76561197995970019,aimeR.,0,m4a1_silencer,rifle,619.1223555551301,0.36976624,0.25405884,0.0
121431,-13.120758,222.55507,-3.7556152,-1564.1289,-767.96875,76561197995970019,aimeR.,0,m4a1_silencer,rifle,619.1223555551301,0.36976624,0.25405884,0.0
121432,-13.120758,222.99194,-3.7786102,-1563.2455,-767.96875,76561197995970019,aimeR.,0,m4a1_silencer,rifle,619.1223555551301,0.36976624,0.25405884,0.0
121433,-13.143768,223.37213,-3.8016052,-1562.6272,-767.96875,76561197995970019,aimeR.,0,m4a1_silencer,rifle,619.1223555551301,0.36976624,0.25405884,0.0
121434,-13.167114,223.68742,-3.8249512,-1562.2695,-767.96875,76561197995970019,aimeR.,0,m4a1_silencer,rifle,619.1223555551301,0.36976624,0.25405884,0.0
121435,-13.1901245,223.92368,-3.8709717,-1562.1622,-767.96875,76561197995970019,aimeR.,0,m4a1_silencer,rifle,619.1223555551301,0.36976624,0.25405884,0.0
121436,-13.236465,224.05542,-3.8939667,-1562.2712,-767.96875,76561197995970019,aimeR.,0,m4a1_silencer,rifle,619.1223555551301,0.36976624,0.25405884,0.0
121437,-13.25946,224.09685,-3.9403076,-1562.4897,-767.96875,76561197995970019,aimeR.,0,m4a1_silencer,rifle,619.1223555551301,0.36976624,0.25405884,0.0
121438,-13.305481,224.10713,-3.9866638,-1562.7826,-767.96875,76561197995970019,aimeR.,0,m4a1_silencer,rifle,619.1223555551301,0.36976624,0.25405884,0.0
121439,-13.305481,224.10713,-3.9866638,-1562.7826,-767.96875,76561197995970019,aimeR.,0,m4a1_silencer,rifle,619.1223555551301,0.36976624,0.25405884,0.0
121440,-13.328827,224.08601,-3.9866638,-1563.586,-767.96875,76561197995970019,aimeR.,0,m4a1_silencer,rifle,619.1223555551301,0.36976624,0.25405884,0.0
121441,-13.374817,224.06161,-4.009674,-1564.0969,-767.96875,76561197995970019,aimeR.,0,m4a1_silencer,rifle,619.1223555551301,0.36976624,0.25405884,0.0
121442,-13.444183,224.04271,-3.9173126,-1564.5076,-767.96875,76561197995970019,aimeR.,0,m4a1_silencer,rifle,619.1223555551301,0.36976624,0.25405884,0.0
121443,-13.467178,224.04013,-3.8016052,-1564.64,-767.96875,76561197995970019,aimeR.,0,m4a1_silencer,rifle,619.1223555551301,0.36976624,0.25405884,0.0
121444,-13.467178,224.04964,-3.732605,-1564.4944,-767.96875,76561197995970019,aimeR.,0,m4a1_silencer,rifle,619.1223555551301,0.36976624,0.25405884,0.0
121445,-13.467178,224.06355,-3.6169128,-1564.2758,-767.96875,76561197995970019,aimeR.,0,m4a1_silencer,rifle,619.1223555551301,0.36976624,0.25405884,0.0
121446,-13.467178,224.08147,-3.43219,-1563.9844,-767.96875,76561197995970019,aimeR.,0,m4a1_silencer,rifle,619.1223555551301,0.36976624,0.25405884,0.0
121447,-13.467178,224.10277,-3.178131,-1563.6202,-767.96875,76561197995970019,aimeR.,0,m4a1_silencer,rifle,619.1223555551301,0.36976624,0.25405884,0.0
121448,-13.490524,224.11984,-2.7853699,-1563.3247,-767.96875,76561197995970019,aimeR.,0,m4a1_silencer,rifle,619.1223555551301,0.36976624,0.25405884,0.0
121449,-13.490524,224.13118,-2.4389648,-1563.1276,-767.96875,76561197995970019,aimeR.,0,m4a1_silencer,rifle,619.1223555551301,0.36976624,0.25405884,0.0
121450,-13.490524,224.13596,-2.184906,-1563.0427,-767.96875,76561197995970019,aimeR.,0,m4a1_silencer,rifle,619.1223555551301,0.36976624,0.25405884,0.0
121451,-13.490524,224.13596,-2.184906,-1563.0427,-767.96875,76561197995970019,aimeR.,0,m4a1_silencer,rifle,619.1223555551301,0.36976624,0.25405884,0.0
121452,-13.490524,224.13596,-2.0692139,-1563.0427,-767.96875,76561197995970019,aimeR.,0,m4a1_silencer,rifle,619.1223555551301,0.36976624,0.25405884,0.0
121453,-13.467178,224.14275,-2.2309113,-1562.8683,-767.96875,76561197995970019,aimeR.,0,m4a1_silencer,rifle,619.1223555551301,0.36976624,0.25405884,0.0
121454,-13.467178,224.15186,-2.3696136,-1562.6383,-767.96875,76561197995970019,aimeR.,0,m4a1_silencer,rifle,619.1223555551301,0.36976624,0.25405884,0.0
121455,-13.467178,224.16498,-2.3696136,-1562.3181,-767.96875,76561197995970019,aimeR.,0,m4a1_silencer,rifle,619.1223555551301,0.36976624,0.25405884,0.0
121456,-13.467178,224.18103,-2.3696136,-1561.9252,-767.96875,76561197995970019,aimeR.,0,m4a1_silencer,rifle,619.1223555551301,0.36976624,0.25405884,0.0
121457,-13.467178,224.20001,-2.3696136,-1561.4595,-767.96875,76561197995970019,aimeR.,0,m4a1_silencer,rifle,619.1223555551301,0.36976624,0.25405884,0.0
121458,-13.467178,224.22192,-2.3696136,-1560.921,-767.96875,76561197995970019,aimeR.,0,m4a1_silencer,rifle,619.1223555551301,0.36976624,0.25405884,0.0
121459,-13.467178,224.24678,-2.3696136,-1560.3098,-767.96875,76561197995970019,aimeR.,0,m4a1_silencer,rifle,619.1223555551301,0.36976624,0.25405884,0.0
121460,-13.467178,224.24678,-2.3696136,-1560.3098,-767.96875,76561197995970019,aimeR.,0,m4a1_silencer,rifle,619.1223555551301,0.36976624,0.25405884,0.0
121461,-13.467178,224.30528,-2.3696136,-1558.8691,-767.96875,76561197995970019,aimeR.,0,m4a1_silencer,rifle,619.1223555551301,0.36976624,0.25405884,0.0
121462,-13.467178,224.33893,-2.3696136,-1558.0397,-767.96875,76561197995970019,aimeR.,0,m4a1_silencer,rifle,619.1223555551301,0.36976624,0.25405884,0.0
121463,-13.467178,224.3755,-2.3696136,-1557.1375,-767.96875,76561197995970019,aimeR.,0,m4a1_silencer,rifle,619.1223555551301,0.36976624,0.25405884,0.0
121464,-13.467178,224.41501,-2.3696136,-1556.1625,-767.96875,76561197995970019,aimeR.,0,m4a1_silencer,rifle,619.1223555551301,0.36976624,0.25405884,0.0
121465,-13.467178,224.45744,-2.3696136,-1555.1147,-767.96875,76561197995970019,aimeR.,0,m4a1_silencer,rifle,619.1223555551301,0.36976624,0.25405884,0.0
121466,-13.467178,224.5028,-2.3696136,-1553.9943,-767.96875,76561197995970019,aimeR.,0,m4a1_silencer,rifle,619.1223555551301,0.36976624,0.25405884,0.0
121467,-13.467178,224.5028,-2.3696136,-1553.9943,-767.96875,76561197995970019,aimeR.,0,m4a1_silencer,rifle,619.1223555551301,0.36976624,0.25405884,0.0
121468,-13.467178,224.60233,-2.3696136,-1551.535,-767.7372,76561197995970019,aimeR.,0,m4a1_silencer,rifle,619.1223555551301,0.36976624,0.25405884,0.0
121469,-13.467178,224.65642,-2.3696136,-1550.1976,-767.46875,76561197995970019,aimeR.,0,m4a1_silencer,rifle,619.1223555551301,0.36976624,0.25405884,0.0
121470,-13.467178,224.71321,-2.3696136,-1548.7943,-767.46875,76561197995970019,aimeR.,0,m4a1_silencer,rifle,619.1223555551301,0.36976624,0.25405884,0.0
121471,-13.467178,224.77269,-2.3696136,-1547.3303,-767.46875,76561197995970019,aimeR.,0,m4a1_silencer,rifle,619.1223555551301,0.36976624,0.25405884,0.0
121472,-13.421173,224.83315,-1.9538574,-1545.8107,-767.46875,76561197995970019,aimeR.,0,m4a1_silencer,rifle,619.1223555551301,0.36976624,0.25405884,0.0
121473,-13.236465,224.89078,-0.7295532,-1544.2399,-767.46875,76561197995970019,aimeR.,0,m4a1_silencer,rifle,619.1223555551301,0.36976624,0.25405884,0.0
121474,-12.820358,224.93758,2.0887756,-1542.6221,-767.46875,76561197995970019,aimeR.,0,m4a1_silencer,rifle,619.1223555551301,0.36976624,0.25405884,0.0
121475,-12.358582,224.9601,6.6855164,-1540.9623,-767.46875,76561197995970019,aimeR.,0,m4a1_silencer,rifle,619.1223555551301,0.36976624,0.25405884,0.0
121476,-11.988831,225.00081,11.906433,-1539.2842,-767.46875,76561197995970019,aimeR.,0,m4a1_silencer,rifle,619.1223555551301,0.36976624,0.25405884,0.0
121477,-11.757782,225.11987,18.004532,-1537.5896,-767.46875,76561197995970019,aimeR.,0,m4a1_silencer,rifle,619.1223555551301,0.36976624,0.25405884,0.0
121478,-11.6887665,225.29996,26.736603,-1535.8629,-767.46875,76561197995970019,aimeR.,0,m4a1_silencer,rifle,619.1223555551301,0.36976624,0.25405884,0.0
121479,-11.711761,225.50542,31.70311,-1534.1066,-767.46875,76561197995970019,aimeR.,0,m4a1_silencer,rifle,619.1223555551301,0.36976624,0.25405884,0.0
121480,-11.6887665,225.71956,36.600266,-1532.32,-767.46875,76561197995970019,aimeR.,0,m4a1_silencer,rifle,619.1223555551301,0.36976624,0.25405884,0.0
121481,-11.480713,225.93633,38.402023,-1530.5052,-767.46875,76561197995970019,aimeR.,0,m4a1_silencer,rifle,619.1223555551301,0.36976624,0.25405884,0.0
121482,-11.480713,225.93633,38.402023,-1530.5052,-767.46875,76561197995970019,aimeR.,0,m4a1_silencer,rifle,619.1223555551301,0.36976624,0.25405884,0.0
121483,-11.480713,226.368,38.402023,-1526.8746,-767.46875,76561197995970019,aimeR.,0,m4a1_silencer,rifle,619.1223555551301,0.36976624,0.25405884,0.0
121484,-11.480713,226.58315,38.402023,-1525.0592,-767.46875,76561197995970019,aimeR.,0,m4a1_silencer,rifle,619.1223555551301,0.36976624,0.25405884,0.0
121485,-11.480713,226.79785,38.402023,-1523.2438,-767.46875,76561197995970019,aimeR.,0,m4a1_silencer,rifle,619.1223555551301,0.36976624,0.25405884,0.0
121486,-11.480713,227.01207,38.402023,-1521.4282,-767.46875,76561197995970019,aimeR.,0,m4a1_silencer,rifle,619.1223555551301,0.36976624,0.25405884,0.0
121487,-11.480713,227.22585,38.402023,-1519.6127,-767.46875,76561197995970019,aimeR.,0,m4a1_silencer,rifle,619.1223555551301,0.36976624,0.25405884,0.0
121488,-11.480713,227.43918,38.402023,-1517.797,-767.46875,76561197995970019,aimeR.,0,m4a1_silencer,rifle,619.1223555551301,0.36976624,0.25405884,0.0
121489,-11.480713,227.65207,38.402023,-1515.9813,-767.46875,76561197995970019,aimeR.,0,m4a1_silencer,rifle,619.1223555551301,0.36976624,0.25405884,0.0
121490,-11.480713,227.8645,38.402023,-1514.1655,-767.46875,76561197995970019,aimeR.,0,m4a1_silencer,rifle,619.1223555551301,0.36976624,0.25405884,0.0
121491,-11.480713,228.07693,38.402023,-1512.3497,-767.46875,76561197995970019,aimeR.,0,m4a1_silencer,rifle,619.1223555551301,0.36976624,0.25405884,0.0
121492,-11.480713,228.28937,38.402023,-1510.5339,-767.46875,76561197995970019,aimeR.,0,m4a1_silencer,rifle,619.1223555551301,0.36976624,0.25405884,0.0
121493,-11.388367,228.50122,38.633087,-1508.7181,-767.46875,76561197995970019,aimeR.,0,m4a1_silencer,rifle,619.1223555551301,0.36976624,0.25405884,0.0
121494,-11.087952,228.71014,39.41826,-1506.902,-767.46875,76561197995970019,aimeR.,0,m4a1_silencer,rifle,619.1223555551301,0.36976624,0.25405884,0.0
121495,-10.487488,228.9133,40.596542,-1505.0852,-767.6965,76561197995970019,aimeR.,0,m4a1_silencer,rifle,619.1223555551301,0.36976624,0.25405884,0.0
121496,-10.487488,228.9133,40.596542,-1505.0852,-767.6965,76561197995970019,aimeR.,0,m4a1_silencer,rifle,619.1223555551301,0.36976624,0.25405884,0.0
121497,-9.540253,229.2917,42.30594,-1501.4486,-767.96875,76561197995970019,aimeR.,0,m4a1_silencer,rifle,619.1223555551301,0.36976624,0.25405884,0.0
121498,-7.830841,229.45807,45.88646,-1499.628,-767.96875,76561197995970019,aimeR.,0,m4a1_silencer,rifle,619.1223555551301,0.36976624,0.25405884,0.0
121499,-7.207367,229.6034,47.24945,-1497.8057,-767.96875,76561197995970019,aimeR.,0,m4a1_silencer,rifle,619.1223555551301,0.36976624,0.25405884,0.0
121500,-6.537201,229.7254,48.61209,-1495.9816,-767.96875,76561197995970019,aimeR.,0,m4a1_silencer,rifle,619.1223555551301,0.36976624,0.25405884,0.0
121501,-6.237152,229.82469,49.12056,-1494.1561,-767.96875,76561197995970019,aimeR.,0,m4a1_silencer,rifle,619.1223555551301,0.36976624,0.25405884,0.0
121502,-6.213806,229.90375,49.143555,-1492.3297,-767.96875,76561197995970019,aimeR.,0,m4a1_silencer,rifle,619.1223555551301,0.36976624,0.25405884,0.0
121503,-6.213806,229.90375,49.143555,-1492.3297,-767.96875,76561197995970019,aimeR.,0,m4a1_silencer,rifle,619.1223555551301,0.36976624,0.25405884,0.0
121504,-6.213806,230.00854,49.143555,-1488.6749,-770.17914,76561197995970019,aimeR.,0,m4a1_silencer,rifle,619.1223555551301,0.36976624,0.25405884,0.0
121505,-6.213806,230.03772,49.143555,-1486.847,-771.39777,76561197995970019,aimeR.,0,m4a1_silencer,rifle,619.1223555551301,0.36976624,0.25405884,0.0
121506,-6.213806,230.05316,49.143555,-1485.019,-772.6164,76561197995970019,aimeR.,0,m4a1_silencer,rifle,619.1223555551301,0.36976624,0.25405884,0.0
121507,-6.213806,230.05615,49.143555,-1483.1909,-773.83514,76561197995970019,aimeR.,0,m4a1_silencer,rifle,619.1223555551301,0.36976624,0.25405884,0.0
121508,-6.213806,230.048,49.143555,-1481.3628,-775.0539,76561197995970019,aimeR.,0,m4a1_silencer,rifle,619.1223555551301,0.36976624,0.25405884,0.0
121509,-6.213806,230.02962,49.143555,-1479.5348,-775.96875,76561197995970019,aimeR.,0,m4a1_silencer,rifle,619.1223555551301,0.36976624,0.25405884,0.0
121510,-6.213806,230.00186,49.143555,-1477.7069,-775.96875,76561197995970019,aimeR.,0,m4a1_silencer,rifle,619.1223555551301,0.36976624,0.25405884,0.0
121511,-6.213806,229.96564,49.143555,-1475.8792,-775.96875,76561197995970019,aimeR.,0,m4a1_silencer,rifle,619.1223555551301,0.36976624,0.25405884,0.0
121512,-6.213806,229.92137,49.143555,-1474.0515,-775.96875,76561197995970019,aimeR.,0,m4a1_silencer,rifle,619.1223555551301,0.36976624,0.25405884,0.0
121513,-6.213806,229.86993,49.143555,-1472.2241,-775.96875,76561197995970019,aimeR.,0,m4a1_silencer,rifle,619.1223555551301,0.36976624,0.25405884,0.0
121514,-5.913727,229.81267,48.82016,-1470.3969,-775.96875,76561197995970019,aimeR.,0,m4a1_silencer,rifle,619.1223555551301,0.36976624,0.25405884,0.0
121515,-5.7286835,229.75125,48.358032,-1468.5697,-775.96875,76561197995970019,aimeR.,0,m4a1_silencer,rifle,619.1223555551301,0.36976624,0.25405884,0.0
121516,-5.382263,229.68869,47.410812,-1466.7427,-775.96875,76561197995970019,aimeR.,0,m4a1_silencer,rifle,619.1223555551301,0.36976624,0.25405884,0.0
121517,-4.7817993,229.62888,45.84012,-1464.9155,-775.96875,76561197995970019,aimeR.,0,m4a1_silencer,rifle,619.1223555551301,0.36976624,0.25405884,0.0
121518,-4.1349792,229.576,44.223053,-1463.0881,-775.96875,76561197995970019,aimeR.,0,m4a1_silencer,rifle,619.1223555551301,0.36976624,0.25405884,0.0
121519,-3.5111694,229.534,42.537003,-1461.2605,-775.96875,76561197995970019,aimeR.,0,m4a1_silencer,rifle,619.1223555551301,0.36976624,0.25405884,0.0
121520,-3.1647491,229.5047,41.49742,-1459.4326,-775.96875,76561197995970019,aimeR.,0,m4a1_silencer,rifle,619.1223555551301,0.36976624,0.25405884,0.0
121521,-2.7259827,229.4905,40.434845,-1457.6045,-775.96875,76561197995970019,aimeR.,0,m4a1_silencer,rifle,619.1223555551301,0.36976624,0.25405884,0.0
121522,-2.494934,229.49028,40.20378,-1455.7764,-775.96875,76561197995970019,aimeR.,0,m4a1_silencer,rifle,619.1223555551301,0.36976624,0.25405884,0.0
121523,-2.4025726,229.50262,40.319138,-1453.9482,-775.96875,76561197995970019,aimeR.,0,m4a1_silencer,rifle,619.1223555551301,0.36976624,0.25405884,0.0
121524,-2.4025726,229.52652,40.319138,-1452.1202,-775.96875,76561197995970019,aimeR.,0,m4a1_silencer,rifle,619.1223555551301,0.36976624,0.25405884,0.0
121525,-2.4025726,229.56065,40.319138,-1450.2925,-775.96875,76561197995970019,aimeR.,0,m4a1_silencer,rifle,619.1223555551301,0.36976624,0.25405884,0.0
121526,-2.4025726,229.60414,40.319138,-1448.4648,-775.96875,76561197995970019,aimeR.,0,m4a1_silencer,rifle,619.1223555551301,0.36976624,0.25405884,0.0
121527,-2.4025726,229.65659,40.319138,-1446.6375,-775.96875,76561197995970019,aimeR.,0,m4a1_silencer,rifle,619.1223555551301,0.36976624,0.25405884,0.0
121528,-2.4025726,229.71706,40.319138,-1444.8103,-775.96875,76561197995970019,aimeR.,0,m4a1_silencer,rifle,619.1223555551301,0.36976624,0.25405884,0.0
121529,-2.4025726,229.7847,40.319138,-1442.9834,-775.96875,76561197995970019,aimeR.,0,m4a1_silencer,rifle,619.1223555551301,0.36976624,0.25405884,0.0
121530,-2.4025726,229.85902,40.319138,-1441.1567,-775.96875,76561197995970019,aimeR.,0,m4a1_silencer,rifle,619.1223555551301,0.36976624,0.25405884,0.0
121531,-2.4025726,229.95233,40.273132,-1439.1776,-775.96875,76561197995970019,aimeR.,0,m4a1_silencer,rifle,619.1223555551301,0.36976624,0.25405884,0.0
121532,-2.3332214,230.06702,39.533966,-1437.0585,-775.96875,76561197995970019,aimeR.,0,m4a1_silencer,rifle,619.1223555551301,0.36976624,0.25405884,0.0
121533,-2.1715088,230.20729,38.332672,-1434.8112,-775.96875,76561197995970019,aimeR.,0,m4a1_silencer,rifle,619.1223555551301,0.36976624,0.25405884,0.0
121534,-1.8017578,230.38004,36.669617,-1432.4475,-775.96875,76561197995970019,aimeR.,0,m4a1_silencer,rifle,619.1223555551301,0.36976624,0.25405884,0.0
121535,-1.1089325,230.59512,34.220703,-1429.9792,-775.96875,76561197995970019,aimeR.,0,m4a1_silencer,rifle,619.1223555551301,0.36976624,0.25405884,0.0
121536,-0.5774689,230.85712,32.69635,-1427.4161,-775.96875,76561197995970019,aimeR.,0,m4a1_silencer,rifle,619.1223555551301,0.36976624,0.25405884,0.0
121537,-0.0693512,231.16835,31.495056,-1424.7673,-775.96875,76561197995970019,aimeR.,0,m4a1_silencer,rifle,619.1223555551301,0.36976624,0.25405884,0.0
121538,0.23104858,231.52762,30.963593,-1422.0408,-775.96875,76561197995970019,aimeR.,0,m4a1_silencer,rifle,619.1223555551301,0.36976624,0.25405884,0.0
121539,0.6698303,231.93309,30.524826,-1419.2429,-775.96875,76561197995970019,aimeR.,0,m4a1_silencer,rifle,619.1223555551301,0.36976624,0.25405884,0.0
121540,0.92388916,232.38165,30.432465,-1416.3802,-775.96875,76561197995970019,aimeR.,0,m4a1_silencer,rifle,619.1223555551301,0.36976624,0.25405884,0.0
121541,1.177948,232.86969,30.432465,-1413.4579,-775.96875,76561197995970019,aimeR.,0,m4a1_silencer,rifle,619.1223555551301,0.36976624,0.25405884,0.0
121542,1.2936401,233.39407,30.432465,-1410.4803,-775.96875,76561197995970019,aimeR.,0,m4a1_silencer,rifle,619.1223555551301,0.36976624,0.25405884,0.0
121543,1.3396454,233.95164,30.432465,-1407.452,-775.96875,76561197995970019,aimeR.,0,m4a1_silencer,rifle,619.1223555551301,0.36976624,0.25405884,0.0
121544,1.3859863,234.53972,30.432465,-1404.3776,-775.96875,76561197995970019,aimeR.,0,m4a1_silencer,rifle,619.1223555551301,0.36976624,0.25405884,0.0
121545,1.3859863,235.15607,30.432465,-1401.2605,-775.96875,76561197995970019,aimeR.,0,m4a1_silencer,rifle,619.1223555551301,0.36976624,0.25405884,0.0
121546,1.3859863,235.15607,30.432465,-1401.2605,-775.96875,76561197995970019,aimeR.,0,m4a1_silencer,rifle,619.1223555551301,0.36976624,0.25405884,0.0
121547,1.3859863,236.46548,30.386124,-1394.9126,-775.96875,76561197995970019,aimeR.,0,m4a1_silencer,rifle,619.1223555551301,0.36976624,0.25405884,0.0
121548,1.3396454,237.15547,30.15541,-1391.6877,-775.96875,76561197995970019,aimeR.,0,m4a1_silencer,rifle,619.1223555551301,0.36976624,0.25405884,0.0
121549,1.3629913,237.86852,29.855011,-1388.4332,-775.96875,76561197995970019,aimeR.,0,m4a1_silencer,rifle,619.1223555551301,0.36976624,0.25405884,0.0
121550,1.4089966,238.60417,29.554596,-1385.1519,-775.96875,76561197995970019,aimeR.,0,m4a1_silencer,rifle,619.1223555551301,0.36976624,0.25405884,0.0
121551,1.4553528,239.36258,29.138824,-1381.8463,-775.96875,76561197995970019,aimeR.,0,m4a1_silencer,rifle,619.1223555551301,0.36976624,0.25405884,0.0
121552,1.547699,240.14441,28.676727,-1378.5195,-775.96875,76561197995970019,aimeR.,0,m4a1_silencer,rifle,619.1223555551301,0.36976624,0.25405884,0.0
121553,1.6630554,240.95045,28.1456,-1375.1738,-775.96875,76561197995970019,aimeR.,0,m4a1_silencer,rifle,619.1223555551301,0.36976624,0.25405884,0.0
121554,1.8017578,241.78128,27.591125,-1371.8114,-775.96875,76561197995970019,aimeR.,0,m4a1_silencer,rifle,619.1223555551301,0.36976624,0.25405884,0.0
121555,1.9634705,242.63812,26.967316,-1368.4348,-775.96875,76561197995970019,aimeR.,0,m4a1_silencer,rifle,619.1223555551301,0.36976624,0.25405884,0.0
121556,2.078827,243.52151,26.413193,-1365.0461,-775.96875,76561197995970019,aimeR.,0,m4a1_silencer,rifle,619.1223555551301,0.36976624,0.25405884,0.0
121557,2.1715088,244.43149,25.858734,-1361.6503,-775.96875,76561197995970019,aimeR.,0,m4a1_silencer,rifle,619.1223555551301,0.36976624,0.25405884,0.0
121558,2.2405243,245.26747,25.30426,-1358.5304,-775.96875,76561197995970019,aimeR.,0,m4a1_silencer,rifle,619.1223555551301,0.36976624,0.25405884,0.0
121559,2.2868652,246.03572,24.588089,-1355.664,-775.96875,76561197995970019,aimeR.,0,m4a1_silencer,rifle,619.1223555551301,0.36976624,0.25405884,0.0
121560,2.2868652,246.74161,24.056976,-1353.0304,-775.96875,76561197995970019,aimeR.,0,m4a1_silencer,rifle,619.1223555551301,0.36976624,0.25405884,0.0
121561,2.2868652,247.39008,23.617859,-1350.6108,-775.96875,76561197995970019,aimeR.,0,m4a1_silencer,rifle,619.1223555551301,0.36976624,0.25405884,0.0
121562,2.2868652,247.98605,23.017395,-1348.3877,-775.96875,76561197995970019,aimeR.,0,m4a1_silencer,rifle,619.1223555551301,0.36976624,0.25405884,0.0
121563,2.2868652,248.53358,22.324554,-1346.3453,-775.96875,76561197995970019,aimeR.,0,m4a1_silencer,rifle,619.1223555551301,0.36976624,0.25405884,0.0
121564,2.3098755,249.0367,21.446686,-1344.469,-775.96875,76561197995970019,aimeR.,0,m4a1_silencer,rifle,619.1223555551301,0.36976624,0.25405884,0.0
121565,2.3562317,249.499,20.75351,-1342.7452,-775.96875,76561197995970019,aimeR.,0,m4a1_silencer,rifle,619.1223555551301,0.36976624,0.25405884,0.0
121566,2.4715881,249.9236,19.436874,-1341.1614,-775.96875,76561197995970019,aimeR.,0,m4a1_silencer,rifle,619.1223555551301,0.36976624,0.25405884,0.0
121567,2.5872803,250.21587,18.443634,-1339.7097,-775.96875,76561197995970019,aimeR.,0,m4a1_silencer,rifle,619.1223555551301,0.36976624,0.25405884,0.0
121568,2.5872803,250.21587,18.443634,-1339.7097,-775.96875,76561197995970019,aimeR.,0,m4a1_silencer,rifle,619.1223555551301,0.36976624,0.25405884,0.0
121569,2.6796265,249.83792,17.542755,-1337.4581,-775.96875,76561197995970019,aimeR.,0,m4a1_silencer,rifle,619.1223555551301,0.36976624,0.25405884,0.0
121570,2.9566956,249.21748,15.92572,-1336.6304,-775.96875,76561197995970019,aimeR.,0,m4a1_silencer,rifle,619.1223555551301,0.36976624,0.25405884,0.0
121571,3.1877441,248.36617,14.978485,-1335.9618,-775.96875,76561197995970019,aimeR.,0,m4a1_silencer,rifle,619.1223555551301,0.36976624,0.25405884,0.0
121572,3.372467,247.30208,14.401016,-1335.4309,-775.96875,76561197995970019,aimeR.,0,m4a1_silencer,rifle,619.1223555551301,0.36976624,0.25405884,0.0
121573,3.5805054,246.0352,13.684845,-1335.0167,-775.96875,76561197995970019,aimeR.,0,m4a1_silencer,rifle,619.1223555551301,0.36976624,0.25405884,0.0
121574,3.8345642,244.57686,12.969025,-1334.7039,-775.96875,76561197995970019,aimeR.,0,m4a1_silencer,rifle,619.1223555551301,0.36976624,0.25405884,0.0
121575,4.019287,242.94203,12.414551,-1334.4814,-775.96875,76561197995970019,aimeR.,0,m4a1_silencer,rifle,619.1223555551301,0.36976624,0.25405884,0.0
121576,4.2273254,241.14421,11.883087,-1334.3394,-775.96875,76561197995970019,aimeR.,0,m4a1_silencer,rifle,619.1223555551301,0.36976624,0.25405884,0.0
121577,4.389038,239.19646,11.3749695,-1334.2682,-775.96875,76561197995970019,aimeR.,0,m4a1_silencer,rifle,619.1223555551301,0.36976624,0.25405884,0.0
121578,4.666107,237.11026,10.658798,-1334.2588,-775.96875,76561197995970019,aimeR.,0,m4a1_silencer,rifle,619.1223555551301,0.36976624,0.25405884,0.0
121579,4.8278046,234.96964,10.127686,-1334.1282,-775.96875,76561197995970019,aimeR.,0,m4a1_silencer,rifle,619.1223555551301,0.36976624,0.25405884,0.0
121580,4.943512,232.95802,9.619568,-1333.6783,-775.96875,76561197995970019,aimeR.,0,m4a1_silencer,rifle,619.1223555551301,0.36976624,0.25405884,0.0
121581,4.989502,231.06996,9.15744,-1332.9482,-775.96875,76561197995970019,aimeR.,0,m4a1_silencer,rifle,619.1223555551301,0.36976624,0.25405884,0.0
121582,4.989502,229.28877,8.880386,-1331.9789,-775.96875,76561197995970019,aimeR.,0,m4a1_silencer,rifle,619.1223555551301,0.36976624,0.25405884,0.0
121583,4.989502,227.60727,8.602982,-1330.7894,-775.96875,76561197995970019,aimeR.,0,m4a1_silencer,rifle,619.1223555551301,0.36976624,0.25405884,0.0
121584,4.966507,226.054,8.348923,-1329.6792,-775.96875,76561197995970019,aimeR.,0,m4a1_silencer,rifle,619.1223555551301,0.36976624,0.25405884,0.0
121585,4.966507,224.65881,8.094864,-1328.9104,-775.96875,76561197995970019,aimeR.,0,m4a1_silencer,rifle,619.1223555551301,0.36976624,0.25405884,0.0
121586,4.897156,223.41779,7.9101562,-1328.5015,-775.96875,76561197995970019,aimeR.,0,m4a1_silencer,rifle,619.1223555551301,0.36976624,0.25405884,0.0
121587,4.735443,222.32884,7.8638,-1328.4489,-775.96875,76561197995970019,aimeR.,0,m4a1_silencer,rifle,619.1223555551301,0.36976624,0.25405884,0.0
121588,4.5043945,221.38287,7.9331665,-1328.7004,-775.96875,76561197995970019,aimeR.,0,m4a1_silencer,rifle,619.1223555551301,0.36976624,0.25405884,0.0
121589,4.5043945,221.38287,7.9331665,-1328.7004,-775.96875,76561197995970019,aimeR.,0,m4a1_silencer,rifle,619.1223555551301,0.36976624,0.25405884,0.0
121590,4.365692,219.89783,7.9561615,-1329.9937,-775.96875,76561197995970019,aimeR.,0,m4a1_silencer,rifle,619.1223555551301,0.36976624,0.25405884,0.0
121591,4.065628,219.28328,7.817459,-1330.8138,-775.96875,76561197995970019,aimeR.,0,m4a1_silencer,rifle,619.1223555551301,0.36976624,0.25405884,0.0
121592,3.8575745,218.72821,7.771454,-1331.5544,-775.96875,76561197995970019,aimeR.,0,m4a1_silencer,rifle,619.1223555551301,0.36976624,0.25405884,0.0
121593,3.6265259,218.21487,7.794464,-1332.0565,-775.96875,76561197995970019,aimeR.,0,m4a1_silencer,rifle,619.1223555551301,0.36976624,0.25405884,0.0
121594,3.4648132,217.73317,7.840805,-1332.2003,-775.96875,76561197995970019,aimeR.,0,m4a1_silencer,rifle,619.1223555551301,0.36976624,0.25405884,0.0
121595,3.3264465,217.31946,7.840805,-1331.9578,-775.96875,76561197995970019,aimeR.,0,m4a1_silencer,rifle,619.1223555551301,0.36976624,0.25405884,0.0
121596,3.2107544,216.95242,7.771454,-1331.4673,-775.96875,76561197995970019,aimeR.,0,m4a1_silencer,rifle,619.1223555551301,0.36976624,0.25405884,0.0
121597,3.1184082,216.60571,7.7250977,-1330.7588,-775.96875,76561197995970019,aimeR.,0,m4a1_silencer,rifle,619.1223555551301,0.36976624,0.25405884,0.0
121598,3.0723877,216.26306,7.6791077,-1329.8418,-775.96875,76561197995970019,aimeR.,0,m4a1_silencer,rifle,619.1223555551301,0.36976624,0.25405884,0.0
121599,3.0260468,215.91618,7.586746,-1328.7207,-775.96875,76561197995970019,aimeR.,0,m4a1_silencer,rifle,619.1223555551301,0.36976624,0.25405884,0.0
121600,3.0030518,215.56024,7.425049,-1327.3973,-775.96875,76561197995970019,aimeR.,0,m4a1_silencer,rifle,619.1223555551301,0.36976624,0.25405884,0.0
121601,2.9797058,215.19765,6.8012238,-1325.8813,-775.96875,76561197995970019,aimeR.,0,m4a1_silencer,rifle,619.1223555551301,0.36976624,0.25405884,0.0
121602,2.9566956,214.83539,6.223755,-1324.2527,-775.96875,76561197995970019,aimeR.,0,m4a1_silencer,rifle,619.1223555551301,0.36976624,0.25405884,0.0
121603,2.841339,214.50194,5.27652,-1322.7542,-775.96875,76561197995970019,aimeR.,0,m4a1_silencer,rifle,619.1223555551301,0.36976624,0.25405884,0.0
121604,2.5872803,214.2007,4.1445923,-1321.4009,-775.96875,76561197995970019,aimeR.,0,m4a1_silencer,rifle,619.1223555551301,0.36976624,0.25405884,0.0
121605,2.4022217,213.92413,3.405426,-1320.1576,-775.96875,76561197995970019,aimeR.,0,m4a1_silencer,rifle,619.1223555551301,0.36976624,0.25405884,0.0
121606,2.1021729,213.65692,2.4815369,-1318.7134,-775.96875,76561197995970019,aimeR.,0,m4a1_silencer,rifle,619.1223555551301,0.36976624,0.25405884,0.0
121607,1.6630554,213.40358,1.4649658,-1317.0846,-775.96875,76561197995970019,aimeR.,0,m4a1_silencer,rifle,619.1223555551301,0.36976624,0.25405884,0.0
121608,1.3629913,213.16678,0.7951355,-1315.2861,-775.96875,76561197995970019,aimeR.,0,m4a1_silencer,rifle,619.1223555551301,0.36976624,0.25405884,0.0
121609,0.92388916,212.94925,0.032958984,-1313.3315,-775.96875,76561197995970019,aimeR.,0,m4a1_silencer,rifle,619.1223555551301,0.36976624,0.25405884,0.0
121610,0.5311279,212.74628,-0.49850464,-1311.3326,-775.96875,76561197995970019,aimeR.,0,m4a1_silencer,rifle,619.1223555551301,0.36976624,0.25405884,0.0
121611,0.30041504,212.55933,-0.98361206,-1309.493,-775.96875,76561197995970019,aimeR.,0,m4a1_silencer,rifle,619.1223555551301,0.36976624,0.25405884,0.0
121612,0.23104858,212.3811,-1.9075012,-1308.0936,-775.96875,76561197995970019,aimeR.,0,m4a1_silencer,rifle,619.1223555551301,0.36976624,0.25405884,0.0
121613,0.30041504,212.20224,-2.9237366,-1307.1075,-775.96875,76561197995970019,aimeR.,0,m4a1_silencer,rifle,619.1223555551301,0.36976624,0.25405884,0.0
121614,0.43876648,212.02025,-4.1020203,-1306.5466,-775.96875,76561197995970019,aimeR.,0,m4a1_silencer,rifle,619.1223555551301,0.36976624,0.25405884,0.0
121615,0.43876648,211.8436,-4.956543,-1306.3834,-775.96875,76561197995970019,aimeR.,0,m4a1_silencer,rifle,619.1223555551301,0.36976624,0.25405884,0.0
121616,0.43876648,211.71407,-5.2339478,-1306.59,-775.96875,76561197995970019,aimeR.,0,m4a1_silencer,rifle,619.1223555551301,0.36976624,0.25405884,0.0
121617,0.43876648,211.6109,-5.2339478,-1307.0111,-775.96875,76561197995970019,aimeR.,0,m4a1_silencer,rifle,619.1223555551301,0.36976624,0.25405884,0.0
121618,0.43876648,211.50462,-5.164612,-1307.6345,-775.96875,76561197995970019,aimeR.,0,m4a1_silencer,rifle,619.1223555551301,0.36976624,0.25405884,0.0
121619,0.5544739,211.40544,-5.0492554,-1308.2714,-775.96875,76561197995970019,aimeR.,0,m4a1_silencer,rifle,619.1223555551301,0.36976624,0.25405884,0.0
121620,0.7621765,211.31706,-4.8875427,-1308.8473,-775.96875,76561197995970019,aimeR.,0,m4a1_silencer,rifle,619.1223555551301,0.36976624,0.25405884,0.0
121621,0.9932251,211.24387,-4.610138,-1309.3256,-775.96875,76561197995970019,aimeR.,0,m4a1_silencer,rifle,619.1223555551301,0.36976624,0.25405884,0.0
121622,1.2936401,211.18863,-4.07901,-1309.6874,-775.96875,76561197995970019,aimeR.,0,m4a1_silencer,rifle,619.1223555551301,0.36976624,0.25405884,0.0
121623,1.5013428,211.14859,-3.5475464,-1309.9486,-775.96875,76561197995970019,aimeR.,0,m4a1_silencer,rifle,619.1223555551301,0.36976624,0.25405884,0.0
121624,1.7554016,211.1241,-2.9470825,-1310.1093,-775.96875,76561197995970019,aimeR.,0,m4a1_silencer,rifle,619.1223555551301,0.36976624,0.25405884,0.0
121625,2.0098114,211.11487,-2.3232727,-1310.1693,-775.96875,76561197995970019,aimeR.,0,m4a1_silencer,rifle,619.1223555551301,0.36976624,0.25405884,0.0
121626,2.078827,211.11487,-1.9998474,-1310.1693,-775.96875,76561197995970019,aimeR.,0,m4a1_silencer,rifle,619.1223555551301,0.36976624,0.25405884,0.0
121627,2.1251678,211.11487,-1.4917297,-1310.1693,-775.96875,76561197995970019,aimeR.,0,m4a1_silencer,rifle,619.1223555551301,0.36976624,0.25405884,0.0
121628,2.1715088,211.11487,-1.0989685,-1310.1693,-775.96875,76561197995970019,aimeR.,0,m4a1_silencer,rifle,619.1223555551301,0.36976624,0.25405884,0.0
121629,2.194519,211.11487,-0.9372711,-1310.1693,-775.96875,76561197995970019,aimeR.,0,m4a1_silencer,rifle,619.1223555551301,0.36976624,0.25405884,0.0
121630,2.2175293,211.11487,-0.8679199,-1310.1693,-775.96875,76561197995970019,aimeR.,0,m4a1_silencer,rifle,619.1223555551301,0.36976624,0.25405884,0.0
121631,2.2868652,211.11487,-0.7062073,-1310.1693,-775.96875,76561197995970019,aimeR.,0,m4a1_silencer,rifle,619.1223555551301,0.36976624,0.25405884,0.0
121632,2.3332214,211.11487,-0.26745605,-1310.1693,-775.96875,76561197995970019,aimeR.,0,m4a1_silencer,rifle,619.1223555551301,0.36976624,0.25405884,0.0
121633,2.3792267,211.11487,0.12530518,-1310.1693,-775.96875,76561197995970019,aimeR.,0,m4a1_silencer,rifle,619.1223555551301,0.36976624,0.25405884,0.0
121634,2.4715881,211.11487,0.35636902,-1310.1693,-775.96875,76561197995970019,aimeR.,0,m4a1_silencer,rifle,619.1223555551301,0.36976624,0.25405884,0.0
121635,2.4715881,211.11487,0.379364,-1310.1693,-775.96875,76561197995970019,aimeR.,0,m4a1_silencer,rifle,619.1223555551301,0.36976624,0.25405884,0.0
121636,2.4715881,211.11487,0.379364,-1310.1693,-775.96875,76561197995970019,aimeR.,0,m4a1_silencer,rifle,619.1223555551301,0.36976624,0.25405884,0.0
121637,2.4715881,211.11487,0.379364,-1310.1693,-775.96875,76561197995970019,aimeR.,0,m4a1_silencer,rifle,619.1223555551301,0.36976624,0.25405884,0.0
121638,2.4715881,211.11487,0.4257202,-1310.1693,-775.96875,76561197995970019,aimeR.,0,m4a1_silencer,rifle,619.1223555551301,0.36976624,0.25405884,0.0
121639,2.448578,211.11487,0.4950714,-1310.1693,-775.96875,76561197995970019,aimeR.,0,m4a1_silencer,rifle,619.1223555551301,0.36976624,0.25405884,0.0
121640,2.448578,211.11487,0.5180664,-1310.1693,-775.96875,76561197995970019,aimeR.,0,m4a1_silencer,rifle,619.1223555551301,0.36976624,0.25405884,0.0
121641,2.4715881,211.11487,0.5180664,-1310.1693,-775.96875,76561197995970019,aimeR.,0,m4a1_silencer,rifle,619.1223555551301,0.36976624,0.25405884,0.0
121642,2.517929,211.11487,0.5180664,-1310.1693,-775.96875,76561197995970019,aimeR.,0,m4a1_silencer,rifle,619.1223555551301,0.36976624,0.25405884,0.0
121643,2.540924,211.11487,0.5180664,-1310.1693,-775.96875,76561197995970019,aimeR.,0,m4a1_silencer,rifle,619.1223555551301,0.36976624,0.25405884,0.0
121644,2.540924,211.11487,0.54107666,-1310.1693,-775.96875,76561197995970019,aimeR.,0,m4a1_silencer,rifle,619.1223555551301,0.36976624,0.25405884,0.0
121645,2.517929,211.11487,0.54107666,-1310.1693,-775.96875,76561197995970019,aimeR.,0,m4a1_silencer,rifle,619.1223555551301,0.36976624,0.25405884,0.0
121646,2.4715881,211.11487,0.5180664,-1310.1693,-775.96875,76561197995970019,aimeR.,0,m4a1_silencer,rifle,619.1223555551301,0.36976624,0.25405884,0.0
121647,2.448578,211.11487,0.5180664,-1310.1693,-775.96875,76561197995970019,aimeR.,0,m4a1_silencer,rifle,619.1223555551301,0.36976624,0.25405884,0.0
121648,2.448578,211.11487,0.8644867,-1310.1693,-775.96875,76561197995970019,aimeR.,0,m4a1_silencer,rifle,619.1223555551301,0.36976624,0.25405884,0.0
121649,2.448578,211.11487,1.4883118,-1310.1693,-775.96875,76561197995970019,aimeR.,0,m4a1_silencer,rifle,619.1223555551301,0.36976624,0.25405884,0.0
121650,2.448578,211.11487,2.1581268,-1310.1693,-775.96875,76561197995970019,aimeR.,0,m4a1_silencer,rifle,619.1223555551301,0.36976624,0.25405884,0.0
121651,2.448578,211.11487,3.3824158,-1310.1693,-775.96875,76561197995970019,aimeR.,0,m4a1_silencer,rifle,619.1223555551301,0.36976624,0.25405884,0.0
121652,2.4255676,211.11487,3.775177,-1310.1693,-775.96875,76561197995970019,aimeR.,0,m4a1_silencer,rifle,619.1223555551301,0.36976624,0.25405884,0.0
121653,2.4255676,211.11487,3.9138794,-1310.1693,-775.96875,76561197995970019,aimeR.,0,m4a1_silencer,rifle,619.1223555551301,0.36976624,0.25405884,0.0
121654,2.4022217,211.11487,3.775177,-1310.1693,-775.96875,76561197995970019,aimeR.,0,m4a1_silencer,rifle,619.1223555551301,0.36976624,0.25405884,0.0
121655,2.3562317,211.11487,3.6364746,-1310.1693,-775.96875,76561197995970019,aimeR.,0,m4a1_silencer,rifle,619.1223555551301,0.36976624,0.25405884,0.0
121656,2.2405243,211.11487,3.451767,-1310.1693,-775.96875,76561197995970019,aimeR.,0,m4a1_silencer,rifle,619.1223555551301,0.36976624,0.25405884,0.0
121657,2.1021729,211.11487,3.3360596,-1310.1693,-775.96875,76561197995970019,aimeR.,0,m4a1_silencer,rifle,619.1223555551301,0.36976624,0.25405884,0.0
121658,1.848114,211.11487,3.0360107,-1310.1693,-775.96875,76561197995970019,aimeR.,0,m4a1_silencer,rifle,619.1223555551301,0.36976624,0.25405884,0.0
121659,1.5937042,211.11487,2.6662445,-1310.1693,-775.96875,76561197995970019,aimeR.,0,m4a1_silencer,rifle,619.1223555551301,0.36976624,0.25405884,0.0
121660,1.2472839,211.11487,2.2734833,-1310.1693,-775.96875,76561197995970019,aimeR.,0,m4a1_silencer,rifle,619.1223555551301,0.36976624,0.25405884,0.0
121661,0.9008789,211.11487,2.0887756,-1310.1693,-775.96875,76561197995970019,aimeR.,0,m4a1_silencer,rifle,619.1223555551301,0.36976624,0.25405884,0.0
121662,0.60046387,211.11487,2.1351318,-1310.1693,-775.96875,76561197995970019,aimeR.,0,m4a1_silencer,rifle,619.1223555551301,0.36976624,0.25405884,0.0
121663,0.34640503,211.11487,2.2968292,-1310.1693,-775.96875,76561197995970019,aimeR.,0,m4a1_silencer,rifle,619.1223555551301,0.36976624,0.25405884,0.0
121664,0.1387024,211.11487,2.4351807,-1310.1693,-775.96875,76561197995970019,aimeR.,0,m4a1_silencer,rifle,619.1223555551301,0.36976624,0.25405884,0.0
121665,-0.0463562,211.11487,2.550888,-1310.1693,-775.96875,76561197995970019,aimeR.,0,m4a1_silencer,rifle,619.1223555551301,0.36976624,0.25405884,0.0
121666,-0.0463562,211.11487,2.550888,-1310.1693,-775.96875,76561197995970019,aimeR.,0,m4a1_silencer,rifle,619.1223555551301,0.36976624,0.25405884,0.0
121667,-0.18470764,211.11487,2.6202393,-1310.1693,-775.96875,76561197995970019,aimeR.,0,m4a1_silencer,rifle,619.1223555551301,0.36976624,0.25405884,0.0
121668,-0.6698303,211.11487,2.9896545,-1310.1693,-775.96875,76561197995970019,aimeR.,0,m4a1_silencer,rifle,619.1223555551301,0.36976624,0.25405884,0.0
121669,-0.87786865,211.11487,3.2207031,-1310.1693,-775.96875,76561197995970019,aimeR.,0,m4a1_silencer,rifle,619.1223555551301,0.36976624,0.25405884,0.0
121670,-0.9932251,211.11487,3.2900696,-1310.1693,-775.96875,76561197995970019,aimeR.,0,m4a1_silencer,rifle,619.1223555551301,0.36976624,0.25405884,0.0
121671,-1.1089325,211.11487,3.3594055,-1310.1693,-775.96875,76561197995970019,aimeR.,0,m4a1_silencer,rifle,619.1223555551301,0.36976624,0.25405884,0.0
121672,-1.1782837,211.11487,3.405426,-1310.1693,-775.96875,76561197995970019,aimeR.,0,m4a1_silencer,rifle,619.1223555551301,0.36976624,0.25405884,0.0
121673,-1.1782837,211.11487,3.405426,-1310.1693,-775.96875,76561197995970019,aimeR.,0,m4a1_silencer,rifle,619.1223555551301,0.36976624,0.25405884,0.0
121674,-1.2472839,211.11487,3.405426,-1310.1693,-775.96875,76561197995970019,aimeR.,0,m4a1_silencer,rifle,619.1223555551301,0.36976624,0.25405884,0.0
121675,-1.2472839,211.11487,3.428772,-1310.1693,-775.96875,76561197995970019,aimeR.,0,m4a1_silencer,rifle,619.1223555551301,0.36976624,0.25405884,0.0
121676,-1.2472839,211.11487,3.428772,-1310.1693,-775.96875,76561197995970019,aimeR.,0,m4a1_silencer,rifle,619.1223555551301,0.36976624,0.25405884,0.0
121677,-1.2472839,211.11487,3.428772,-1310.1693,-775.96875,76561197995970019,aimeR.,0,m4a1_silencer,rifle,619.1223555551301,0.36976624,0.25405884,0.0
121678,-1.2472839,211.11487,3.428772,-1310.1693,-775.96875,76561197995970019,aimeR.,0,m4a1_silencer,rifle,619.1223555551301,0.36976624,0.25405884,0.0
121679,-1.2472839,211.11487,3.451767,-1310.1693,-775.96875,76561197995970019,aimeR.,0,m4a1_silencer,rifle,619.1223555551301,0.36976624,0.25405884,0.0
121680,-1.201294,211.11487,3.5441284,-1310.1693,-775.96875,76561197995970019,aimeR.,0,m4a1_silencer,rifle,619.1223555551301,0.36976624,0.25405884,0.0
121681,-1.0395813,211.11487,3.6828308,-1310.1693,-775.96875,76561197995970019,aimeR.,0,m4a1_silencer,rifle,619.1223555551301,0.36976624,0.25405884,0.0
121682,-0.8085327,211.11487,3.8675232,-1310.1693,-775.96875,76561197995970019,aimeR.,0,m4a1_silencer,rifle,619.1223555551301,0.36976624,0.25405884,0.0
121683,-0.43876648,211.11487,4.121582,-1310.1693,-775.96875,76561197995970019,aimeR.,0,m4a1_silencer,rifle,619.1223555551301,0.36976624,0.25405884,0.0
