tick,pitch,X,yaw,Y,Z,steamid,label,kill_distance,pitch_delta_at_kill,yaw_delta_at_kill,player_speed,pitch_velocity,yaw_velocity,pitch_acceleration,yaw_acceleration,pitch_jerk,yaw_jerk,snap_magnitude,speed_rolling_std,speed_rolling_mean,position_delta,position_jumpiness,cumulative_pitch,cumulative_yaw,angle_magnitude,yaw_change_sign,pitch_change_sign,direction_flips,flip_rate,yaw_rolling_std,pitch_rolling_std,yaw_rolling_mean,pitch_rolling_mean,pitch_peaks,yaw_peaks,pitch_mean,pitch_std,pitch_min,pitch_max,pitch_range,pitch_skew,pitch_kurtosis,yaw_mean,yaw_std,yaw_min,yaw_max,yaw_range,yaw_skew,yaw_kurtosis,pitch_velocity_mean,pitch_velocity_std,pitch_velocity_min,pitch_velocity_max,pitch_velocity_range,pitch_velocity_skew,pitch_velocity_kurtosis,yaw_velocity_mean,yaw_velocity_std,yaw_velocity_min,yaw_velocity_max,yaw_velocity_range,yaw_velocity_skew,yaw_velocity_kurtosis,angle_magnitude_mean,angle_magnitude_std,angle_magnitude_min,angle_magnitude_max,angle_magnitude_range,angle_magnitude_skew,angle_magnitude_kurtosis,weapon_grenade,weapon_lmg,weapon_melee,weapon_pistol,weapon_rifle,weapon_shotgun,weapon_smg,weapon_sniper,weapon_unknown
40035,5.894165,1279.9681,121.459015,1455.2267,-214.96875,76561199780519055,0,1331.8680353279562,0.0,0.0,0.15503722,-0.09991459999999996,0.8658749999999884,-1.5199999999992997e-05,-0.3330050000000142,0.0665741999999998,-0.9657500000000141,0.0,0.0,0.15503722,0.0,0.5452620948751248,61.6724549,1181.122982,0.871620584267111,-1.0,-1.0,1,3.0,2.0329706433140196,0.15123020995456998,118.11229820000001,6.16724549,0,0,2.674600063666667,1.5173661432028158,0.9990692,6.3603973,5.3613281,0.6357582395503996,-0.8522966457076624,21.335084873333326,160.01046855597536,-179.79916,179.90112,359.70028,-0.4168461375464896,-1.8075183802782255,-0.01191639966555184,0.08536563498919077,-0.43258660000000004,0.6660461,1.0986327,2.4513784096583797,19.826700284718044,-0.9832728762541804,20.81978054889161,-359.70028,2.39743,362.09771,-17.278991406765304,298.7084858195922,1.5260298970447703,20.787115718662985,0.0,359.70028154233427,359.70028154233427,17.281952283804966,298.77603747369733,0.0,0.0,0.0,0.0,1.0,0.0,0.0,0.0,0.0
40036,5.7942505,1279.9681,122.59128,1455.2267,-214.96875,76561199780519055,0,1331.8680353279562,0.0,0.0,0.15503722,-0.09991449999999968,1.1322650000000039,1.0000000028043132e-07,0.26639000000001545,1.5300000000273428e-05,0.5993950000000297,0.0,0.0,0.15503722,0.0,0.5525589966665998,67.4667054,1303.7142620000002,1.136664830781378,1.0,1.0,1,4.0,2.1996113938474444,0.1749922565175483,118.8482452,6.11063081,1,0,2.674600063666667,1.5173661432028158,0.9990692,6.3603973,5.3613281,0.6357582395503996,-0.8522966457076624,21.335084873333326,160.01046855597536,-179.79916,179.90112,359.70028,-0.4168461375464896,-1.8075183802782255,-0.01191639966555184,0.08536563498919077,-0.43258660000000004,0.6660461,1.0986327,2.4513784096583797,19.826700284718044,-0.9832728762541804,20.81978054889161,-359.70028,2.39743,362.09771,-17.278991406765304,298.7084858195922,1.5260298970447703,20.787115718662985,0.0,359.70028154233427,359.70028154233427,17.281952283804966,298.77603747369733,0.0,0.0,0.0,0.0,1.0,0.0,0.0,0.0,0.0
40037,5.6610413,1279.9681,123.956665,1455.2267,-214.96875,76561199780519055,0,1331.8680353279562,0.0,0.0,0.15503722,-0.13320920000000047,1.3653850000000034,-0.03329470000000079,0.23311999999999955,-0.03329480000000107,-0.0332700000000159,0.0,0.0,0.15503722,0.0,0.5164667211123369,73.12774669999999,1427.6709270000001,1.371867664605318,1.0,-1.0,0,4.0,2.4422202148974987,0.2017804513908488,119.66411469999998,6.040695210000001,0,0,2.674600063666667,1.5173661432028158,0.9990692,6.3603973,5.3613281,0.6357582395503996,-0.8522966457076624,21.335084873333326,160.01046855597536,-179.79916,179.90112,359.70028,-0.4168461375464896,-1.8075183802782255,-0.01191639966555184,0.08536563498919077,-0.43258660000000004,0.6660461,1.0986327,2.4513784096583797,19.826700284718044,-0.9832728762541804,20.81978054889161,-359.70028,2.39743,362.09771,-17.278991406765304,298.7084858195922,1.5260298970447703,20.787115718662985,0.0,359.70028154233427,359.70028154233427,17.281952283804966,298.77603747369733,0.0,0.0,0.0,0.0,1.0,0.0,0.0,0.0,0.0
40038,5.561142,1279.9681,126.354095,1455.2267,-214.96875,76561199780519055,0,1331.8680353279562,0.0,0.0,0.15503722,-0.09989929999999969,2.39743,0.03330990000000078,1.0320449999999965,0.06660460000000157,0.798924999999997,0.0,0.0,0.15503722,0.0,0.4609217794377231,78.68888869999999,1554.025022,2.399510465707639,1.0,1.0,0,4.0,2.941103159499757,0.2306207545896289,120.65978420000002,5.967430139999999,0,1,2.674600063666667,1.5173661432028158,0.9990692,6.3603973,5.3613281,0.6357582395503996,-0.8522966457076624,21.335084873333326,160.01046855597536,-179.79916,179.90112,359.70028,-0.4168461375464896,-1.8075183802782255,-0.01191639966555184,0.08536563498919077,-0.43258660000000004,0.6660461,1.0986327,2.4513784096583797,19.826700284718044,-0.9832728762541804,20.81978054889161,-359.70028,2.39743,362.09771,-17.278991406765304,298.7084858195922,1.5260298970447703,20.787115718662985,0.0,359.70028154233427,359.70028154233427,17.281952283804966,298.77603747369733,0.0,0.0,0.0,0.0,1.0,0.0,0.0,0.0,0.0
40039,5.4945374,1279.9681,128.05252,1455.2267,-214.96875,76561199780519055,0,1331.8680353279562,0.0,0.0,0.15503722,-0.06660460000000068,1.698424999999986,0.03329469999999901,-0.6990050000000139,-1.5200000001769354e-05,-1.7310500000000104,0.0,0.0,0.15503722,0.0,0.38416258230977324,84.18342609999999,1682.077542,1.6997304649167506,-1.0,1.0,1,5.0,3.465936173874612,0.25411045270649596,121.75202959999999,5.89416508,1,0,2.674600063666667,1.5173661432028158,0.9990692,6.3603973,5.3613281,0.6357582395503996,-0.8522966457076624,21.335084873333326,160.01046855597536,-179.79916,179.90112,359.70028,-0.4168461375464896,-1.8075183802782255,-0.01191639966555184,0.08536563498919077,-0.43258660000000004,0.6660461,1.0986327,2.4513784096583797,19.826700284718044,-0.9832728762541804,20.81978054889161,-359.70028,2.39743,362.09771,-17.278991406765304,298.7084858195922,1.5260298970447703,20.787115718662985,0.0,359.70028154233427,359.70028154233427,17.281952283804966,298.77603747369733,0.0,0.0,0.0,0.0,1.0,0.0,0.0,0.0,0.0
40040,5.394623,1279.9681,130.31674,1455.2267,-214.96875,76561199780519055,0,1331.8680353279562,0.0,0.0,0.15503722,-0.0999143999999994,2.264220000000023,-0.033309799999998724,0.5657950000000369,-0.06660449999999773,1.2648000000000508,0.0,0.0,0.15503722,0.0,0.2778467780818311,89.57804909999999,1812.394282,2.2664234149265807,1.0,-1.0,1,6.0,4.098403524036844,0.2790943818837614,122.994104,5.81756903,0,0,2.674600063666667,1.5173661432028158,0.9990692,6.3603973,5.3613281,0.6357582395503996,-0.8522966457076624,21.335084873333326,160.01046855597536,-179.79916,179.90112,359.70028,-0.4168461375464896,-1.8075183802782255,-0.01191639966555184,0.08536563498919077,-0.43258660000000004,0.6660461,1.0986327,2.4513784096583797,19.826700284718044,-0.9832728762541804,20.81978054889161,-359.70028,2.39743,362.09771,-17.278991406765304,298.7084858195922,1.5260298970447703,20.787115718662985,0.0,359.70028154233427,359.70028154233427,17.281952283804966,298.77603747369733,0.0,0.0,0.0,0.0,1.0,0.0,0.0,0.0,0.0
40041,5.361328,1279.9681,132.64789,1455.2267,-214.96875,76561199780519055,0,1331.8680353279562,0.0,0.0,0.15503722,-0.03329499999999985,2.3311499999999796,0.06661939999999955,0.06692999999995664,0.09992919999999827,-0.49886500000008027,0.0,0.0,0.15503722,0.0,0.07517120552336004,94.93937709999999,1945.042172,2.3313877582943823,1.0,1.0,0,5.0,4.748145274402859,0.28434311850879623,124.419373,5.73764348,0,1,2.674600063666667,1.5173661432028158,0.9990692,6.3603973,5.3613281,0.6357582395503996,-0.8522966457076624,21.335084873333326,160.01046855597536,-179.79916,179.90112,359.70028,-0.4168461375464896,-1.8075183802782255,-0.01191639966555184,0.08536563498919077,-0.43258660000000004,0.6660461,1.0986327,2.4513784096583797,19.826700284718044,-0.9832728762541804,20.81978054889161,-359.70028,2.39743,362.09771,-17.278991406765304,298.7084858195922,1.5260298970447703,20.787115718662985,0.0,359.70028154233427,359.70028154233427,17.281952283804966,298.77603747369733,0.0,0.0,0.0,0.0,1.0,0.0,0.0,0.0,0.0
40042,5.3280334,1279.9681,134.87915,1455.2267,-214.96875,76561199780519055,0,1331.8680353279562,0.0,0.0,0.15503722,-0.03329460000000051,2.2312600000000202,3.9999999934536845e-07,-0.0998899999999594,-0.0666190000000002,-0.16681999999991604,0.0,0.0,0.15503722,0.0,0.033899675514720506,100.26741049999998,2079.921322,2.2315083952316312,-1.0,1.0,1,6.0,5.325883257562593,0.27482012629640906,126.0244755,5.6577179200000005,0,0,2.674600063666667,1.5173661432028158,0.9990692,6.3603973,5.3613281,0.6357582395503996,-0.8522966457076624,21.335084873333326,160.01046855597536,-179.79916,179.90112,359.70028,-0.4168461375464896,-1.8075183802782255,-0.01191639966555184,0.08536563498919077,-0.43258660000000004,0.6660461,1.0986327,2.4513784096583797,19.826700284718044,-0.9832728762541804,20.81978054889161,-359.70028,2.39743,362.09771,-17.278991406765304,298.7084858195922,1.5260298970447703,20.787115718662985,0.0,359.70028154233427,359.70028154233427,17.281952283804966,298.77603747369733,0.0,0.0,0.0,0.0,1.0,0.0,0.0,0.0,0.0
40043,5.361328,1279.9681,136.87695,1455.2267,-214.96875,76561199780519055,0,1331.8680353279562,0.0,0.0,0.15503722,0.03329460000000051,1.9977999999999838,0.06658920000000101,-0.23346000000003642,0.06658880000000167,-0.13357000000007702,0.0,0.0,0.15503722,0.0,0.0,105.62873849999998,2216.798272,1.9980774185173844,-1.0,1.0,0,5.0,5.759410584153835,0.24119619085183425,127.7727445,5.584452820000001,1,0,2.674600063666667,1.5173661432028158,0.9990692,6.3603973,5.3613281,0.6357582395503996,-0.8522966457076624,21.335084873333326,160.01046855597536,-179.79916,179.90112,359.70028,-0.4168461375464896,-1.8075183802782255,-0.01191639966555184,0.08536563498919077,-0.43258660000000004,0.6660461,1.0986327,2.4513784096583797,19.826700284718044,-0.9832728762541804,20.81978054889161,-359.70028,2.39743,362.09771,-17.278991406765304,298.7084858195922,1.5260298970447703,20.787115718662985,0.0,359.70028154233427,359.70028154233427,17.281952283804966,298.77603747369733,0.0,0.0,0.0,0.0,1.0,0.0,0.0,0.0,0.0
40044,5.361328,1279.9681,137.94263,1455.2267,-214.96875,76561199780519055,0,1331.8680353279562,0.0,0.0,0.15503722,0.0,1.0656800000000146,-0.03329460000000051,-0.9321199999999692,-0.09988380000000152,-0.6986599999999328,0.0,0.0,0.15503722,0.0,0.0,110.99006649999998,2354.740902,1.0656800000000146,-1.0,-1.0,0,5.0,5.965797538864065,0.20153123551932758,129.50769350000002,5.521177660000001,0,0,2.674600063666667,1.5173661432028158,0.9990692,6.3603973,5.3613281,0.6357582395503996,-0.8522966457076624,21.335084873333326,160.01046855597536,-179.79916,179.90112,359.70028,-0.4168461375464896,-1.8075183802782255,-0.01191639966555184,0.08536563498919077,-0.43258660000000004,0.6660461,1.0986327,2.4513784096583797,19.826700284718044,-0.9832728762541804,20.81978054889161,-359.70028,2.39743,362.09771,-17.278991406765304,298.7084858195922,1.5260298970447703,20.787115718662985,0.0,359.70028154233427,359.70028154233427,17.281952283804966,298.77603747369733,0.0,0.0,0.0,0.0,1.0,0.0,0.0,0.0,0.0
40045,5.2614136,1279.9681,139.57443,1455.2267,-214.96875,76561199780519055,0,1331.8680353279562,0.0,0.0,0.15503722,-0.09991440000000029,1.6317999999999984,-0.09991440000000029,0.5661199999999837,-0.06661979999999978,1.498239999999953,0.0,0.0,0.15503722,0.0,0.0,116.25148009999998,2494.315332,1.6348559958991358,1.0,-1.0,1,5.0,6.000535111085193,0.1679463960966695,131.319235,5.45790252,0,1,2.674600063666667,1.5173661432028158,0.9990692,6.3603973,5.3613281,0.6357582395503996,-0.8522966457076624,21.335084873333326,160.01046855597536,-179.79916,179.90112,359.70028,-0.4168461375464896,-1.8075183802782255,-0.01191639966555184,0.08536563498919077,-0.43258660000000004,0.6660461,1.0986327,2.4513784096583797,19.826700284718044,-0.9832728762541804,20.81978054889161,-359.70028,2.39743,362.09771,-17.278991406765304,298.7084858195922,1.5260298970447703,20.787115718662985,0.0,359.70028154233427,359.70028154233427,17.281952283804966,298.77603747369733,0.0,0.0,0.0,0.0,1.0,0.0,0.0,0.0,0.0
40046,5.028305,1279.9681,140.57349,1455.2267,-214.96875,76561199780519055,0,1331.8680353279562,0.0,0.0,0.15503722,-0.23310860000000044,0.9990599999999858,-0.13319420000000015,-0.6327400000000125,-0.03327979999999986,-1.1988599999999963,0.0,0.0,0.15503722,0.0,0.0,121.27978509999998,2634.888822,1.0258949765906509,-1.0,-1.0,1,5.0,5.78490222762748,0.1721145427065561,133.117456,5.38130797,0,0,2.674600063666667,1.5173661432028158,0.9990692,6.3603973,5.3613281,0.6357582395503996,-0.8522966457076624,21.335084873333326,160.01046855597536,-179.79916,179.90112,359.70028,-0.4168461375464896,-1.8075183802782255,-0.01191639966555184,0.08536563498919077,-0.43258660000000004,0.6660461,1.0986327,2.4513784096583797,19.826700284718044,-0.9832728762541804,20.81978054889161,-359.70028,2.39743,362.09771,-17.278991406765304,298.7084858195922,1.5260298970447703,20.787115718662985,0.0,359.70028154233427,359.70028154233427,17.281952283804966,298.77603747369733,0.0,0.0,0.0,0.0,1.0,0.0,0.0,0.0,0.0
40047,4.828491,1279.9681,140.70673,1455.2267,-214.96875,76561199780519055,0,1331.8680353279562,0.0,0.0,0.15503722,-0.19981399999999994,0.1332400000000007,0.03329460000000051,-0.8658199999999852,0.16648880000000066,-0.23307999999997264,0.0,0.0,0.15503722,0.0,0.0,126.10827609999998,2775.5955519999998,0.2401635530133583,-1.0,1.0,0,5.0,5.236690689525377,0.21721791631239,134.7924625,5.29805294,0,0,2.674600063666667,1.5173661432028158,0.9990692,6.3603973,5.3613281,0.6357582395503996,-0.8522966457076624,21.335084873333326,160.01046855597536,-179.79916,179.90112,359.70028,-0.4168461375464896,-1.8075183802782255,-0.01191639966555184,0.08536563498919077,-0.43258660000000004,0.6660461,1.0986327,2.4513784096583797,19.826700284718044,-0.9832728762541804,20.81978054889161,-359.70028,2.39743,362.09771,-17.278991406765304,298.7084858195922,1.5260298970447703,20.787115718662985,0.0,359.70028154233427,359.70028154233427,17.281952283804966,298.77603747369733,0.0,0.0,0.0,0.0,1.0,0.0,0.0,0.0,0.0
40048,4.7285767,1279.9681,140.40698,1455.2267,-214.96875,76561199780519055,0,1331.8680353279562,0.0,0.0,0.15503722,-0.09991430000000001,-0.29974999999998886,0.09989969999999992,-0.43298999999998955,0.06660509999999942,0.4328299999999956,0.0,0.0,0.15503722,0.0,0.0,130.83685279999997,2916.002532,0.3159634944807443,-1.0,1.0,0,5.0,4.56283010873104,0.2604320011613858,136.19775099999998,5.21479641,0,0,2.674600063666667,1.5173661432028158,0.9990692,6.3603973,5.3613281,0.6357582395503996,-0.8522966457076624,21.335084873333326,160.01046855597536,-179.79916,179.90112,359.70028,-0.4168461375464896,-1.8075183802782255,-0.01191639966555184,0.08536563498919077,-0.43258660000000004,0.6660461,1.0986327,2.4513784096583797,19.826700284718044,-0.9832728762541804,20.81978054889161,-359.70028,2.39743,362.09771,-17.278991406765304,298.7084858195922,1.5260298970447703,20.787115718662985,0.0,359.70028154233427,359.70028154233427,17.281952283804966,298.77603747369733,0.0,0.0,0.0,0.0,1.0,0.0,0.0,0.0,0.0
40049,4.7285767,1279.9681,140.40698,1455.2267,-214.96875,76561199780519055,0,1331.8680353279562,0.0,0.0,0.15503722,0.0,0.0,0.09991430000000001,0.29974999999998886,1.4600000000086766e-05,0.7327399999999784,0.0,0.0,0.15503722,0.0,0.0,135.56542949999996,3056.409512,0.0,1.0,1.0,1,5.0,3.704116628116489,0.2808535503251502,137.433197,5.13820034,0,0,2.674600063666667,1.5173661432028158,0.9990692,6.3603973,5.3613281,0.6357582395503996,-0.8522966457076624,21.335084873333326,160.01046855597536,-179.79916,179.90112,359.70028,-0.4168461375464896,-1.8075183802782255,-0.01191639966555184,0.08536563498919077,-0.43258660000000004,0.6660461,1.0986327,2.4513784096583797,19.826700284718044,-0.9832728762541804,20.81978054889161,-359.70028,2.39743,362.09771,-17.278991406765304,298.7084858195922,1.5260298970447703,20.787115718662985,0.0,359.70028154233427,359.70028154233427,17.281952283804966,298.77603747369733,0.0,0.0,0.0,0.0,1.0,0.0,0.0,0.0,0.0
40050,4.7285767,1279.9681,140.40698,1455.2267,-214.96875,76561199780519055,0,1331.8680353279562,0.0,0.0,0.15503722,0.0,0.0,0.0,0.0,-0.09991430000000001,-0.29974999999998886,0.0,0.0,0.15503722,0.0,0.0,140.29400619999996,3196.8164920000004,0.0,0.0,0.0,1,5.0,2.8186373919301464,0.29203988104427386,138.442221,5.0715957099999995,0,0,2.674600063666667,1.5173661432028158,0.9990692,6.3603973,5.3613281,0.6357582395503996,-0.8522966457076624,21.335084873333326,160.01046855597536,-179.79916,179.90112,359.70028,-0.4168461375464896,-1.8075183802782255,-0.01191639966555184,0.08536563498919077,-0.43258660000000004,0.6660461,1.0986327,2.4513784096583797,19.826700284718044,-0.9832728762541804,20.81978054889161,-359.70028,2.39743,362.09771,-17.278991406765304,298.7084858195922,1.5260298970447703,20.787115718662985,0.0,359.70028154233427,359.70028154233427,17.281952283804966,298.77603747369733,0.0,0.0,0.0,0.0,1.0,0.0,0.0,0.0,0.0
40051,4.7285767,1279.9681,140.40698,1455.2267,-214.96875,76561199780519055,0,1331.8680353279562,0.0,0.0,0.15503722,0.0,0.0,0.0,0.0,0.0,0.0,0.0,0.0,0.15503722,0.0,0.0,145.02258289999995,3337.2234720000006,0.0,0.0,0.0,0,5.0,1.9935481810745304,0.29083509066723184,139.21813000000003,5.00832058,0,0,2.674600063666667,1.5173661432028158,0.9990692,6.3603973,5.3613281,0.6357582395503996,-0.8522966457076624,21.335084873333326,160.01046855597536,-179.79916,179.90112,359.70028,-0.4168461375464896,-1.8075183802782255,-0.01191639966555184,0.08536563498919077,-0.43258660000000004,0.6660461,1.0986327,2.4513784096583797,19.826700284718044,-0.9832728762541804,20.81978054889161,-359.70028,2.39743,362.09771,-17.278991406765304,298.7084858195922,1.5260298970447703,20.787115718662985,0.0,359.70028154233427,359.70028154233427,17.281952283804966,298.77603747369733,0.0,0.0,0.0,0.0,1.0,0.0,0.0,0.0,0.0
40052,4.7285767,1279.9681,140.40698,1455.2267,-214.96875,76561199780519055,0,1331.8680353279562,0.0,0.0,0.15503722,0.0,0.0,0.0,0.0,0.0,0.0,0.0,0.0,0.15503722,0.0,0.0,149.75115959999994,3477.630452000001,0.0,0.0,0.0,0,4.0,1.3037993874144047,0.27915964514122427,139.770913,4.94837491,0,0,2.674600063666667,1.5173661432028158,0.9990692,6.3603973,5.3613281,0.6357582395503996,-0.8522966457076624,21.335084873333326,160.01046855597536,-179.79916,179.90112,359.70028,-0.4168461375464896,-1.8075183802782255,-0.01191639966555184,0.08536563498919077,-0.43258660000000004,0.6660461,1.0986327,2.4513784096583797,19.826700284718044,-0.9832728762541804,20.81978054889161,-359.70028,2.39743,362.09771,-17.278991406765304,298.7084858195922,1.5260298970447703,20.787115718662985,0.0,359.70028154233427,359.70028154233427,17.281952283804966,298.77603747369733,0.0,0.0,0.0,0.0,1.0,0.0,0.0,0.0,0.0
40053,4.7285767,1279.9681,140.40698,1455.2267,-214.96875,76561199780519055,0,1331.8680353279562,0.0,0.0,0.15503722,0.0,0.0,0.0,0.0,0.0,0.0,0.0,0.0,0.15503722,0.0,0.0,154.47973629999993,3618.037432000001,0.0,0.0,0.0,0,4.0,0.8220897346687148,0.24474806663448337,140.123916,4.885099779999999,0,0,2.674600063666667,1.5173661432028158,0.9990692,6.3603973,5.3613281,0.6357582395503996,-0.8522966457076624,21.335084873333326,160.01046855597536,-179.79916,179.90112,359.70028,-0.4168461375464896,-1.8075183802782255,-0.01191639966555184,0.08536563498919077,-0.43258660000000004,0.6660461,1.0986327,2.4513784096583797,19.826700284718044,-0.9832728762541804,20.81978054889161,-359.70028,2.39743,362.09771,-17.278991406765304,298.7084858195922,1.5260298970447703,20.787115718662985,0.0,359.70028154233427,359.70028154233427,17.281952283804966,298.77603747369733,0.0,0.0,0.0,0.0,1.0,0.0,0.0,0.0,0.0
40054,4.7285767,1279.9681,140.40698,1455.2267,-214.96875,76561199780519055,0,1331.8680353279562,0.0,0.0,0.15503722,0.0,0.0,0.0,0.0,0.0,0.0,0.0,0.0,0.15503722,0.0,0.0,159.20831299999992,3758.444412000001,0.0,0.0,0.0,0,4.0,0.2976385407911936,0.18159273155272143,140.370351,4.821824649999999,0,0,2.674600063666667,1.5173661432028158,0.9990692,6.3603973,5.3613281,0.6357582395503996,-0.8522966457076624,21.335084873333326,160.01046855597536,-179.79916,179.90112,359.70028,-0.4168461375464896,-1.8075183802782255,-0.01191639966555184,0.08536563498919077,-0.43258660000000004,0.6660461,1.0986327,2.4513784096583797,19.826700284718044,-0.9832728762541804,20.81978054889161,-359.70028,2.39743,362.09771,-17.278991406765304,298.7084858195922,1.5260298970447703,20.787115718662985,0.0,359.70028154233427,359.70028154233427,17.281952283804966,298.77603747369733,0.0,0.0,0.0,0.0,1.0,0.0,0.0,0.0,0.0
40055,4.7285767,1279.9681,140.40698,1455.2267,-214.96875,76561199780519055,0,1331.8680353279562,0.0,0.0,0.15503722,0.0,0.0,0.0,0.0,0.0,0.0,0.0,0.0,0.15503722,0.0,0.0,163.9368896999999,3898.8513920000014,0.0,0.0,0.0,0,3.0,0.10319119462255749,0.09652201843905854,140.453606,4.76854096,0,0,2.674600063666667,1.5173661432028158,0.9990692,6.3603973,5.3613281,0.6357582395503996,-0.8522966457076624,21.335084873333326,160.01046855597536,-179.79916,179.90112,359.70028,-0.4168461375464896,-1.8075183802782255,-0.01191639966555184,0.08536563498919077,-0.43258660000000004,0.6660461,1.0986327,2.4513784096583797,19.826700284718044,-0.9832728762541804,20.81978054889161,-359.70028,2.39743,362.09771,-17.278991406765304,298.7084858195922,1.5260298970447703,20.787115718662985,0.0,359.70028154233427,359.70028154233427,17.281952283804966,298.77603747369733,0.0,0.0,0.0,0.0,1.0,0.0,0.0,0.0,0.0
40056,4.7285767,1279.9681,140.40698,1455.2267,-214.96875,76561199780519055,0,1331.8680353279562,0.0,0.0,0.15503722,0.0,0.0,0.0,0.0,0.0,0.0,0.0,0.0,0.15503722,0.0,0.0,168.6654663999999,4039.2583720000016,0.0,0.0,0.0,0,2.0,0.09478927285692712,0.03159567588221885,140.436955,4.738568129999999,0,0,2.674600063666667,1.5173661432028158,0.9990692,6.3603973,5.3613281,0.6357582395503996,-0.8522966457076624,21.335084873333326,160.01046855597536,-179.79916,179.90112,359.70028,-0.4168461375464896,-1.8075183802782255,-0.01191639966555184,0.08536563498919077,-0.43258660000000004,0.6660461,1.0986327,2.4513784096583797,19.826700284718044,-0.9832728762541804,20.81978054889161,-359.70028,2.39743,362.09771,-17.278991406765304,298.7084858195922,1.5260298970447703,20.787115718662985,0.0,359.70028154233427,359.70028154233427,17.281952283804966,298.77603747369733,0.0,0.0,0.0,0.0,1.0,0.0,0.0,0.0,0.0
40057,4.7285767,1279.9681,140.40698,1455.2267,-214.96875,76561199780519055,0,1331.8680353279562,0.0,0.0,0.15503722,0.0,0.0,0.0,0.0,0.0,0.0,0.0,0.0,0.15503722,0.0,0.0,173.3940430999999,4179.665352000002,0.0,0.0,0.0,0,2.0,0.0,0.0,140.40698,4.7285767,0,0,2.674600063666667,1.5173661432028158,0.9990692,6.3603973,5.3613281,0.6357582395503996,-0.8522966457076624,21.335084873333326,160.01046855597536,-179.79916,179.90112,359.70028,-0.4168461375464896,-1.8075183802782255,-0.01191639966555184,0.08536563498919077,-0.43258660000000004,0.6660461,1.0986327,2.4513784096583797,19.826700284718044,-0.9832728762541804,20.81978054889161,-359.70028,2.39743,362.09771,-17.278991406765304,298.7084858195922,1.5260298970447703,20.787115718662985,0.0,359.70028154233427,359.70028154233427,17.281952283804966,298.77603747369733,0.0,0.0,0.0,0.0,1.0,0.0,0.0,0.0,0.0
40058,4.7285767,1279.9681,140.40698,1455.2267,-214.96875,76561199780519055,0,1331.8680353279562,0.0,0.0,0.15503722,0.0,0.0,0.0,0.0,0.0,0.0,0.0,0.0,0.15503722,0.0,0.0,178.12261979999988,4320.072332000002,0.0,0.0,0.0,0,2.0,0.0,0.0,140.40698,4.7285767,0,0,2.674600063666667,1.5173661432028158,0.9990692,6.3603973,5.3613281,0.6357582395503996,-0.8522966457076624,21.335084873333326,160.01046855597536,-179.79916,179.90112,359.70028,-0.4168461375464896,-1.8075183802782255,-0.01191639966555184,0.08536563498919077,-0.43258660000000004,0.6660461,1.0986327,2.4513784096583797,19.826700284718044,-0.9832728762541804,20.81978054889161,-359.70028,2.39743,362.09771,-17.278991406765304,298.7084858195922,1.5260298970447703,20.787115718662985,0.0,359.70028154233427,359.70028154233427,17.281952283804966,298.77603747369733,0.0,0.0,0.0,0.0,1.0,0.0,0.0,0.0,0.0
40059,4.7285767,1279.9681,140.40698,1455.2267,-214.96875,76561199780519055,0,1331.8680353279562,0.0,0.0,0.15503722,0.0,0.0,0.0,0.0,0.0,0.0,0.0,0.0,0.15503722,0.0,0.0,182.85119649999987,4460.479312000001,0.0,0.0,0.0,0,1.0,0.0,0.0,140.40698,4.7285767,0,0,2.674600063666667,1.5173661432028158,0.9990692,6.3603973,5.3613281,0.6357582395503996,-0.8522966457076624,21.335084873333326,160.01046855597536,-179.79916,179.90112,359.70028,-0.4168461375464896,-1.8075183802782255,-0.01191639966555184,0.08536563498919077,-0.43258660000000004,0.6660461,1.0986327,2.4513784096583797,19.826700284718044,-0.9832728762541804,20.81978054889161,-359.70028,2.39743,362.09771,-17.278991406765304,298.7084858195922,1.5260298970447703,20.787115718662985,0.0,359.70028154233427,359.70028154233427,17.281952283804966,298.77603747369733,0.0,0.0,0.0,0.0,1.0,0.0,0.0,0.0,0.0
40060,4.7285767,1279.9681,140.40698,1455.2267,-214.96875,76561199780519055,0,1331.8680353279562,0.0,0.0,0.15503722,0.0,0.0,0.0,0.0,0.0,0.0,0.0,0.0,0.15503722,0.0,0.0,187.57977319999986,4600.886292000001,0.0,0.0,0.0,0,0.0,0.0,0.0,140.40698,4.7285767,0,0,2.674600063666667,1.5173661432028158,0.9990692,6.3603973,5.3613281,0.6357582395503996,-0.8522966457076624,21.335084873333326,160.01046855597536,-179.79916,179.90112,359.70028,-0.4168461375464896,-1.8075183802782255,-0.01191639966555184,0.08536563498919077,-0.43258660000000004,0.6660461,1.0986327,2.4513784096583797,19.826700284718044,-0.9832728762541804,20.81978054889161,-359.70028,2.39743,362.09771,-17.278991406765304,298.7084858195922,1.5260298970447703,20.787115718662985,0.0,359.70028154233427,359.70028154233427,17.281952283804966,298.77603747369733,0.0,0.0,0.0,0.0,1.0,0.0,0.0,0.0,0.0
40061,4.7285767,1279.9681,140.40698,1455.2267,-214.96875,76561199780519055,0,1331.8680353279562,0.0,0.0,0.15503722,0.0,0.0,0.0,0.0,0.0,0.0,0.0,0.0,0.15503722,0.0,0.0,192.30834989999985,4741.293272000001,0.0,0.0,0.0,0,0.0,0.0,0.0,140.40698,4.7285767,0,0,2.674600063666667,1.5173661432028158,0.9990692,6.3603973,5.3613281,0.6357582395503996,-0.8522966457076624,21.335084873333326,160.01046855597536,-179.79916,179.90112,359.70028,-0.4168461375464896,-1.8075183802782255,-0.01191639966555184,0.08536563498919077,-0.43258660000000004,0.6660461,1.0986327,2.4513784096583797,19.826700284718044,-0.9832728762541804,20.81978054889161,-359.70028,2.39743,362.09771,-17.278991406765304,298.7084858195922,1.5260298970447703,20.787115718662985,0.0,359.70028154233427,359.70028154233427,17.281952283804966,298.77603747369733,0.0,0.0,0.0,0.0,1.0,0.0,0.0,0.0,0.0
40062,4.7285767,1279.9681,140.40698,1455.2267,-214.96875,76561199780519055,0,1331.8680353279562,0.0,0.0,0.15503722,0.0,0.0,0.0,0.0,0.0,0.0,0.0,0.0,0.15503722,0.0,0.0,197.03692659999984,4881.700252000001,0.0,0.0,0.0,0,0.0,0.0,0.0,140.40698,4.7285767,0,0,2.674600063666667,1.5173661432028158,0.9990692,6.3603973,5.3613281,0.6357582395503996,-0.8522966457076624,21.335084873333326,160.01046855597536,-179.79916,179.90112,359.70028,-0.4168461375464896,-1.8075183802782255,-0.01191639966555184,0.08536563498919077,-0.43258660000000004,0.6660461,1.0986327,2.4513784096583797,19.826700284718044,-0.9832728762541804,20.81978054889161,-359.70028,2.39743,362.09771,-17.278991406765304,298.7084858195922,1.5260298970447703,20.787115718662985,0.0,359.70028154233427,359.70028154233427,17.281952283804966,298.77603747369733,0.0,0.0,0.0,0.0,1.0,0.0,0.0,0.0,0.0
40063,4.7285767,1279.9681,140.40698,1455.2267,-214.96875,76561199780519055,0,1331.8680353279562,0.0,0.0,0.15503722,0.0,0.0,0.0,0.0,0.0,0.0,0.0,0.0,0.15503722,0.0,0.0,201.76550329999984,5022.107232,0.0,0.0,0.0,0,0.0,0.0,0.0,140.40698,4.7285767,0,0,2.674600063666667,1.5173661432028158,0.9990692,6.3603973,5.3613281,0.6357582395503996,-0.8522966457076624,21.335084873333326,160.01046855597536,-179.79916,179.90112,359.70028,-0.4168461375464896,-1.8075183802782255,-0.01191639966555184,0.08536563498919077,-0.43258660000000004,0.6660461,1.0986327,2.4513784096583797,19.826700284718044,-0.9832728762541804,20.81978054889161,-359.70028,2.39743,362.09771,-17.278991406765304,298.7084858195922,1.5260298970447703,20.787115718662985,0.0,359.70028154233427,359.70028154233427,17.281952283804966,298.77603747369733,0.0,0.0,0.0,0.0,1.0,0.0,0.0,0.0,0.0
40064,4.7285767,1279.9681,140.40698,1455.2267,-214.96875,76561199780519055,0,1331.8680353279562,0.0,0.0,0.15503722,0.0,0.0,0.0,0.0,0.0,0.0,0.0,0.0,0.15503722,0.0,0.0,206.49407999999983,5162.514212,0.0,0.0,0.0,0,0.0,0.0,0.0,140.40698,4.7285767,0,0,2.674600063666667,1.5173661432028158,0.9990692,6.3603973,5.3613281,0.6357582395503996,-0.8522966457076624,21.335084873333326,160.01046855597536,-179.79916,179.90112,359.70028,-0.4168461375464896,-1.8075183802782255,-0.01191639966555184,0.08536563498919077,-0.43258660000000004,0.6660461,1.0986327,2.4513784096583797,19.826700284718044,-0.9832728762541804,20.81978054889161,-359.70028,2.39743,362.09771,-17.278991406765304,298.7084858195922,1.5260298970447703,20.787115718662985,0.0,359.70028154233427,359.70028154233427,17.281952283804966,298.77603747369733,0.0,0.0,0.0,0.0,1.0,0.0,0.0,0.0,0.0
40065,4.7285767,1279.9681,140.40698,1455.2267,-214.96875,76561199780519055,0,1331.8680353279562,0.0,0.0,0.15503722,0.0,0.0,0.0,0.0,0.0,0.0,0.0,0.0,0.15503722,0.0,0.0,211.22265669999982,5302.921192,0.0,0.0,0.0,0,0.0,0.0,0.0,140.40698,4.7285767,0,0,2.674600063666667,1.5173661432028158,0.9990692,6.3603973,5.3613281,0.6357582395503996,-0.8522966457076624,21.335084873333326,160.01046855597536,-179.79916,179.90112,359.70028,-0.4168461375464896,-1.8075183802782255,-0.01191639966555184,0.08536563498919077,-0.43258660000000004,0.6660461,1.0986327,2.4513784096583797,19.826700284718044,-0.9832728762541804,20.81978054889161,-359.70028,2.39743,362.09771,-17.278991406765304,298.7084858195922,1.5260298970447703,20.787115718662985,0.0,359.70028154233427,359.70028154233427,17.281952283804966,298.77603747369733,0.0,0.0,0.0,0.0,1.0,0.0,0.0,0.0,0.0
40066,4.7285767,1279.9681,140.40698,1455.2267,-214.96875,76561199780519055,0,1331.8680353279562,0.0,0.0,0.15503722,0.0,0.0,0.0,0.0,0.0,0.0,0.0,0.0,0.15503722,0.0,0.0,215.9512333999998,5443.3281719999995,0.0,0.0,0.0,0,0.0,0.0,0.0,140.40698,4.7285767,0,0,2.674600063666667,1.5173661432028158,0.9990692,6.3603973,5.3613281,0.6357582395503996,-0.8522966457076624,21.335084873333326,160.01046855597536,-179.79916,179.90112,359.70028,-0.4168461375464896,-1.8075183802782255,-0.01191639966555184,0.08536563498919077,-0.43258660000000004,0.6660461,1.0986327,2.4513784096583797,19.826700284718044,-0.9832728762541804,20.81978054889161,-359.70028,2.39743,362.09771,-17.278991406765304,298.7084858195922,1.5260298970447703,20.787115718662985,0.0,359.70028154233427,359.70028154233427,17.281952283804966,298.77603747369733,0.0,0.0,0.0,0.0,1.0,0.0,0.0,0.0,0.0
40067,4.6286774,1279.9681,140.3404,1455.2267,-214.96875,76561199780519055,0,1331.8680353279562,0.0,0.0,0.15503722,-0.09989929999999969,-0.06658000000001607,-0.09989929999999969,-0.06658000000001607,-0.09989929999999969,-0.06658000000001607,0.0,0.0,0.15503722,0.0,0.0,220.5799107999998,5583.668572,0.12005318213396961,-1.0,-1.0,1,1.0,0.02105444463175625,0.03159093246573009,140.40032200000002,4.71858677,0,0,2.674600063666667,1.5173661432028158,0.9990692,6.3603973,5.3613281,0.6357582395503996,-0.8522966457076624,21.335084873333326,160.01046855597536,-179.79916,179.90112,359.70028,-0.4168461375464896,-1.8075183802782255,-0.01191639966555184,0.08536563498919077,-0.43258660000000004,0.6660461,1.0986327,2.4513784096583797,19.826700284718044,-0.9832728762541804,20.81978054889161,-359.70028,2.39743,362.09771,-17.278991406765304,298.7084858195922,1.5260298970447703,20.787115718662985,0.0,359.70028154233427,359.70028154233427,17.281952283804966,298.77603747369733,0.0,0.0,0.0,0.0,1.0,0.0,0.0,0.0,0.0
40068,4.5620728,1279.9681,140.3404,1455.2267,-214.96875,76561199780519055,0,1331.8680353279562,0.0,0.0,0.15503722,-0.06660459999999979,0.0,0.0332946999999999,0.06658000000001607,0.1331939999999996,0.13316000000003214,0.0,0.0,0.15503722,0.0,0.0,225.1419835999998,5724.008972,0.06660459999999979,1.0,1.0,1,2.0,0.02807259285965821,0.05831557097067671,140.393664,4.70193638,1,0,2.674600063666667,1.5173661432028158,0.9990692,6.3603973,5.3613281,0.6357582395503996,-0.8522966457076624,21.335084873333326,160.01046855597536,-179.79916,179.90112,359.70028,-0.4168461375464896,-1.8075183802782255,-0.01191639966555184,0.08536563498919077,-0.43258660000000004,0.6660461,1.0986327,2.4513784096583797,19.826700284718044,-0.9832728762541804,20.81978054889161,-359.70028,2.39743,362.09771,-17.278991406765304,298.7084858195922,1.5260298970447703,20.787115718662985,0.0,359.70028154233427,359.70028154233427,17.281952283804966,298.77603747369733,0.0,0.0,0.0,0.0,1.0,0.0,0.0,0.0,0.0
40069,4.495468,1279.9681,140.54019,1455.2267,-214.96875,76561199780519055,0,1331.8680353279562,0.0,0.0,0.15503722,-0.06660480000000035,0.19979000000000724,-2.0000000056086265e-07,0.19979000000000724,-0.03329490000000046,0.13320999999999117,0.0,0.0,0.15503722,0.0,0.0,229.6374515999998,5864.549161999999,0.21059972336886612,1.0,-1.0,0,2.0,0.05437595121900911,0.08634032857585393,140.40698500000002,4.67862551,0,1,2.674600063666667,1.5173661432028158,0.9990692,6.3603973,5.3613281,0.6357582395503996,-0.8522966457076624,21.335084873333326,160.01046855597536,-179.79916,179.90112,359.70028,-0.4168461375464896,-1.8075183802782255,-0.01191639966555184,0.08536563498919077,-0.43258660000000004,0.6660461,1.0986327,2.4513784096583797,19.826700284718044,-0.9832728762541804,20.81978054889161,-359.70028,2.39743,362.09771,-17.278991406765304,298.7084858195922,1.5260298970447703,20.787115718662985,0.0,359.70028154233427,359.70028154233427,17.281952283804966,298.77603747369733,0.0,0.0,0.0,0.0,1.0,0.0,0.0,0.0,0.0
40070,4.4288635,1279.9681,140.6401,1455.2267,-214.96875,76561199780519055,0,1331.8680353279562,0.0,0.0,0.15503722,-0.06660449999999951,0.09990999999999417,3.0000000084129397e-07,-0.09988000000001307,5.000000014021566e-07,-0.2996700000000203,0.0,0.0,0.15503722,0.0,0.0,234.0663150999998,6005.189261999999,0.12007567414030525,-1.0,1.0,1,3.0,0.09160228429872053,0.11450133967128859,140.430297,4.64865419,1,0,2.674600063666667,1.5173661432028158,0.9990692,6.3603973,5.3613281,0.6357582395503996,-0.8522966457076624,21.335084873333326,160.01046855597536,-179.79916,179.90112,359.70028,-0.4168461375464896,-1.8075183802782255,-0.01191639966555184,0.08536563498919077,-0.43258660000000004,0.6660461,1.0986327,2.4513784096583797,19.826700284718044,-0.9832728762541804,20.81978054889161,-359.70028,2.39743,362.09771,-17.278991406765304,298.7084858195922,1.5260298970447703,20.787115718662985,0.0,359.70028154233427,359.70028154233427,17.281952283804966,298.77603747369733,0.0,0.0,0.0,0.0,1.0,0.0,0.0,0.0,0.0
40071,4.362259,1279.9681,140.6401,1455.2267,-214.96875,76561199780519055,0,1331.8680353279562,0.0,0.0,0.15503722,-0.0666045000000004,0.0,-8.881784197001252e-16,-0.09990999999999417,-3.000000017294724e-07,-2.99999999811007e-05,0.0,0.0,0.15503722,0.0,0.0,238.4285740999998,6145.829361999999,0.0666045000000004,-1.0,-1.0,0,3.0,0.11232785806569298,0.14150411953005562,140.45360899999997,4.61202242,0,0,2.674600063666667,1.5173661432028158,0.9990692,6.3603973,5.3613281,0.6357582395503996,-0.8522966457076624,21.335084873333326,160.01046855597536,-179.79916,179.90112,359.70028,-0.4168461375464896,-1.8075183802782255,-0.01191639966555184,0.08536563498919077,-0.43258660000000004,0.6660461,1.0986327,2.4513784096583797,19.826700284718044,-0.9832728762541804,20.81978054889161,-359.70028,2.39743,362.09771,-17.278991406765304,298.7084858195922,1.5260298970447703,20.787115718662985,0.0,359.70028154233427,359.70028154233427,17.281952283804966,298.77603747369733,0.0,0.0,0.0,0.0,1.0,0.0,0.0,0.0,0.0
40072,4.2956543,1279.9681,140.54019,1455.2267,-214.96875,76561199780519055,0,1331.8680353279562,0.0,0.0,0.15503722,-0.06660470000000007,-0.09990999999999417,-1.9999999967268423e-07,-0.09990999999999417,-1.999999987845058e-07,0.0,0.0,0.0,0.15503722,0.0,0.0,242.7242283999998,6286.369551999998,0.12007578507796168,-1.0,-1.0,0,3.0,0.11406890938210452,0.16598944053417247,140.46693,4.56873018,0,0,2.674600063666667,1.5173661432028158,0.9990692,6.3603973,5.3613281,0.6357582395503996,-0.8522966457076624,21.335084873333326,160.01046855597536,-179.79916,179.90112,359.70028,-0.4168461375464896,-1.8075183802782255,-0.01191639966555184,0.08536563498919077,-0.43258660000000004,0.6660461,1.0986327,2.4513784096583797,19.826700284718044,-0.9832728762541804,20.81978054889161,-359.70028,2.39743,362.09771,-17.278991406765304,298.7084858195922,1.5260298970447703,20.787115718662985,0.0,359.70028154233427,359.70028154233427,17.281952283804966,298.77603747369733,0.0,0.0,0.0,0.0,1.0,0.0,0.0,0.0,0.0
40073,4.2956543,1279.9681,140.37369,1455.2267,-214.96875,76561199780519055,0,1331.8680353279562,0.0,0.0,0.15503722,0.0,-0.166499999999985,0.06660470000000007,-0.06658999999999082,0.06660489999999974,0.03332000000000335,0.0,0.0,0.15503722,0.0,0.0,247.01988269999978,6426.743241999999,0.166499999999985,-1.0,1.0,0,3.0,0.11647332430819211,0.17583129387730928,140.46360099999998,4.52543794,0,0,2.674600063666667,1.5173661432028158,0.9990692,6.3603973,5.3613281,0.6357582395503996,-0.8522966457076624,21.335084873333326,160.01046855597536,-179.79916,179.90112,359.70028,-0.4168461375464896,-1.8075183802782255,-0.01191639966555184,0.08536563498919077,-0.43258660000000004,0.6660461,1.0986327,2.4513784096583797,19.826700284718044,-0.9832728762541804,20.81978054889161,-359.70028,2.39743,362.09771,-17.278991406765304,298.7084858195922,1.5260298970447703,20.787115718662985,0.0,359.70028154233427,359.70028154233427,17.281952283804966,298.77603747369733,0.0,0.0,0.0,0.0,1.0,0.0,0.0,0.0,0.0
40074,4.2956543,1279.9681,140.20718,1455.2267,-214.96875,76561199780519055,0,1331.8680353279562,0.0,0.0,0.15503722,0.0,-0.1665100000000166,0.0,-1.0000000031595846e-05,-0.06660470000000007,0.06657999999995923,0.0,0.0,0.15503722,0.0,0.0,251.31553699999978,6566.950421999999,0.1665100000000166,-1.0,0.0,0,3.0,0.14167572719208926,0.17353923031159157,140.443621,4.482145699999999,0,0,2.674600063666667,1.5173661432028158,0.9990692,6.3603973,5.3613281,0.6357582395503996,-0.8522966457076624,21.335084873333326,160.01046855597536,-179.79916,179.90112,359.70028,-0.4168461375464896,-1.8075183802782255,-0.01191639966555184,0.08536563498919077,-0.43258660000000004,0.6660461,1.0986327,2.4513784096583797,19.826700284718044,-0.9832728762541804,20.81978054889161,-359.70028,2.39743,362.09771,-17.278991406765304,298.7084858195922,1.5260298970447703,20.787115718662985,0.0,359.70028154233427,359.70028154233427,17.281952283804966,298.77603747369733,0.0,0.0,0.0,0.0,1.0,0.0,0.0,0.0,0.0
40075,4.362259,1279.9681,139.80756,1455.2267,-214.96875,76561199780519055,0,1331.8680353279562,0.0,0.0,0.15503722,0.06660470000000007,-0.39961999999999875,0.06660470000000007,-0.23310999999998216,0.06660470000000007,-0.23309999999995057,0.0,0.0,0.15503722,0.0,0.0,255.67779599999977,6706.757981999999,0.40513248507382,-1.0,1.0,0,3.0,0.24674519116755195,0.15321317663700515,140.383679,4.44551393,1,0,2.674600063666667,1.5173661432028158,0.9990692,6.3603973,5.3613281,0.6357582395503996,-0.8522966457076624,21.335084873333326,160.01046855597536,-179.79916,179.90112,359.70028,-0.4168461375464896,-1.8075183802782255,-0.01191639966555184,0.08536563498919077,-0.43258660000000004,0.6660461,1.0986327,2.4513784096583797,19.826700284718044,-0.9832728762541804,20.81978054889161,-359.70028,2.39743,362.09771,-17.278991406765304,298.7084858195922,1.5260298970447703,20.787115718662985,0.0,359.70028154233427,359.70028154233427,17.281952283804966,298.77603747369733,0.0,0.0,0.0,0.0,1.0,0.0,0.0,0.0,0.0
40076,4.4288635,1279.9681,139.44122,1455.2267,-214.96875,76561199780519055,0,1331.8680353279562,0.0,0.0,0.15503722,0.0666045000000004,-0.3663400000000081,-1.9999999967268423e-07,0.03327999999999065,-0.06660489999999974,0.2663899999999728,0.0,0.0,0.15503722,0.0,0.0,260.10665949999975,6846.199201999999,0.37234547804459234,1.0,-1.0,1,4.0,0.3862016595566851,0.1166373307357797,140.287103,4.41554261,0,0,2.674600063666667,1.5173661432028158,0.9990692,6.3603973,5.3613281,0.6357582395503996,-0.8522966457076624,21.335084873333326,160.01046855597536,-179.79916,179.90112,359.70028,-0.4168461375464896,-1.8075183802782255,-0.01191639966555184,0.08536563498919077,-0.43258660000000004,0.6660461,1.0986327,2.4513784096583797,19.826700284718044,-0.9832728762541804,20.81978054889161,-359.70028,2.39743,362.09771,-17.278991406765304,298.7084858195922,1.5260298970447703,20.787115718662985,0.0,359.70028154233427,359.70028154233427,17.281952283804966,298.77603747369733,0.0,0.0,0.0,0.0,1.0,0.0,0.0,0.0,0.0
40077,4.462158,1279.9681,139.10822,1455.2267,-214.96875,76561199780519055,0,1331.8680353279562,0.0,0.0,0.15503722,0.03329449999999934,-0.3329999999999984,-0.03331000000000106,0.033340000000009695,-0.03330980000000139,6.000000001904482e-05,0.0,0.0,0.15503722,0.0,0.0,264.56881749999974,6985.307421999999,0.334660310957617,1.0,-1.0,0,3.0,0.5351493352160206,0.09214245439015843,140.163885,4.39889067,0,0,2.674600063666667,1.5173661432028158,0.9990692,6.3603973,5.3613281,0.6357582395503996,-0.8522966457076624,21.335084873333326,160.01046855597536,-179.79916,179.90112,359.70028,-0.4168461375464896,-1.8075183802782255,-0.01191639966555184,0.08536563498919077,-0.43258660000000004,0.6660461,1.0986327,2.4513784096583797,19.826700284718044,-0.9832728762541804,20.81978054889161,-359.70028,2.39743,362.09771,-17.278991406765304,298.7084858195922,1.5260298970447703,20.787115718662985,0.0,359.70028154233427,359.70028154233427,17.281952283804966,298.77603747369733,0.0,0.0,0.0,0.0,1.0,0.0,0.0,0.0,0.0
40078,4.462158,1279.9681,138.90839,1455.2267,-214.96875,76561199780519055,0,1331.8680353279562,0.0,0.0,0.15503722,0.0,-0.19982999999999151,-0.03329449999999934,0.1331700000000069,1.550000000172247e-05,0.0998299999999972,0.0,0.0,0.15503722,0.0,0.0,269.0309754999997,7124.215811999999,0.19982999999999151,1.0,-1.0,0,2.0,0.6597565362928042,0.07658556426019367,140.020684,4.388899189999999,0,0,2.674600063666667,1.5173661432028158,0.9990692,6.3603973,5.3613281,0.6357582395503996,-0.8522966457076624,21.335084873333326,160.01046855597536,-179.79916,179.90112,359.70028,-0.4168461375464896,-1.8075183802782255,-0.01191639966555184,0.08536563498919077,-0.43258660000000004,0.6660461,1.0986327,2.4513784096583797,19.826700284718044,-0.9832728762541804,20.81978054889161,-359.70028,2.39743,362.09771,-17.278991406765304,298.7084858195922,1.5260298970447703,20.787115718662985,0.0,359.70028154233427,359.70028154233427,17.281952283804966,298.77603747369733,0.0,0.0,0.0,0.0,1.0,0.0,0.0,0.0,0.0
40079,4.462158,1279.9681,138.77518,1455.2267,-214.96875,76561199780519055,0,1331.8680353279562,0.0,0.0,0.15503722,0.0,-0.13320999999999117,0.0,0.06662000000000035,0.03329449999999934,-0.06655000000000655,0.0,0.0,0.15503722,0.0,0.0,273.4931334999997,7262.990991999998,0.13320999999999117,1.0,0.0,0,2.0,0.7369136753756025,0.07202401161747723,139.844183,4.38556819,0,0,2.674600063666667,1.5173661432028158,0.9990692,6.3603973,5.3613281,0.6357582395503996,-0.8522966457076624,21.335084873333326,160.01046855597536,-179.79916,179.90112,359.70028,-0.4168461375464896,-1.8075183802782255,-0.01191639966555184,0.08536563498919077,-0.43258660000000004,0.6660461,1.0986327,2.4513784096583797,19.826700284718044,-0.9832728762541804,20.81978054889161,-359.70028,2.39743,362.09771,-17.278991406765304,298.7084858195922,1.5260298970447703,20.787115718662985,0.0,359.70028154233427,359.70028154233427,17.281952283804966,298.77603747369733,0.0,0.0,0.0,0.0,1.0,0.0,0.0,0.0,0.0
40080,4.462158,1279.9681,138.74188,1455.2267,-214.96875,76561199780519055,0,1331.8680353279562,0.0,0.0,0.15503722,0.0,-0.033299999999997,0.0,0.09990999999999417,0.0,0.033289999999993825,0.0,0.0,0.15503722,0.0,0.0,277.9552914999997,7401.732871999998,0.033299999999997,1.0,0.0,0,1.0,0.7534100256449388,0.07495760801952975,139.654361,4.38889764,0,1,2.674600063666667,1.5173661432028158,0.9990692,6.3603973,5.3613281,0.6357582395503996,-0.8522966457076624,21.335084873333326,160.01046855597536,-179.79916,179.90112,359.70028,-0.4168461375464896,-1.8075183802782255,-0.01191639966555184,0.08536563498919077,-0.43258660000000004,0.6660461,1.0986327,2.4513784096583797,19.826700284718044,-0.9832728762541804,20.81978054889161,-359.70028,2.39743,362.09771,-17.278991406765304,298.7084858195922,1.5260298970447703,20.787115718662985,0.0,359.70028154233427,359.70028154233427,17.281952283804966,298.77603747369733,0.0,0.0,0.0,0.0,1.0,0.0,0.0,0.0,0.0
40081,4.462158,1279.9681,138.70856,1455.2267,-214.96875,76561199780519055,0,1331.8680353279562,0.0,0.0,0.15503722,0.0,-0.03332000000000335,0.0,-2.0000000006348273e-05,0.0,-0.09993000000000052,0.0,0.0,0.15503722,0.0,0.0,282.4174494999997,7540.441431999998,0.03332000000000335,-1.0,0.0,1,2.0,0.7194452707932786,0.0776224975880523,139.461207,4.39888754,0,0,2.674600063666667,1.5173661432028158,0.9990692,6.3603973,5.3613281,0.6357582395503996,-0.8522966457076624,21.335084873333326,160.01046855597536,-179.79916,179.90112,359.70028,-0.4168461375464896,-1.8075183802782255,-0.01191639966555184,0.08536563498919077,-0.43258660000000004,0.6660461,1.0986327,2.4513784096583797,19.826700284718044,-0.9832728762541804,20.81978054889161,-359.70028,2.39743,362.09771,-17.278991406765304,298.7084858195922,1.5260298970447703,20.787115718662985,0.0,359.70028154233427,359.70028154233427,17.281952283804966,298.77603747369733,0.0,0.0,0.0,0.0,1.0,0.0,0.0,0.0,0.0
40082,4.462158,1279.9681,138.57538,1455.2267,-214.96875,76561199780519055,0,1331.8680353279562,0.0,0.0,0.15503722,0.0,-0.13318000000001007,0.0,-0.09986000000000672,0.0,-0.09984000000000037,0.0,0.0,0.15503722,0.0,0.0,286.8796074999997,7679.016811999998,0.13318000000001007,-1.0,0.0,0,2.0,0.6576769559113953,0.07055413228516161,139.264726,4.415537909999999,0,0,2.674600063666667,1.5173661432028158,0.9990692,6.3603973,5.3613281,0.6357582395503996,-0.8522966457076624,21.335084873333326,160.01046855597536,-179.79916,179.90112,359.70028,-0.4168461375464896,-1.8075183802782255,-0.01191639966555184,0.08536563498919077,-0.43258660000000004,0.6660461,1.0986327,2.4513784096583797,19.826700284718044,-0.9832728762541804,20.81978054889161,-359.70028,2.39743,362.09771,-17.278991406765304,298.7084858195922,1.5260298970447703,20.787115718662985,0.0,359.70028154233427,359.70028154233427,17.281952283804966,298.77603747369733,0.0,0.0,0.0,0.0,1.0,0.0,0.0,0.0,0.0
40083,4.462158,1279.9681,138.37555,1455.2267,-214.96875,76561199780519055,0,1331.8680353279562,0.0,0.0,0.15503722,0.0,-0.19982999999999151,0.0,-0.06664999999998145,0.0,0.033210000000025275,0.0,0.0,0.15503722,0.0,0.0,291.34176549999967,7817.392361999998,0.19982999999999151,-1.0,0.0,0,2.0,0.5825639940767985,0.05757118769760393,139.064912,4.43218828,0,0,2.674600063666667,1.5173661432028158,0.9990692,6.3603973,5.3613281,0.6357582395503996,-0.8522966457076624,21.335084873333326,160.01046855597536,-179.79916,179.90112,359.70028,-0.4168461375464896,-1.8075183802782255,-0.01191639966555184,0.08536563498919077,-0.43258660000000004,0.6660461,1.0986327,2.4513784096583797,19.826700284718044,-0.9832728762541804,20.81978054889161,-359.70028,2.39743,362.09771,-17.278991406765304,298.7084858195922,1.5260298970447703,20.787115718662985,0.0,359.70028154233427,359.70028154233427,17.281952283804966,298.77603747369733,0.0,0.0,0.0,0.0,1.0,0.0,0.0,0.0,0.0
40084,4.462158,1279.9681,138.20905,1455.2267,-214.96875,76561199780519055,0,1331.8680353279562,0.0,0.0,0.15503722,0.0,-0.16650000000001342,0.0,0.0333299999999781,0.0,0.09997999999995955,0.0,0.0,0.15503722,0.0,0.0,295.80392349999966,7955.601411999998,0.16650000000001342,1.0,0.0,1,3.0,0.48107501081581927,0.03217017785168719,138.865099,4.44883865,0,1,2.674600063666667,1.5173661432028158,0.9990692,6.3603973,5.3613281,0.6357582395503996,-0.8522966457076624,21.335084873333326,160.01046855597536,-179.79916,179.90112,359.70028,-0.4168461375464896,-1.8075183802782255,-0.01191639966555184,0.08536563498919077,-0.43258660000000004,0.6660461,1.0986327,2.4513784096583797,19.826700284718044,-0.9832728762541804,20.81978054889161,-359.70028,2.39743,362.09771,-17.278991406765304,298.7084858195922,1.5260298970447703,20.787115718662985,0.0,359.70028154233427,359.70028154233427,17.281952283804966,298.77603747369733,0.0,0.0,0.0,0.0,1.0,0.0,0.0,0.0,0.0
40085,4.462158,1279.9678,137.97592,1455.2997,-214.96875,76561199780519055,0,1331.8680353279562,0.0,0.0,0.15503722,0.0,-0.2331299999999885,0.0,-0.0666299999999751,0.0,-0.0999599999999532,0.0,0.0,0.15503722,0.07300061643584686,0.02308482185336358,300.26608149999964,8093.577331999998,0.2331299999999885,-1.0,0.0,1,4.0,0.42815035557921133,0.010528645355949063,138.681935,4.45882855,0,0,2.674600063666667,1.5173661432028158,0.9990692,6.3603973,5.3613281,0.6357582395503996,-0.8522966457076624,21.335084873333326,160.01046855597536,-179.79916,179.90112,359.70028,-0.4168461375464896,-1.8075183802782255,-0.01191639966555184,0.08536563498919077,-0.43258660000000004,0.6660461,1.0986327,2.4513784096583797,19.826700284718044,-0.9832728762541804,20.81978054889161,-359.70028,2.39743,362.09771,-17.278991406765304,298.7084858195922,1.5260298970447703,20.787115718662985,0.0,359.70028154233427,359.70028154233427,17.281952283804966,298.77603747369733,0.0,0.0,0.0,0.0,1.0,0.0,0.0,0.0,0.0
40086,4.4288635,1279.9655,137.7095,1455.4664,-214.96875,76561199780519055,0,1331.8680353279562,0.0,0.0,0.15503722,-0.03329449999999934,-0.26642000000001076,-0.03329449999999934,-0.033290000000022246,-0.03329449999999934,0.03333999999995285,0.0,0.0,0.15503722,0.16671586607157896,0.05515319150777374,304.6949449999996,8231.286831999998,0.2684923465021968,-1.0,-1.0,0,3.0,0.43704121913459876,0.010528645355949063,138.508763,4.45882855,0,0,2.674600063666667,1.5173661432028158,0.9990692,6.3603973,5.3613281,0.6357582395503996,-0.8522966457076624,21.335084873333326,160.01046855597536,-179.79916,179.90112,359.70028,-0.4168461375464896,-1.8075183802782255,-0.01191639966555184,0.08536563498919077,-0.43258660000000004,0.6660461,1.0986327,2.4513784096583797,19.826700284718044,-0.9832728762541804,20.81978054889161,-359.70028,2.39743,362.09771,-17.278991406765304,298.7084858195922,1.5260298970447703,20.787115718662985,0.0,359.70028154233427,359.70028154233427,17.281952283804966,298.77603747369733,0.0,0.0,0.0,0.0,1.0,0.0,0.0,0.0,0.0
40087,4.395569,1279.9581,137.44342,1455.6946,-214.96875,76561199780519055,0,1331.8680353279562,0.0,0.0,0.15503722,-0.03329450000000023,-0.2660799999999881,-8.881784197001252e-16,0.0003400000000226555,0.03329449999999845,0.0336300000000449,0.0,0.0,0.15503722,0.2283199509460494,0.08389640417140999,309.09051399999964,8368.730251999998,0.26815497409193007,1.0,-1.0,1,4.0,0.4963753456367863,0.022472074754836105,138.342283,4.45216965,0,0,2.674600063666667,1.5173661432028158,0.9990692,6.3603973,5.3613281,0.6357582395503996,-0.8522966457076624,21.335084873333326,160.01046855597536,-179.79916,179.90112,359.70028,-0.4168461375464896,-1.8075183802782255,-0.01191639966555184,0.08536563498919077,-0.43258660000000004,0.6660461,1.0986327,2.4513784096583797,19.826700284718044,-0.9832728762541804,20.81978054889161,-359.70028,2.39743,362.09771,-17.278991406765304,298.7084858195922,1.5260298970447703,20.787115718662985,0.0,359.70028154233427,359.70028154233427,17.281952283804966,298.77603747369733,0.0,0.0,0.0,0.0,1.0,0.0,0.0,0.0,0.0
40088,4.362259,1279.9464,137.21033,1456.0109,-214.96875,76561199780519055,0,1331.8680353279562,0.0,0.0,0.15503722,-0.03331000000000017,-0.23309000000000424,-1.5499999999946112e-05,0.032989999999983866,-1.5499999999057934e-05,0.03264999999996121,0.0,0.0,0.15503722,0.3165163186945854,0.11732364917880454,313.45277299999964,8505.940581999997,0.2354580731255609,1.0,-1.0,0,4.0,0.566666278059158,0.0357943572860352,138.17247700000001,4.44217975,0,0,2.674600063666667,1.5173661432028158,0.9990692,6.3603973,5.3613281,0.6357582395503996,-0.8522966457076624,21.335084873333326,160.01046855597536,-179.79916,179.90112,359.70028,-0.4168461375464896,-1.8075183802782255,-0.01191639966555184,0.08536563498919077,-0.43258660000000004,0.6660461,1.0986327,2.4513784096583797,19.826700284718044,-0.9832728762541804,20.81978054889161,-359.70028,2.39743,362.09771,-17.278991406765304,298.7084858195922,1.5260298970447703,20.787115718662985,0.0,359.70028154233427,359.70028154233427,17.281952283804966,298.77603747369733,0.0,0.0,0.0,0.0,1.0,0.0,0.0,0.0,0.0
40089,4.362259,1279.9323,137.11041,1456.4,-214.96875,76561199780519055,0,1331.8680353279562,0.0,0.0,0.15503722,0.0,-0.09991999999999734,0.03331000000000017,0.1331700000000069,0.03332550000000012,0.10018000000002303,0.0,0.0,0.15503722,0.3893553903570355,0.148783002798667,317.81503199999963,8643.050991999997,0.09991999999999734,1.0,1.0,0,4.0,0.6126069545797438,0.042845120179916915,138.006,4.432189849999999,1,1,2.674600063666667,1.5173661432028158,0.9990692,6.3603973,5.3613281,0.6357582395503996,-0.8522966457076624,21.335084873333326,160.01046855597536,-179.79916,179.90112,359.70028,-0.4168461375464896,-1.8075183802782255,-0.01191639966555184,0.08536563498919077,-0.43258660000000004,0.6660461,1.0986327,2.4513784096583797,19.826700284718044,-0.9832728762541804,20.81978054889161,-359.70028,2.39743,362.09771,-17.278991406765304,298.7084858195922,1.5260298970447703,20.787115718662985,0.0,359.70028154233427,359.70028154233427,17.281952283804966,298.77603747369733,0.0,0.0,0.0,0.0,1.0,0.0,0.0,0.0,0.0
40090,4.328949,1279.9155,136.9772,1456.8619,-214.96875,76561199780519055,0,1331.8680353279562,0.0,0.0,0.15503722,-0.03331000000000017,-0.13320999999999117,-0.03331000000000017,-0.033289999999993825,-0.06662000000000035,-0.16646000000000072,0.0,0.0,0.15503722,0.46220541969995216,0.1773197241510216,322.14398099999966,8780.028191999996,0.13731154430708897,-1.0,-1.0,1,5.0,0.6309680430854467,0.05218286035693728,137.829532,4.418868949999999,0,0,2.674600063666667,1.5173661432028158,0.9990692,6.3603973,5.3613281,0.6357582395503996,-0.8522966457076624,21.335084873333326,160.01046855597536,-179.79916,179.90112,359.70028,-0.4168461375464896,-1.8075183802782255,-0.01191639966555184,0.08536563498919077,-0.43258660000000004,0.6660461,1.0986327,2.4513784096583797,19.826700284718044,-0.9832728762541804,20.81978054889161,-359.70028,2.39743,362.09771,-17.278991406765304,298.7084858195922,1.5260298970447703,20.787115718662985,0.0,359.70028154233427,359.70028154233427,17.281952283804966,298.77603747369733,0.0,0.0,0.0,0.0,1.0,0.0,0.0,0.0,0.0
40091,4.2956543,1279.8966,136.87729,1457.3966,-214.96875,76561199780519055,0,1331.8680353279562,0.0,0.0,0.15503722,-0.0332946999999999,-0.09991000000002259,1.5300000000273428e-05,0.03329999999996858,0.033325300000000446,0.0665899999999624,0.0,0.0,0.15503722,0.5350339241580164,0.2015331456736196,326.4396352999997,8916.905481999996,0.10531165722793706,1.0,1.0,1,5.0,0.6129895470421319,0.062399268290436335,137.64640500000002,4.40221858,0,1,2.674600063666667,1.5173661432028158,0.9990692,6.3603973,5.3613281,0.6357582395503996,-0.8522966457076624,21.335084873333326,160.01046855597536,-179.79916,179.90112,359.70028,-0.4168461375464896,-1.8075183802782255,-0.01191639966555184,0.08536563498919077,-0.43258660000000004,0.6660461,1.0986327,2.4513784096583797,19.826700284718044,-0.9832728762541804,20.81978054889161,-359.70028,2.39743,362.09771,-17.278991406765304,298.7084858195922,1.5260298970447703,20.787115718662985,0.0,359.70028154233427,359.70028154233427,17.281952283804966,298.77603747369733,0.0,0.0,0.0,0.0,1.0,0.0,0.0,0.0,0.0
40092,4.2956543,1279.876,136.77737,1458.004,-214.96875,76561199780519055,0,1331.8680353279562,0.0,0.0,0.15503722,0.0,-0.09991999999999734,0.0332946999999999,-9.999999974752427e-06,0.033279399999999626,-0.03330999999994333,0.0,0.0,0.15503722,0.6077492245983084,0.21961103164475343,330.7352895999997,9053.682851999996,0.09991999999999734,-1.0,1.0,1,6.0,0.5725914723272377,0.06669489538958642,137.466604,4.38556821,1,0,2.674600063666667,1.5173661432028158,0.9990692,6.3603973,5.3613281,0.6357582395503996,-0.8522966457076624,21.335084873333326,160.01046855597536,-179.79916,179.90112,359.70028,-0.4168461375464896,-1.8075183802782255,-0.01191639966555184,0.08536563498919077,-0.43258660000000004,0.6660461,1.0986327,2.4513784096583797,19.826700284718044,-0.9832728762541804,20.81978054889161,-359.70028,2.39743,362.09771,-17.278991406765304,298.7084858195922,1.5260298970447703,20.787115718662985,0.0,359.70028154233427,359.70028154233427,17.281952283804966,298.77603747369733,0.0,0.0,0.0,0.0,1.0,0.0,0.0,0.0,0.0
40093,4.2623596,1279.8535,136.71078,1458.6842,-214.96875,76561199780519055,0,1331.8680353279562,0.0,0.0,0.15503722,-0.0332946999999999,-0.06658999999999082,-0.0332946999999999,0.03333000000000652,-0.0665893999999998,0.033339999999981274,0.0,0.0,0.15503722,0.680572031455907,0.22917088045184147,334.9976491999997,9190.393631999996,0.07444974914725214,1.0,-1.0,1,7.0,0.5184046167926465,0.07099006755321043,137.300127,4.365588369999999,0,1,2.674600063666667,1.5173661432028158,0.9990692,6.3603973,5.3613281,0.6357582395503996,-0.8522966457076624,21.335084873333326,160.01046855597536,-179.79916,179.90112,359.70028,-0.4168461375464896,-1.8075183802782255,-0.01191639966555184,0.08536563498919077,-0.43258660000000004,0.6660461,1.0986327,2.4513784096583797,19.826700284718044,-0.9832728762541804,20.81978054889161,-359.70028,2.39743,362.09771,-17.278991406765304,298.7084858195922,1.5260298970447703,20.787115718662985,0.0,359.70028154233427,359.70028154233427,17.281952283804966,298.77603747369733,0.0,0.0,0.0,0.0,1.0,0.0,0.0,0.0,0.0
40094,4.2290497,1279.8293,136.61087,1459.4371,-214.96875,76561199780519055,0,1331.8680353279562,0.0,0.0,0.15503722,-0.03330989999999989,-0.09990999999999417,-1.5199999999992997e-05,-0.03332000000000335,0.033279499999999906,-0.06665000000000987,0.0,0.0,0.15503722,0.7532888224315196,0.22661211352859129,339.22669889999975,9327.004501999996,0.10531646375571498,-1.0,-1.0,1,7.0,0.4487273833716199,0.07396656469500941,137.140309,4.3422775399999995,0,0,2.674600063666667,1.5173661432028158,0.9990692,6.3603973,5.3613281,0.6357582395503996,-0.8522966457076624,21.335084873333326,160.01046855597536,-179.79916,179.90112,359.70028,-0.4168461375464896,-1.8075183802782255,-0.01191639966555184,0.08536563498919077,-0.43258660000000004,0.6660461,1.0986327,2.4513784096583797,19.826700284718044,-0.9832728762541804,20.81978054889161,-359.70028,2.39743,362.09771,-17.278991406765304,298.7084858195922,1.5260298970447703,20.787115718662985,0.0,359.70028154233427,359.70028154233427,17.281952283804966,298.77603747369733,0.0,0.0,0.0,0.0,1.0,0.0,0.0,0.0,0.0
40095,4.1957397,1279.8037,136.54425,1460.2628,-214.96875,76561199780519055,0,1331.8680353279562,0.0,0.0,0.15503722,-0.03331000000000017,-0.06662000000000035,-1.0000000028043132e-07,0.033289999999993825,1.5099999999712566e-05,0.06660999999999717,0.0,0.0,0.15503722,0.8260967558342022,0.22312092854707877,343.42243859999974,9463.548751999997,0.07448342433051838,1.0,-1.0,1,7.0,0.37480055000526935,0.07396967624911938,136.997142,4.3156357100000005,0,0,2.674600063666667,1.5173661432028158,0.9990692,6.3603973,5.3613281,0.6357582395503996,-0.8522966457076624,21.335084873333326,160.01046855597536,-179.79916,179.90112,359.70028,-0.4168461375464896,-1.8075183802782255,-0.01191639966555184,0.08536563498919077,-0.43258660000000004,0.6660461,1.0986327,2.4513784096583797,19.826700284718044,-0.9832728762541804,20.81978054889161,-359.70028,2.39743,362.09771,-17.278991406765304,298.7084858195922,1.5260298970447703,20.787115718662985,0.0,359.70028154233427,359.70028154233427,17.281952283804966,298.77603747369733,0.0,0.0,0.0,0.0,1.0,0.0,0.0,0.0,0.0
40096,4.162445,1279.7766,136.51096,1461.1613,-214.96875,76561199780519055,0,1331.8680353279562,0.0,0.0,0.15503722,-0.0332946999999999,-0.033289999999993825,1.5300000000273428e-05,0.03333000000000652,1.540000000055386e-05,4.0000000012696546e-05,0.0,0.0,0.15503722,0.8989085937958452,0.22298131608568,347.5848835999997,9600.059711999997,0.0470824930105616,1.0,1.0,0,7.0,0.3072364768488788,0.07658879851909915,136.877288,4.28899386,0,1,2.674600063666667,1.5173661432028158,0.9990692,6.3603973,5.3613281,0.6357582395503996,-0.8522966457076624,21.335084873333326,160.01046855597536,-179.79916,179.90112,359.70028,-0.4168461375464896,-1.8075183802782255,-0.01191639966555184,0.08536563498919077,-0.43258660000000004,0.6660461,1.0986327,2.4513784096583797,19.826700284718044,-0.9832728762541804,20.81978054889161,-359.70028,2.39743,362.09771,-17.278991406765304,298.7084858195922,1.5260298970447703,20.787115718662985,0.0,359.70028154233427,359.70028154233427,17.281952283804966,298.77603747369733,0.0,0.0,0.0,0.0,1.0,0.0,0.0,0.0,0.0
40097,4.1291504,1279.7482,136.44437,1462.1324,-214.96875,76561199780519055,0,1331.8680353279562,0.0,0.0,0.15503722,-0.03329459999999962,-0.06659000000001924,1.0000000028043132e-07,-0.03330000000002542,-1.5199999999992997e-05,-0.06663000000003194,0.0,0.0,0.15503722,0.9715151928816933,0.2203561914094189,351.71403399999974,9736.504081999996,0.07444970442629398,-1.0,1.0,1,7.0,0.26175704116792153,0.08157231333373265,136.777383,4.262352,1,0,2.674600063666667,1.5173661432028158,0.9990692,6.3603973,5.3613281,0.6357582395503996,-0.8522966457076624,21.335084873333326,160.01046855597536,-179.79916,179.90112,359.70028,-0.4168461375464896,-1.8075183802782255,-0.01191639966555184,0.08536563498919077,-0.43258660000000004,0.6660461,1.0986327,2.4513784096583797,19.826700284718044,-0.9832728762541804,20.81978054889161,-359.70028,2.39743,362.09771,-17.278991406765304,298.7084858195922,1.5260298970447703,20.787115718662985,0.0,359.70028154233427,359.70028154233427,17.281952283804966,298.77603747369733,0.0,0.0,0.0,0.0,1.0,0.0,0.0,0.0,0.0
40098,4.0958405,1279.7183,136.41107,1463.1764,-214.96875,76561199780519055,0,1331.8680353279562,0.0,0.0,0.15503722,-0.03330989999999989,-0.033299999999997,-1.5300000000273428e-05,0.033290000000022246,-1.540000000055386e-05,0.06659000000004767,0.0,0.0,0.15503722,1.0444280779451505,0.22033873548206898,355.80987449999975,9872.915151999996,0.047100312504375096,1.0,-1.0,1,8.0,0.2355870190276658,0.08852693877043322,136.697457,4.23571015,0,1,2.674600063666667,1.5173661432028158,0.9990692,6.3603973,5.3613281,0.6357582395503996,-0.8522966457076624,21.335084873333326,160.01046855597536,-179.79916,179.90112,359.70028,-0.4168461375464896,-1.8075183802782255,-0.01191639966555184,0.08536563498919077,-0.43258660000000004,0.6660461,1.0986327,2.4513784096583797,19.826700284718044,-0.9832728762541804,20.81978054889161,-359.70028,2.39743,362.09771,-17.278991406765304,298.7084858195922,1.5260298970447703,20.787115718662985,0.0,359.70028154233427,359.70028154233427,17.281952283804966,298.77603747369733,0.0,0.0,0.0,0.0,1.0,0.0,0.0,0.0,0.0
40099,4.0625305,1279.687,136.37775,1464.2931,-214.96875,76561199780519055,0,1331.8680353279562,0.0,0.0,0.15503722,-0.03331000000000017,-0.03332000000000335,-1.0000000028043132e-07,-2.0000000006348273e-05,1.5199999999992997e-05,-0.033310000000028595,0.0,0.0,0.15503722,1.1171385679494237,0.22031762338842853,359.87240499999973,10009.292901999996,0.04711452536108407,-1.0,-1.0,1,9.0,0.20480736474639802,0.09160666664189467,136.624191,4.205737300000001,0,0,2.674600063666667,1.5173661432028158,0.9990692,6.3603973,5.3613281,0.6357582395503996,-0.8522966457076624,21.335084873333326,160.01046855597536,-179.79916,179.90112,359.70028,-0.4168461375464896,-1.8075183802782255,-0.01191639966555184,0.08536563498919077,-0.43258660000000004,0.6660461,1.0986327,2.4513784096583797,19.826700284718044,-0.9832728762541804,20.81978054889161,-359.70028,2.39743,362.09771,-17.278991406765304,298.7084858195922,1.5260298970447703,20.787115718662985,0.0,359.70028154233427,359.70028154233427,17.281952283804966,298.77603747369733,0.0,0.0,0.0,0.0,1.0,0.0,0.0,0.0,0.0
40100,4.029236,1279.6542,136.37775,1465.4825,-214.96875,76561199780519055,0,1331.8680353279562,0.0,0.0,0.15503722,-0.03329450000000023,0.0,1.5499999999946112e-05,0.03332000000000335,1.5600000000226544e-05,0.033340000000009695,0.0,0.0,0.15503722,1.1898521756924025,0.22030030135929782,363.90164099999976,10145.670651999995,0.03329450000000023,1.0,1.0,1,9.0,0.17565695483572505,0.09575131563184011,136.564246,4.175766,0,0,2.674600063666667,1.5173661432028158,0.9990692,6.3603973,5.3613281,0.6357582395503996,-0.8522966457076624,21.335084873333326,160.01046855597536,-179.79916,179.90112,359.70028,-0.4168461375464896,-1.8075183802782255,-0.01191639966555184,0.08536563498919077,-0.43258660000000004,0.6660461,1.0986327,2.4513784096583797,19.826700284718044,-0.9832728762541804,20.81978054889161,-359.70028,2.39743,362.09771,-17.278991406765304,298.7084858195922,1.5260298970447703,20.787115718662985,0.0,359.70028154233427,359.70028154233427,17.281952283804966,298.77603747369733,0.0,0.0,0.0,0.0,1.0,0.0,0.0,0.0,0.0
40101,4.029236,1279.6199,136.37775,1466.7448,-215.70203,76561199780519055,0,1331.8680353279562,0.0,0.0,0.15503722,0.0,0.0,0.03329450000000023,0.0,0.03327900000000028,-0.03332000000000335,0.0,0.0,0.15503722,1.4602319467809493,0.2584821958048432,367.9308769999998,10282.048401999995,0.0,0.0,1.0,1,9.0,0.145116230411501,0.09575129553673963,136.514292,4.1491241699999994,0,0,2.674600063666667,1.5173661432028158,0.9990692,6.3603973,5.3613281,0.6357582395503996,-0.8522966457076624,21.335084873333326,160.01046855597536,-179.79916,179.90112,359.70028,-0.4168461375464896,-1.8075183802782255,-0.01191639966555184,0.08536563498919077,-0.43258660000000004,0.6660461,1.0986327,2.4513784096583797,19.826700284718044,-0.9832728762541804,20.81978054889161,-359.70028,2.39743,362.09771,-17.278991406765304,298.7084858195922,1.5260298970447703,20.787115718662985,0.0,359.70028154233427,359.70028154233427,17.281952283804966,298.77603747369733,0.0,0.0,0.0,0.0,1.0,0.0,0.0,0.0,0.0
40102,4.029236,1279.5841,136.37775,1468.0787,-215.96875,76561199780519055,0,1331.8680353279562,0.0,0.0,0.15503722,0.0,0.0,0.0,0.0,-0.03329450000000023,0.0,0.0,0.0,0.15503722,1.3607756642445568,0.2557594878539455,371.9601129999998,10418.426151999995,0.0,0.0,0.0,0,8.0,0.1169009800356828,0.08712635691487305,136.47433,4.12248234,0,0,2.674600063666667,1.5173661432028158,0.9990692,6.3603973,5.3613281,0.6357582395503996,-0.8522966457076624,21.335084873333326,160.01046855597536,-179.79916,179.90112,359.70028,-0.4168461375464896,-1.8075183802782255,-0.01191639966555184,0.08536563498919077,-0.43258660000000004,0.6660461,1.0986327,2.4513784096583797,19.826700284718044,-0.9832728762541804,20.81978054889161,-359.70028,2.39743,362.09771,-17.278991406765304,298.7084858195922,1.5260298970447703,20.787115718662985,0.0,359.70028154233427,359.70028154233427,17.281952283804966,298.77603747369733,0.0,0.0,0.0,0.0,1.0,0.0,0.0,0.0,0.0
40103,4.029236,1279.547,136.37775,1469.4786,-215.96875,76561199780519055,0,1331.8680353279562,0.0,0.0,0.15503722,0.0,0.0,0.0,0.0,0.0,0.0,0.0,0.0,0.15503722,1.4003915238245657,0.2475632310241146,375.98934899999983,10554.803901999994,0.0,0.0,0.0,0,7.0,0.0851930800592427,0.07602162659687613,136.441027,4.09916998,0,0,2.674600063666667,1.5173661432028158,0.9990692,6.3603973,5.3613281,0.6357582395503996,-0.8522966457076624,21.335084873333326,160.01046855597536,-179.79916,179.90112,359.70028,-0.4168461375464896,-1.8075183802782255,-0.01191639966555184,0.08536563498919077,-0.43258660000000004,0.6660461,1.0986327,2.4513784096583797,19.826700284718044,-0.9832728762541804,20.81978054889161,-359.70028,2.39743,362.09771,-17.278991406765304,298.7084858195922,1.5260298970447703,20.787115718662985,0.0,359.70028154233427,359.70028154233427,17.281952283804966,298.77603747369733,0.0,0.0,0.0,0.0,1.0,0.0,0.0,0.0,0.0
40104,4.029236,1279.5084,136.37775,1470.9391,-215.96875,76561199780519055,0,1331.8680353279562,0.0,0.0,0.15503722,0.0,0.0,0.0,0.0,0.0,0.0,0.0,0.0,0.15503722,1.4610099965436276,0.23767808860582862,380.01858499999986,10691.181651999994,0.0,0.0,0.0,0,6.0,0.062399776219223636,0.06328336433543959,136.417715,4.07918861,0,0,2.674600063666667,1.5173661432028158,0.9990692,6.3603973,5.3613281,0.6357582395503996,-0.8522966457076624,21.335084873333326,160.01046855597536,-179.79916,179.90112,359.70028,-0.4168461375464896,-1.8075183802782255,-0.01191639966555184,0.08536563498919077,-0.43258660000000004,0.6660461,1.0986327,2.4513784096583797,19.826700284718044,-0.9832728762541804,20.81978054889161,-359.70028,2.39743,362.09771,-17.278991406765304,298.7084858195922,1.5260298970447703,20.787115718662985,0.0,359.70028154233427,359.70028154233427,17.281952283804966,298.77603747369733,0.0,0.0,0.0,0.0,1.0,0.0,0.0,0.0,0.0
40105,4.029236,1279.469,136.37775,1472.4552,-215.96875,76561199780519055,0,1331.8680353279562,0.0,0.0,0.15503722,0.0,0.0,0.0,0.0,0.0,0.0,0.0,0.0,0.15503722,1.5166118719039972,0.2256880544018736,384.0478209999999,10827.559401999993,0.0,0.0,0.0,0,5.0,0.044543934179794895,0.04964520371682322,136.401065,4.06253824,0,0,2.674600063666667,1.5173661432028158,0.9990692,6.3603973,5.3613281,0.6357582395503996,-0.8522966457076624,21.335084873333326,160.01046855597536,-179.79916,179.90112,359.70028,-0.4168461375464896,-1.8075183802782255,-0.01191639966555184,0.08536563498919077,-0.43258660000000004,0.6660461,1.0986327,2.4513784096583797,19.826700284718044,-0.9832728762541804,20.81978054889161,-359.70028,2.39743,362.09771,-17.278991406765304,298.7084858195922,1.5260298970447703,20.787115718662985,0.0,359.70028154233427,359.70028154233427,17.281952283804966,298.77603747369733,0.0,0.0,0.0,0.0,1.0,0.0,0.0,0.0,0.0
40106,3.9959412,1279.4287,136.37775,1474.0225,-215.96875,76561199780519055,0,1331.8680353279562,0.0,0.0,0.15503722,-0.03329480000000018,0.0,-0.03329480000000018,0.0,-0.03329480000000018,0.0,0.0,0.0,0.15503722,1.5678180315329315,0.21134543566396027,388.0437621999999,10963.937151999993,0.03329480000000018,0.0,-1.0,0,5.0,0.02248368900127758,0.03924746243797857,136.387744,4.04588786,0,0,2.674600063666667,1.5173661432028158,0.9990692,6.3603973,5.3613281,0.6357582395503996,-0.8522966457076624,21.335084873333326,160.01046855597536,-179.79916,179.90112,359.70028,-0.4168461375464896,-1.8075183802782255,-0.01191639966555184,0.08536563498919077,-0.43258660000000004,0.6660461,1.0986327,2.4513784096583797,19.826700284718044,-0.9832728762541804,20.81978054889161,-359.70028,2.39743,362.09771,-17.278991406765304,298.7084858195922,1.5260298970447703,20.787115718662985,0.0,359.70028154233427,359.70028154233427,17.281952283804966,298.77603747369733,0.0,0.0,0.0,0.0,1.0,0.0,0.0,0.0,0.0
40107,3.9959412,1279.3875,136.37775,1475.6368,-215.96875,76561199780519055,0,1331.8680353279562,0.0,0.0,0.15503722,0.0,0.0,0.03329480000000018,0.0,0.06658960000000036,0.0,0.0,0.0,0.15503722,1.6148256655131084,0.19444500644070675,392.0397033999999,11100.314901999993,0.0,0.0,1.0,0,4.0,0.010536709163531366,0.029156319977789922,136.381082,4.032566940000001,1,0,2.674600063666667,1.5173661432028158,0.9990692,6.3603973,5.3613281,0.6357582395503996,-0.8522966457076624,21.335084873333326,160.01046855597536,-179.79916,179.90112,359.70028,-0.4168461375464896,-1.8075183802782255,-0.01191639966555184,0.08536563498919077,-0.43258660000000004,0.6660461,1.0986327,2.4513784096583797,19.826700284718044,-0.9832728762541804,20.81978054889161,-359.70028,2.39743,362.09771,-17.278991406765304,298.7084858195922,1.5260298970447703,20.787115718662985,0.0,359.70028154233427,359.70028154233427,17.281952283804966,298.77603747369733,0.0,0.0,0.0,0.0,1.0,0.0,0.0,0.0,0.0
40108,3.9626312,1279.3453,136.37775,1477.2947,-215.96875,76561199780519055,0,1331.8680353279562,0.0,0.0,0.15503722,-0.03330999999999973,0.0,-0.03330999999999973,0.0,-0.06660479999999991,0.0,0.0,0.0,0.15503722,1.6584369900601486,0.17502861851531634,396.00233459999987,11236.692651999992,0.03330999999999973,0.0,-1.0,0,3.0,0.0,0.027414131646634168,136.37775,4.01924601,0,0,2.674600063666667,1.5173661432028158,0.9990692,6.3603973,5.3613281,0.6357582395503996,-0.8522966457076624,21.335084873333326,160.01046855597536,-179.79916,179.90112,359.70028,-0.4168461375464896,-1.8075183802782255,-0.01191639966555184,0.08536563498919077,-0.43258660000000004,0.6660461,1.0986327,2.4513784096583797,19.826700284718044,-0.9832728762541804,20.81978054889161,-359.70028,2.39743,362.09771,-17.278991406765304,298.7084858195922,1.5260298970447703,20.787115718662985,0.0,359.70028154233427,359.70028154233427,17.281952283804966,298.77603747369733,0.0,0.0,0.0,0.0,1.0,0.0,0.0,0.0,0.0
40109,3.9626312,1279.3024,136.37775,1478.9924,-215.96875,76561199780519055,0,1331.8680353279562,0.0,0.0,0.15503722,0.0,0.0,0.03330999999999973,0.0,0.06661999999999946,0.0,0.0,0.0,0.15503722,1.6982419438939094,0.15295075193566865,399.96496579999985,11373.070401999992,0.0,0.0,1.0,0,2.0,0.0,0.02808224854122101,136.37775,4.00925608,1,0,2.674600063666667,1.5173661432028158,0.9990692,6.3603973,5.3613281,0.6357582395503996,-0.8522966457076624,21.335084873333326,160.01046855597536,-179.79916,179.90112,359.70028,-0.4168461375464896,-1.8075183802782255,-0.01191639966555184,0.08536563498919077,-0.43258660000000004,0.6660461,1.0986327,2.4513784096583797,19.826700284718044,-0.9832728762541804,20.81978054889161,-359.70028,2.39743,362.09771,-17.278991406765304,298.7084858195922,1.5260298970447703,20.787115718662985,0.0,359.70028154233427,359.70028154233427,17.281952283804966,298.77603747369733,0.0,0.0,0.0,0.0,1.0,0.0,0.0,0.0,0.0
40110,3.9293213,1279.2584,136.37775,1480.7269,-215.96875,76561199780519055,0,1331.8680353279562,0.0,0.0,0.15503722,-0.033309900000000336,0.0,-0.033309900000000336,0.0,-0.06661990000000007,0.0,0.0,0.0,0.15503722,1.7350579961486325,0.12811047970370243,403.8942870999999,11509.448151999992,0.033309900000000336,0.0,-1.0,0,1.0,0.0,0.03665089247209804,136.37775,3.99926461,0,0,2.674600063666667,1.5173661432028158,0.9990692,6.3603973,5.3613281,0.6357582395503996,-0.8522966457076624,21.335084873333326,160.01046855597536,-179.79916,179.90112,359.70028,-0.4168461375464896,-1.8075183802782255,-0.01191639966555184,0.08536563498919077,-0.43258660000000004,0.6660461,1.0986327,2.4513784096583797,19.826700284718044,-0.9832728762541804,20.81978054889161,-359.70028,2.39743,362.09771,-17.278991406765304,298.7084858195922,1.5260298970447703,20.787115718662985,0.0,359.70028154233427,359.70028154233427,17.281952283804966,298.77603747369733,0.0,0.0,0.0,0.0,1.0,0.0,0.0,0.0,0.0
40111,3.9293213,1279.2141,136.37775,1482.4951,-215.96875,76561199780519055,0,1331.8680353279562,0.0,0.0,0.15503722,0.0,0.0,0.033309900000000336,0.0,0.06661980000000067,0.0,0.0,0.0,0.15503722,1.7687548529970825,0.1412753970518034,407.8236083999999,11645.825901999991,0.0,0.0,1.0,0,0.0,0.0,0.040940443110323986,136.37775,3.9892731400000003,1,0,2.674600063666667,1.5173661432028158,0.9990692,6.3603973,5.3613281,0.6357582395503996,-0.8522966457076624,21.335084873333326,160.01046855597536,-179.79916,179.90112,359.70028,-0.4168461375464896,-1.8075183802782255,-0.01191639966555184,0.08536563498919077,-0.43258660000000004,0.6660461,1.0986327,2.4513784096583797,19.826700284718044,-0.9832728762541804,20.81978054889161,-359.70028,2.39743,362.09771,-17.278991406765304,298.7084858195922,1.5260298970447703,20.787115718662985,0.0,359.70028154233427,359.70028154233427,17.281952283804966,298.77603747369733,0.0,0.0,0.0,0.0,1.0,0.0,0.0,0.0,0.0
40112,3.8960266,1279.1693,136.37775,1484.2943,-215.96875,76561199780519055,0,1331.8680353279562,0.0,0.0,0.15503722,-0.0332946999999999,0.0,-0.0332946999999999,0.0,-0.06660460000000024,0.0,0.0,0.0,0.15503722,1.7997576725769866,0.1342382648932135,411.7196349999999,11782.203651999991,0.0332946999999999,0.0,-1.0,0,0.0,0.0,0.04761943062376442,136.37775,3.9759521999999996,0,0,2.674600063666667,1.5173661432028158,0.9990692,6.3603973,5.3613281,0.6357582395503996,-0.8522966457076624,21.335084873333326,160.01046855597536,-179.79916,179.90112,359.70028,-0.4168461375464896,-1.8075183802782255,-0.01191639966555184,0.08536563498919077,-0.43258660000000004,0.6660461,1.0986327,2.4513784096583797,19.826700284718044,-0.9832728762541804,20.81978054889161,-359.70028,2.39743,362.09771,-17.278991406765304,298.7084858195922,1.5260298970447703,20.787115718662985,0.0,359.70028154233427,359.70028154233427,17.281952283804966,298.77603747369733,0.0,0.0,0.0,0.0,1.0,0.0,0.0,0.0,0.0
40113,3.862732,1279.124,136.37775,1486.1217,-215.96875,76561199780519055,0,1331.8680353279562,0.0,0.0,0.15503722,-0.03329460000000006,0.0,9.999999983634211e-08,0.0,0.033294799999999736,0.0,0.0,0.0,0.15503722,1.8279613918241342,0.12343683161678531,415.5823669999999,11918.58140199999,0.03329460000000006,0.0,1.0,0,0.0,0.0,0.05539332460823959,136.37775,3.9593018,1,0,2.674600063666667,1.5173661432028158,0.9990692,6.3603973,5.3613281,0.6357582395503996,-0.8522966457076624,21.335084873333326,160.01046855597536,-179.79916,179.90112,359.70028,-0.4168461375464896,-1.8075183802782255,-0.01191639966555184,0.08536563498919077,-0.43258660000000004,0.6660461,1.0986327,2.4513784096583797,19.826700284718044,-0.9832728762541804,20.81978054889161,-359.70028,2.39743,362.09771,-17.278991406765304,298.7084858195922,1.5260298970447703,20.787115718662985,0.0,359.70028154233427,359.70028154233427,17.281952283804966,298.77603747369733,0.0,0.0,0.0,0.0,1.0,0.0,0.0,0.0,0.0
40114,3.829422,1279.0787,136.44437,1487.9492,-215.96875,76561199780519055,0,1331.8680353279562,0.0,0.0,0.15503722,-0.03330999999999973,0.06662000000000035,-1.539999999966568e-05,0.06662000000000035,-1.5499999999502023e-05,0.06662000000000035,0.0,0.0,0.15503722,1.8280613611146552,0.10992225792667235,419.41178899999994,12055.02577199999,0.07448342433051819,1.0,-1.0,1,1.0,0.021067093771951487,0.06289425902009826,136.384412,3.9393204000000006,0,1,2.674600063666667,1.5173661432028158,0.9990692,6.3603973,5.3613281,0.6357582395503996,-0.8522966457076624,21.335084873333326,160.01046855597536,-179.79916,179.90112,359.70028,-0.4168461375464896,-1.8075183802782255,-0.01191639966555184,0.08536563498919077,-0.43258660000000004,0.6660461,1.0986327,2.4513784096583797,19.826700284718044,-0.9832728762541804,20.81978054889161,-359.70028,2.39743,362.09771,-17.278991406765304,298.7084858195922,1.5260298970447703,20.787115718662985,0.0,359.70028154233427,359.70028154233427,17.281952283804966,298.77603747369733,0.0,0.0,0.0,0.0,1.0,0.0,0.0,0.0,0.0
40115,3.829422,1279.0333,136.51096,1489.7767,-215.96875,76561199780519055,0,1331.8680353279562,0.0,0.0,0.15503722,0.0,0.06659000000001924,0.03330999999999973,-2.99999999811007e-05,0.033325399999999394,-0.06664999999998145,0.0,0.0,0.15503722,1.8280638418828628,0.09477916016703301,423.24121099999996,12191.53673199999,0.06659000000001924,-1.0,1.0,1,2.0,0.04495667743005347,0.0628945061183016,136.397733,3.919339,1,0,2.674600063666667,1.5173661432028158,0.9990692,6.3603973,5.3613281,0.6357582395503996,-0.8522966457076624,21.335084873333326,160.01046855597536,-179.79916,179.90112,359.70028,-0.4168461375464896,-1.8075183802782255,-0.01191639966555184,0.08536563498919077,-0.43258660000000004,0.6660461,1.0986327,2.4513784096583797,19.826700284718044,-0.9832728762541804,20.81978054889161,-359.70028,2.39743,362.09771,-17.278991406765304,298.7084858195922,1.5260298970447703,20.787115718662985,0.0,359.70028154233427,359.70028154233427,17.281952283804966,298.77603747369733,0.0,0.0,0.0,0.0,1.0,0.0,0.0,0.0,0.0
40116,3.796112,1278.9873,136.57758,1491.6042,-215.96875,76561199780519055,0,1331.8680353279562,0.0,0.0,0.15503722,-0.03331000000000017,0.06662000000000035,-0.03331000000000017,2.99999999811007e-05,-0.0666199999999999,5.99999999622014e-05,0.0,0.0,0.15503722,1.8280788412977078,0.07887144810356853,427.03732299999996,12328.114311999989,0.07448342433051838,1.0,-1.0,1,3.0,0.07160256500675281,0.06743333800105654,136.41771599999998,3.8993560800000004,0,0,2.674600063666667,1.5173661432028158,0.9990692,6.3603973,5.3613281,0.6357582395503996,-0.8522966457076624,21.335084873333326,160.01046855597536,-179.79916,179.90112,359.70028,-0.4168461375464896,-1.8075183802782255,-0.01191639966555184,0.08536563498919077,-0.43258660000000004,0.6660461,1.0986327,2.4513784096583797,19.826700284718044,-0.9832728762541804,20.81978054889161,-359.70028,2.39743,362.09771,-17.278991406765304,298.7084858195922,1.5260298970447703,20.787115718662985,0.0,359.70028154233427,359.70028154233427,17.281952283804966,298.77603747369733,0.0,0.0,0.0,0.0,1.0,0.0,0.0,0.0,0.0
40117,3.7628174,1278.9404,136.71078,1493.4318,-215.96875,76561199780519055,0,1331.8680353279562,0.0,0.0,0.15503722,-0.03329460000000006,0.133199999999988,1.540000000010977e-05,0.06657999999998765,0.03332540000000028,0.06655000000000655,0.0,0.0,0.15503722,1.8282016765117242,0.06285239216582443,430.8001404,12464.825091999988,0.13729810774062695,1.0,1.0,0,3.0,0.1151523988701022,0.07055710908647587,136.451019,3.8760436999999994,0,1,2.674600063666667,1.5173661432028158,0.9990692,6.3603973,5.3613281,0.6357582395503996,-0.8522966457076624,21.335084873333326,160.01046855597536,-179.79916,179.90112,359.70028,-0.4168461375464896,-1.8075183802782255,-0.01191639966555184,0.08536563498919077,-0.43258660000000004,0.6660461,1.0986327,2.4513784096583797,19.826700284718044,-0.9832728762541804,20.81978054889161,-359.70028,2.39743,362.09771,-17.278991406765304,298.7084858195922,1.5260298970447703,20.787115718662985,0.0,359.70028154233427,359.70028154233427,17.281952283804966,298.77603747369733,0.0,0.0,0.0,0.0,1.0,0.0,0.0,0.0,0.0
40118,3.7628174,1278.893,136.77737,1495.2593,-215.96875,76561199780519055,0,1331.8680353279562,0.0,0.0,0.15503722,0.0,0.06658999999999082,0.03329460000000006,-0.06660999999999717,0.03327919999999995,-0.13318999999998482,0.0,0.0,0.15503722,1.828114605269464,0.047365348075675794,434.5629578,12601.602461999988,0.06658999999999082,-1.0,1.0,1,4.0,0.15074175455237984,0.07159686148627573,136.49098099999998,3.8560623200000004,1,0,2.674600063666667,1.5173661432028158,0.9990692,6.3603973,5.3613281,0.6357582395503996,-0.8522966457076624,21.335084873333326,160.01046855597536,-179.79916,179.90112,359.70028,-0.4168461375464896,-1.8075183802782255,-0.01191639966555184,0.08536563498919077,-0.43258660000000004,0.6660461,1.0986327,2.4513784096583797,19.826700284718044,-0.9832728762541804,20.81978054889161,-359.70028,2.39743,362.09771,-17.278991406765304,298.7084858195922,1.5260298970447703,20.787115718662985,0.0,359.70028154233427,359.70028154233427,17.281952283804966,298.77603747369733,0.0,0.0,0.0,0.0,1.0,0.0,0.0,0.0,0.0
40119,3.6962128,1278.8439,137.0438,1497.0868,-215.96875,76561199780519055,0,1331.8680353279562,0.0,0.0,0.15503722,-0.06660459999999979,0.26643000000001393,-0.06660459999999979,0.1998400000000231,-0.09989919999999985,0.2664500000000203,0.0,0.0,0.15503722,1.8281594733502766,0.032852438694235125,438.2591706,12738.646261999987,0.27462905461944004,1.0,-1.0,1,5.0,0.22433432794223965,0.07690691461911434,136.55758600000001,3.8294204800000005,0,0,2.674600063666667,1.5173661432028158,0.9990692,6.3603973,5.3613281,0.6357582395503996,-0.8522966457076624,21.335084873333326,160.01046855597536,-179.79916,179.90112,359.70028,-0.4168461375464896,-1.8075183802782255,-0.01191639966555184,0.08536563498919077,-0.43258660000000004,0.6660461,1.0986327,2.4513784096583797,19.826700284718044,-0.9832728762541804,20.81978054889161,-359.70028,2.39743,362.09771,-17.278991406765304,298.7084858195922,1.5260298970447703,20.787115718662985,0.0,359.70028154233427,359.70028154233427,17.281952283804966,298.77603747369733,0.0,0.0,0.0,0.0,1.0,0.0,0.0,0.0,0.0
40120,3.6629028,1278.7925,137.41013,1498.9142,-215.96875,76561199780519055,0,1331.8680353279562,0.0,0.0,0.15503722,-0.03331000000000017,0.36633000000000493,0.03329459999999962,0.099899999999991,0.09989919999999941,-0.09994000000003211,0.0,0.0,0.15503722,1.8281227311096024,0.019876364812257356,441.9220734,12876.056391999988,0.36784130409730176,1.0,1.0,0,5.0,0.3400722888575843,0.08424972393477478,136.660824,3.8027786299999997,1,0,2.674600063666667,1.5173661432028158,0.9990692,6.3603973,5.3613281,0.6357582395503996,-0.8522966457076624,21.335084873333326,160.01046855597536,-179.79916,179.90112,359.70028,-0.4168461375464896,-1.8075183802782255,-0.01191639966555184,0.08536563498919077,-0.43258660000000004,0.6660461,1.0986327,2.4513784096583797,19.826700284718044,-0.9832728762541804,20.81978054889161,-359.70028,2.39743,362.09771,-17.278991406765304,298.7084858195922,1.5260298970447703,20.787115718662985,0.0,359.70028154233427,359.70028154233427,17.281952283804966,298.77603747369733,0.0,0.0,0.0,0.0,1.0,0.0,0.0,0.0,0.0
40121,3.5963135,1278.7375,137.94296,1500.7415,-215.96875,76561199780519055,0,1331.8680353279562,0.0,0.0,0.15503722,-0.06658929999999996,0.5328299999999899,-0.03327929999999979,0.166499999999985,-0.06657389999999941,0.066599999999994,0.0,0.0,0.15503722,1.828127536579589,0.008962565190463003,445.5183869,13013.999351999988,0.5369748073927484,1.0,-1.0,0,5.0,0.5120325568478472,0.09393113726843676,136.817345,3.76947785,0,0,2.674600063666667,1.5173661432028158,0.9990692,6.3603973,5.3613281,0.6357582395503996,-0.8522966457076624,21.335084873333326,160.01046855597536,-179.79916,179.90112,359.70028,-0.4168461375464896,-1.8075183802782255,-0.01191639966555184,0.08536563498919077,-0.43258660000000004,0.6660461,1.0986327,2.4513784096583797,19.826700284718044,-0.9832728762541804,20.81978054889161,-359.70028,2.39743,362.09771,-17.278991406765304,298.7084858195922,1.5260298970447703,20.787115718662985,0.0,359.70028154233427,359.70028154233427,17.281952283804966,298.77603747369733,0.0,0.0,0.0,0.0,1.0,0.0,0.0,0.0,0.0
40122,3.4631042,1278.6775,138.70856,1502.5686,-215.96875,76561199780519055,0,1331.8680353279562,0.0,0.0,0.15503722,-0.13320929999999986,0.7656000000000063,-0.0666199999999999,0.23277000000001635,-0.03334070000000011,0.06627000000003136,0.0,0.0,0.15503722,1.8280849022952668,6.497505674163008e-05,448.98149109999997,13152.707911999987,0.7771023597998526,1.0,-1.0,0,5.0,0.7601007930267418,0.12405893482197287,137.050426,3.7261856100000004,0,0,2.674600063666667,1.5173661432028158,0.9990692,6.3603973,5.3613281,0.6357582395503996,-0.8522966457076624,21.335084873333326,160.01046855597536,-179.79916,179.90112,359.70028,-0.4168461375464896,-1.8075183802782255,-0.01191639966555184,0.08536563498919077,-0.43258660000000004,0.6660461,1.0986327,2.4513784096583797,19.826700284718044,-0.9832728762541804,20.81978054889161,-359.70028,2.39743,362.09771,-17.278991406765304,298.7084858195922,1.5260298970447703,20.787115718662985,0.0,359.70028154233427,359.70028154233427,17.281952283804966,298.77603747369733,0.0,0.0,0.0,0.0,1.0,0.0,0.0,0.0,0.0
40123,3.329895,1278.61,139.64105,1504.3955,-215.96875,76561199780519055,0,1331.8680353279562,0.0,0.0,0.15503722,-0.13320920000000003,0.9324900000000014,9.999999983634211e-08,0.1668899999999951,0.06662009999999974,-0.06588000000002125,0.0,0.0,0.15503722,1.8281465641463488,4.5213549340314044e-05,452.3113861,13292.348961999987,0.941956629078347,1.0,1.0,0,5.0,1.0746423673554821,0.16617439897679945,137.37675600000003,3.67290191,0,1,2.674600063666667,1.5173661432028158,0.9990692,6.3603973,5.3613281,0.6357582395503996,-0.8522966457076624,21.335084873333326,160.01046855597536,-179.79916,179.90112,359.70028,-0.4168461375464896,-1.8075183802782255,-0.01191639966555184,0.08536563498919077,-0.43258660000000004,0.6660461,1.0986327,2.4513784096583797,19.826700284718044,-0.9832728762541804,20.81978054889161,-359.70028,2.39743,362.09771,-17.278991406765304,298.7084858195922,1.5260298970447703,20.787115718662985,0.0,359.70028154233427,359.70028154233427,17.281952283804966,298.77603747369733,0.0,0.0,0.0,0.0,1.0,0.0,0.0,0.0,0.0
40124,3.2299805,1278.5333,140.54019,1506.222,-215.96875,76561199780519055,0,1331.8680353279562,0.0,0.0,0.15503722,-0.09991450000000013,0.8991399999999885,0.0332946999999999,-0.03335000000001287,0.03329460000000006,-0.20024000000000797,0.0,0.0,0.15503722,1.8281097177137913,4.110119913200835e-05,455.5413666,13432.889151999987,0.9046743319616343,-1.0,1.0,1,5.0,1.4084705192180793,0.20663257878774485,137.786338,3.6129577599999996,0,0,2.674600063666667,1.5173661432028158,0.9990692,6.3603973,5.3613281,0.6357582395503996,-0.8522966457076624,21.335084873333326,160.01046855597536,-179.79916,179.90112,359.70028,-0.4168461375464896,-1.8075183802782255,-0.01191639966555184,0.08536563498919077,-0.43258660000000004,0.6660461,1.0986327,2.4513784096583797,19.826700284718044,-0.9832728762541804,20.81978054889161,-359.70028,2.39743,362.09771,-17.278991406765304,298.7084858195922,1.5260298970447703,20.787115718662985,0.0,359.70028154233427,359.70028154233427,17.281952283804966,298.77603747369733,0.0,0.0,0.0,0.0,1.0,0.0,0.0,0.0,0.0
40125,3.1633759,1278.4474,141.00644,1508.0481,-215.96875,76561199780519055,0,1331.8680353279562,0.0,0.0,0.15503722,-0.06660459999999979,0.4662500000000023,0.033309900000000336,-0.43288999999998623,1.5200000000437086e-05,-0.39953999999997336,0.0,0.0,0.15503722,1.8281192575978171,3.5953503931922774e-05,458.7047425,13573.895591999986,0.47098326428989185,-1.0,1.0,0,4.0,1.65246067816849,0.23456307951831207,138.235886,3.5463531499999994,1,0,2.674600063666667,1.5173661432028158,0.9990692,6.3603973,5.3613281,0.6357582395503996,-0.8522966457076624,21.335084873333326,160.01046855597536,-179.79916,179.90112,359.70028,-0.4168461375464896,-1.8075183802782255,-0.01191639966555184,0.08536563498919077,-0.43258660000000004,0.6660461,1.0986327,2.4513784096583797,19.826700284718044,-0.9832728762541804,20.81978054889161,-359.70028,2.39743,362.09771,-17.278991406765304,298.7084858195922,1.5260298970447703,20.787115718662985,0.0,359.70028154233427,359.70028154233427,17.281952283804966,298.77603747369733,0.0,0.0,0.0,0.0,1.0,0.0,0.0,0.0,0.0
40126,3.0301666,1278.3495,142.10541,1509.8735,-215.96875,76561199780519055,0,1331.8680353279562,0.0,0.0,0.15503722,-0.1332093000000003,1.0989700000000084,-0.06660470000000052,0.6327200000000062,-0.09991460000000085,1.0656099999999924,0.0,0.0,0.15503722,1.8280234052111575,4.677030026597251e-05,461.7349091,13716.001001999986,1.107013901677169,1.0,-1.0,1,4.0,1.9362961028752022,0.26678755179345176,138.788669,3.4697586100000004,0,0,2.674600063666667,1.5173661432028158,0.9990692,6.3603973,5.3613281,0.6357582395503996,-0.8522966457076624,21.335084873333326,160.01046855597536,-179.79916,179.90112,359.70028,-0.4168461375464896,-1.8075183802782255,-0.01191639966555184,0.08536563498919077,-0.43258660000000004,0.6660461,1.0986327,2.4513784096583797,19.826700284718044,-0.9832728762541804,20.81978054889161,-359.70028,2.39743,362.09771,-17.278991406765304,298.7084858195922,1.5260298970447703,20.787115718662985,0.0,359.70028154233427,359.70028154233427,17.281952283804966,298.77603747369733,0.0,0.0,0.0,0.0,1.0,0.0,0.0,0.0,0.0
40127,2.930603,1278.2375,143.271,1511.6982,-215.96875,76561199780519055,0,1331.8680353279562,0.0,0.0,0.15503722,-0.09956359999999975,1.1655899999999804,0.033645700000000556,0.06661999999997192,0.10025040000000107,-0.5661000000000342,0.0,0.0,0.15503722,1.8281340459606508,3.7843972046439776e-05,464.6655121,13859.272001999987,1.16983458597569,1.0,1.0,0,4.0,2.2413587950786242,0.2936603511937197,139.444691,3.3865371699999995,1,1,2.674600063666667,1.5173661432028158,0.9990692,6.3603973,5.3613281,0.6357582395503996,-0.8522966457076624,21.335084873333326,160.01046855597536,-179.79916,179.90112,359.70028,-0.4168461375464896,-1.8075183802782255,-0.01191639966555184,0.08536563498919077,-0.43258660000000004,0.6660461,1.0986327,2.4513784096583797,19.826700284718044,-0.9832728762541804,20.81978054889161,-359.70028,2.39743,362.09771,-17.278991406765304,298.7084858195922,1.5260298970447703,20.787115718662985,0.0,359.70028154233427,359.70028154233427,17.281952283804966,298.77603747369733,0.0,0.0,0.0,0.0,1.0,0.0,0.0,0.0,0.0
40128,2.8306885,1278.1095,144.36963,1513.5219,-215.96875,76561199780519055,0,1331.8680353279562,0.0,0.0,0.15503722,-0.09991450000000013,1.0986300000000142,-0.0003509000000003759,-0.06695999999996616,-0.03399660000000093,-0.13357999999993808,0.0,0.0,0.15503722,1.8281864483688963,4.420856879184097e-05,467.4962006,14003.641631999986,1.1031639879049175,-1.0,-1.0,1,4.0,2.5075305444114235,0.30851294239002686,140.203917,3.29332428,0,0,2.674600063666667,1.5173661432028158,0.9990692,6.3603973,5.3613281,0.6357582395503996,-0.8522966457076624,21.335084873333326,160.01046855597536,-179.79916,179.90112,359.70028,-0.4168461375464896,-1.8075183802782255,-0.01191639966555184,0.08536563498919077,-0.43258660000000004,0.6660461,1.0986327,2.4513784096583797,19.826700284718044,-0.9832728762541804,20.81978054889161,-359.70028,2.39743,362.09771,-17.278991406765304,298.7084858195922,1.5260298970447703,20.787115718662985,0.0,359.70028154233427,359.70028154233427,17.281952283804966,298.77603747369733,0.0,0.0,0.0,0.0,1.0,0.0,0.0,0.0,0.0
40129,2.7307892,1277.9631,145.6018,1515.3441,-215.96875,76561199780519055,0,1331.8680353279562,0.0,0.0,0.15503722,-0.09989930000000014,1.2321699999999964,1.5199999999992997e-05,0.13353999999998223,0.0003661000000003689,0.2004999999999484,0.0,0.0,0.15503722,1.8280716069126686,4.4533065516886955e-05,470.2269898,14149.243431999987,1.236213079950411,1.0,1.0,1,4.0,2.7571372010435793,0.31929512724445813,141.059717,3.1967819200000003,0,1,2.674600063666667,1.5173661432028158,0.9990692,6.3603973,5.3613281,0.6357582395503996,-0.8522966457076624,21.335084873333326,160.01046855597536,-179.79916,179.90112,359.70028,-0.4168461375464896,-1.8075183802782255,-0.01191639966555184,0.08536563498919077,-0.43258660000000004,0.6660461,1.0986327,2.4513784096583797,19.826700284718044,-0.9832728762541804,20.81978054889161,-359.70028,2.39743,362.09771,-17.278991406765304,298.7084858195922,1.5260298970447703,20.787115718662985,0.0,359.70028154233427,359.70028154233427,17.281952283804966,298.77603747369733,0.0,0.0,0.0,0.0,1.0,0.0,0.0,0.0,0.0
40130,2.63089,1277.7968,146.80069,1517.1647,-215.96875,76561199780519055,0,1331.8680353279562,0.0,0.0,0.15503722,-0.09989919999999985,1.1988900000000058,1.0000000028043132e-07,-0.03327999999999065,-1.5099999999712566e-05,-0.16681999999997288,0.0,0.0,0.15503722,1.82817943594167,4.931661515290727e-05,472.85787980000003,14296.044121999987,1.2030449211316483,-1.0,1.0,1,5.0,2.967177370146872,0.3186785829277282,141.99877299999997,3.09358064,0,0,2.674600063666667,1.5173661432028158,0.9990692,6.3603973,5.3613281,0.6357582395503996,-0.8522966457076624,21.335084873333326,160.01046855597536,-179.79916,179.90112,359.70028,-0.4168461375464896,-1.8075183802782255,-0.01191639966555184,0.08536563498919077,-0.43258660000000004,0.6660461,1.0986327,2.4513784096583797,19.826700284718044,-0.9832728762541804,20.81978054889161,-359.70028,2.39743,362.09771,-17.278991406765304,298.7084858195922,1.5260298970447703,20.787115718662985,0.0,359.70028154233427,359.70028154233427,17.281952283804966,298.77603747369733,0.0,0.0,0.0,0.0,1.0,0.0,0.0,0.0,0.0
40131,2.59758,1277.6104,147.43344,1518.9833,-215.96875,76561199780519055,0,1331.8680353279562,0.0,0.0,0.15503722,-0.03331000000000017,0.6327499999999873,0.06658919999999968,-0.5661400000000185,0.0665890999999994,-0.5328600000000279,0.0,0.0,0.15503722,1.828127708886947,4.932023394239018e-05,475.4554598,14443.477561999987,0.6336261662841773,-1.0,1.0,0,5.0,3.042592811696497,0.29954294793268593,142.947821,2.99370729,1,0,2.674600063666667,1.5173661432028158,0.9990692,6.3603973,5.3613281,0.6357582395503996,-0.8522966457076624,21.335084873333326,160.01046855597536,-179.79916,179.90112,359.70028,-0.4168461375464896,-1.8075183802782255,-0.01191639966555184,0.08536563498919077,-0.43258660000000004,0.6660461,1.0986327,2.4513784096583797,19.826700284718044,-0.9832728762541804,20.81978054889161,-359.70028,2.39743,362.09771,-17.278991406765304,298.7084858195922,1.5260298970447703,20.787115718662985,0.0,359.70028154233427,359.70028154233427,17.281952283804966,298.77603747369733,0.0,0.0,0.0,0.0,1.0,0.0,0.0,0.0,0.0
40132,2.5309753,1277.423,148.69891,1520.8005,-215.96875,76561199780519055,0,1331.8680353279562,0.0,0.0,0.15503722,-0.06660469999999963,1.2654700000000219,-0.033294699999999455,0.6327200000000346,-0.09988389999999914,1.198860000000053,0.0,0.0,0.15503722,1.8268373217119944,0.00040907209627463986,477.98643510000005,14592.176471999986,1.2672215697983304,1.0,-1.0,1,6.0,3.134739413370291,0.2817474846059715,143.946856,2.9004944000000004,0,1,2.674600063666667,1.5173661432028158,0.9990692,6.3603973,5.3613281,0.6357582395503996,-0.8522966457076624,21.335084873333326,160.01046855597536,-179.79916,179.90112,359.70028,-0.4168461375464896,-1.8075183802782255,-0.01191639966555184,0.08536563498919077,-0.43258660000000004,0.6660461,1.0986327,2.4513784096583797,19.826700284718044,-0.9832728762541804,20.81978054889161,-359.70028,2.39743,362.09771,-17.278991406765304,298.7084858195922,1.5260298970447703,20.787115718662985,0.0,359.70028154233427,359.70028154233427,17.281952283804966,298.77603747369733,0.0,0.0,0.0,0.0,1.0,0.0,0.0,0.0,0.0
40133,2.4643707,1277.3373,149.79755,1522.6206,-215.96875,76561199780519055,0,1331.8680353279562,0.0,0.0,0.15503722,-0.06660460000000024,1.098639999999989,9.99999993922529e-08,-0.1668300000000329,0.03329479999999885,-0.7995500000000675,0.0,0.0,0.15503722,1.822116489141046,0.0018969661565156261,480.45080580000007,14741.974021999986,1.1006570866265004,-1.0,1.0,1,7.0,3.2285966413810505,0.26777697618404056,144.96250600000002,2.81394197,0,0,2.674600063666667,1.5173661432028158,0.9990692,6.3603973,5.3613281,0.6357582395503996,-0.8522966457076624,21.335084873333326,160.01046855597536,-179.79916,179.90112,359.70028,-0.4168461375464896,-1.8075183802782255,-0.01191639966555184,0.08536563498919077,-0.43258660000000004,0.6660461,1.0986327,2.4513784096583797,19.826700284718044,-0.9832728762541804,20.81978054889161,-359.70028,2.39743,362.09771,-17.278991406765304,298.7084858195922,1.5260298970447703,20.787115718662985,0.0,359.70028154233427,359.70028154233427,17.281952283804966,298.77603747369733,0.0,0.0,0.0,0.0,1.0,0.0,0.0,0.0,0.0
40134,2.4310608,1277.365,150.397,1524.4451,-215.96875,76561199780519055,0,1331.8680353279562,0.0,0.0,0.15503722,-0.03330989999999989,0.5994499999999903,0.03329470000000034,-0.4991899999999987,0.03329460000000095,-0.3323599999999658,0.0,0.0,0.15503722,1.8247102619319593,0.0020520286663330187,482.8818666000001,14892.371021999987,0.6003747595777144,-1.0,1.0,0,6.0,3.2330876598969596,0.24833294048282503,145.948187,2.73405,1,0,2.674600063666667,1.5173661432028158,0.9990692,6.3603973,5.3613281,0.6357582395503996,-0.8522966457076624,21.335084873333326,160.01046855597536,-179.79916,179.90112,359.70028,-0.4168461375464896,-1.8075183802782255,-0.01191639966555184,0.08536563498919077,-0.43258660000000004,0.6660461,1.0986327,2.4513784096583797,19.826700284718044,-0.9832728762541804,20.81978054889161,-359.70028,2.39743,362.09771,-17.278991406765304,298.7084858195922,1.5260298970447703,20.787115718662985,0.0,359.70028154233427,359.70028154233427,17.281952283804966,298.77603747369733,0.0,0.0,0.0,0.0,1.0,0.0,0.0,0.0,0.0
40135,2.3311615,1277.4734,151.49597,1526.27,-215.96875,76561199780519055,0,1331.8680353279562,0.0,0.0,0.15503722,-0.09989930000000014,1.0989700000000084,-0.06658940000000024,0.49952000000001817,-0.09988410000000059,0.9987100000000169,0.0,0.0,0.15503722,1.8281166729725633,0.002051879265210938,485.2130281000001,15043.866991999987,1.1035012147888685,1.0,-1.0,1,7.0,3.15224278517501,0.22700063098892354,146.99714,2.65082856,0,1,2.674600063666667,1.5173661432028158,0.9990692,6.3603973,5.3613281,0.6357582395503996,-0.8522966457076624,21.335084873333326,160.01046855597536,-179.79916,179.90112,359.70028,-0.4168461375464896,-1.8075183802782255,-0.01191639966555184,0.08536563498919077,-0.43258660000000004,0.6660461,1.0986327,2.4513784096583797,19.826700284718044,-0.9832728762541804,20.81978054889161,-359.70028,2.39743,362.09771,-17.278991406765304,298.7084858195922,1.5260298970447703,20.787115718662985,0.0,359.70028154233427,359.70028154233427,17.281952283804966,298.77603747369733,0.0,0.0,0.0,0.0,1.0,0.0,0.0,0.0,0.0
40136,2.2312622,1277.652,152.56165,1528.0894,-215.96875,76561199780519055,0,1331.8680353279562,0.0,0.0,0.15503722,-0.09989929999999969,1.0656799999999862,4.440892098500626e-16,-0.033290000000022246,0.06658940000000069,-0.5328100000000404,0.0,0.0,0.15503722,1.8281450489499738,0.0020586384066258647,487.4442903000001,15196.428641999986,1.0703521535179252,-1.0,1.0,1,7.0,3.08276868421933,0.2191086326315483,148.04276399999998,2.57093812,0,0,2.674600063666667,1.5173661432028158,0.9990692,6.3603973,5.3613281,0.6357582395503996,-0.8522966457076624,21.335084873333326,160.01046855597536,-179.79916,179.90112,359.70028,-0.4168461375464896,-1.8075183802782255,-0.01191639966555184,0.08536563498919077,-0.43258660000000004,0.6660461,1.0986327,2.4513784096583797,19.826700284718044,-0.9832728762541804,20.81978054889161,-359.70028,2.39743,362.09771,-17.278991406765304,298.7084858195922,1.5260298970447703,20.787115718662985,0.0,359.70028154233427,359.70028154233427,17.281952283804966,298.77603747369733,0.0,0.0,0.0,0.0,1.0,0.0,0.0,0.0,0.0
40137,2.1979523,1277.8917,153.5274,1529.9017,-215.96875,76561199780519055,0,1331.8680353279562,0.0,0.0,0.15503722,-0.033309900000000336,0.9657500000000141,0.06658939999999935,-0.0999299999999721,0.06658939999999891,-0.06663999999994985,0.0,0.0,0.15503722,1.8280829795168734,0.0020557463132508504,489.6422426000001,15349.956041999987,0.9663242788722828,-1.0,1.0,0,7.0,3.024406114860117,0.20767475298264249,149.068404,2.49767305,1,0,2.674600063666667,1.5173661432028158,0.9990692,6.3603973,5.3613281,0.6357582395503996,-0.8522966457076624,21.335084873333326,160.01046855597536,-179.79916,179.90112,359.70028,-0.4168461375464896,-1.8075183802782255,-0.01191639966555184,0.08536563498919077,-0.43258660000000004,0.6660461,1.0986327,2.4513784096583797,19.826700284718044,-0.9832728762541804,20.81978054889161,-359.70028,2.39743,362.09771,-17.278991406765304,298.7084858195922,1.5260298970447703,20.787115718662985,0.0,359.70028154233427,359.70028154233427,17.281952283804966,298.77603747369733,0.0,0.0,0.0,0.0,1.0,0.0,0.0,0.0,0.0
40138,2.1646423,1278.1843,154.39328,1531.7063,-215.96875,76561199780519055,0,1331.8680353279562,0.0,0.0,0.15503722,-0.03330999999999973,0.8658800000000042,-9.99999993922529e-08,-0.0998700000000099,-0.06658949999999875,5.99999999622014e-05,0.0,0.0,0.15503722,1.828167366517789,0.002054590391231102,491.8068849000001,15504.349321999987,0.8665204732145728,-1.0,-1.0,0,6.0,2.9543144064322573,0.19545038122558353,150.07076899999998,2.43106843,0,0,2.674600063666667,1.5173661432028158,0.9990692,6.3603973,5.3613281,0.6357582395503996,-0.8522966457076624,21.335084873333326,160.01046855597536,-179.79916,179.90112,359.70028,-0.4168461375464896,-1.8075183802782255,-0.01191639966555184,0.08536563498919077,-0.43258660000000004,0.6660461,1.0986327,2.4513784096583797,19.826700284718044,-0.9832728762541804,20.81978054889161,-359.70028,2.39743,362.09771,-17.278991406765304,298.7084858195922,1.5260298970447703,20.787115718662985,0.0,359.70028154233427,359.70028154233427,17.281952283804966,298.77603747369733,0.0,0.0,0.0,0.0,1.0,0.0,0.0,0.0,0.0
40139,2.1646423,1278.523,155.12558,1533.5028,-215.96875,76561199780519055,0,1331.8680353279562,0.0,0.0,0.15503722,0.0,0.7323000000000093,0.03330999999999973,-0.13357999999999493,0.03331009999999912,-0.03370999999998503,0.0,0.0,0.15503722,1.828149321034728,0.0020590031029690758,493.97152720000014,15659.474901999987,0.7323000000000093,-1.0,1.0,0,5.0,2.8879241734120256,0.1804025668795145,151.023147,2.37445374,1,0,2.674600063666667,1.5173661432028158,0.9990692,6.3603973,5.3613281,0.6357582395503996,-0.8522966457076624,21.335084873333326,160.01046855597536,-179.79916,179.90112,359.70028,-0.4168461375464896,-1.8075183802782255,-0.01191639966555184,0.08536563498919077,-0.43258660000000004,0.6660461,1.0986327,2.4513784096583797,19.826700284718044,-0.9832728762541804,20.81978054889161,-359.70028,2.39743,362.09771,-17.278991406765304,298.7084858195922,1.5260298970447703,20.787115718662985,0.0,359.70028154233427,359.70028154233427,17.281952283804966,298.77603747369733,0.0,0.0,0.0,0.0,1.0,0.0,0.0,0.0,0.0
40140,2.098053,1278.9019,155.5585,1535.2913,-215.96875,76561199780519055,0,1331.8680353279562,0.0,0.0,0.15503722,-0.06658929999999996,0.43291999999999575,-0.06658929999999996,-0.2993800000000135,-0.09989929999999969,-0.1658000000000186,0.0,0.0,0.15503722,1.828195137287189,0.002059954605455861,496.06958020000013,15815.033401999986,0.43801125701799754,-1.0,-1.0,0,4.0,2.7914813749562164,0.17484979649316856,151.898928,2.32117004,0,0,2.674600063666667,1.5173661432028158,0.9990692,6.3603973,5.3613281,0.6357582395503996,-0.8522966457076624,21.335084873333326,160.01046855597536,-179.79916,179.90112,359.70028,-0.4168461375464896,-1.8075183802782255,-0.01191639966555184,0.08536563498919077,-0.43258660000000004,0.6660461,1.0986327,2.4513784096583797,19.826700284718044,-0.9832728762541804,20.81978054889161,-359.70028,2.39743,362.09771,-17.278991406765304,298.7084858195922,1.5260298970447703,20.787115718662985,0.0,359.70028154233427,359.70028154233427,17.281952283804966,298.77603747369733,0.0,0.0,0.0,0.0,1.0,0.0,0.0,0.0,0.0
40141,1.9981384,1279.3148,156.29117,1537.0721,-215.96875,76561199780519055,0,1331.8680353279562,0.0,0.0,0.15503722,-0.09991460000000019,0.7326699999999846,-0.033325300000000224,0.29974999999998886,0.03326399999999974,0.5991300000000024,0.0,0.0,0.15503722,1.8280413151786332,0.0020551772649882913,498.06771860000015,15971.324571999987,0.7394513210436083,1.0,-1.0,1,5.0,2.616965652423434,0.17229368121390795,152.784701,2.26122588,0,1,2.674600063666667,1.5173661432028158,0.9990692,6.3603973,5.3613281,0.6357582395503996,-0.8522966457076624,21.335084873333326,160.01046855597536,-179.79916,179.90112,359.70028,-0.4168461375464896,-1.8075183802782255,-0.01191639966555184,0.08536563498919077,-0.43258660000000004,0.6660461,1.0986327,2.4513784096583797,19.826700284718044,-0.9832728762541804,20.81978054889161,-359.70028,2.39743,362.09771,-17.278991406765304,298.7084858195922,1.5260298970447703,20.787115718662985,0.0,359.70028154233427,359.70028154233427,17.281952283804966,298.77603747369733,0.0,0.0,0.0,0.0,1.0,0.0,0.0,0.0,0.0
40142,1.9315338,1279.7568,156.8906,1538.8461,-215.96875,76561199780519055,0,1331.8680353279562,0.0,0.0,0.15503722,-0.06660460000000001,0.5994300000000123,0.03331000000000017,-0.13323999999997227,0.0666353000000004,-0.43298999999996113,0.0,0.0,0.15503722,1.828234120674813,0.0020858861945303084,499.99925240000016,16128.215171999987,0.6031189746983383,-1.0,1.0,1,5.0,2.4741086617335704,0.17229339321450937,153.60387,2.20128173,1,0,2.674600063666667,1.5173661432028158,0.9990692,6.3603973,5.3613281,0.6357582395503996,-0.8522966457076624,21.335084873333326,160.01046855597536,-179.79916,179.90112,359.70028,-0.4168461375464896,-1.8075183802782255,-0.01191639966555184,0.08536563498919077,-0.43258660000000004,0.6660461,1.0986327,2.4513784096583797,19.826700284718044,-0.9832728762541804,20.81978054889161,-359.70028,2.39743,362.09771,-17.278991406765304,298.7084858195922,1.5260298970447703,20.787115718662985,0.0,359.70028154233427,359.70028154233427,17.281952283804966,298.77603747369733,0.0,0.0,0.0,0.0,1.0,0.0,0.0,0.0,0.0
40143,1.8316345,1279.9685,157.52335,1540.6139,-215.96875,76561199780519055,0,1331.8680353279562,0.0,0.0,0.15503722,-0.09989929999999991,0.6327499999999873,-0.0332946999999999,0.033319999999974925,-0.06660470000000007,0.1665599999999472,0.0,0.0,0.15503722,1.7804307709091671,0.015005787304532614,501.83088690000017,16285.738521999987,0.6405875682843634,1.0,-1.0,1,5.0,2.356937183780519,0.18090908666457542,154.37645,2.13800811,0,1,2.674600063666667,1.5173661432028158,0.9990692,6.3603973,5.3613281,0.6357582395503996,-0.8522966457076624,21.335084873333326,160.01046855597536,-179.79916,179.90112,359.70028,-0.4168461375464896,-1.8075183802782255,-0.01191639966555184,0.08536563498919077,-0.43258660000000004,0.6660461,1.0986327,2.4513784096583797,19.826700284718044,-0.9832728762541804,20.81978054889161,-359.70028,2.39743,362.09771,-17.278991406765304,298.7084858195922,1.5260298970447703,20.787115718662985,0.0,359.70028154233427,359.70028154233427,17.281952283804966,298.77603747369733,0.0,0.0,0.0,0.0,1.0,0.0,0.0,0.0,0.0
40144,1.7983246,1279.968,157.85638,1542.3998,-215.96875,76561199780519055,0,1331.8680353279562,0.0,0.0,0.15503722,-0.033309900000000114,0.33303000000000793,0.0665893999999998,-0.29971999999997934,0.0998840999999997,-0.33303999999995426,0.0,0.0,0.15503722,1.7859000699925751,0.01900742130493025,503.62921150000017,16443.594901999986,0.3346916944562791,-1.0,1.0,1,6.0,2.126709286368774,0.17764583264678993,155.122388,2.07473449,1,0,2.674600063666667,1.5173661432028158,0.9990692,6.3603973,5.3613281,0.6357582395503996,-0.8522966457076624,21.335084873333326,160.01046855597536,-179.79916,179.90112,359.70028,-0.4168461375464896,-1.8075183802782255,-0.01191639966555184,0.08536563498919077,-0.43258660000000004,0.6660461,1.0986327,2.4513784096583797,19.826700284718044,-0.9832728762541804,20.81978054889161,-359.70028,2.39743,362.09771,-17.278991406765304,298.7084858195922,1.5260298970447703,20.787115718662985,0.0,359.70028154233427,359.70028154233427,17.281952283804966,298.77603747369733,0.0,0.0,0.0,0.0,1.0,0.0,0.0,0.0,0.0
40145,1.7650146,1279.9675,158.55573,1544.203,-215.96875,76561199780519055,0,1331.8680353279562,0.0,0.0,0.15503722,-0.03330999999999995,0.6993500000000097,-9.999999983634211e-08,0.36632000000000176,-0.06658949999999964,0.6660399999999811,0.0,0.0,0.15503722,1.8032000693212662,0.01933123140374355,505.39422610000014,16602.150631999986,0.7001428272859856,1.0,-1.0,1,6.0,1.9538833170843288,0.17705672169519768,155.828364,2.0181198,0,1,2.674600063666667,1.5173661432028158,0.9990692,6.3603973,5.3613281,0.6357582395503996,-0.8522966457076624,21.335084873333326,160.01046855597536,-179.79916,179.90112,359.70028,-0.4168461375464896,-1.8075183802782255,-0.01191639966555184,0.08536563498919077,-0.43258660000000004,0.6660461,1.0986327,2.4513784096583797,19.826700284718044,-0.9832728762541804,20.81978054889161,-359.70028,2.39743,362.09771,-17.278991406765304,298.7084858195922,1.5260298970447703,20.787115718662985,0.0,359.70028154233427,359.70028154233427,17.281952283804966,298.77603747369733,0.0,0.0,0.0,0.0,1.0,0.0,0.0,0.0,0.0
40146,1.6984253,1279.9683,159.22177,1546.0231,-215.96875,76561199780519055,0,1331.8680353279562,0.0,0.0,0.15503722,-0.06658929999999996,0.6660399999999811,-0.03327930000000001,-0.033310000000028595,-0.033279200000000175,-0.39963000000003035,0.0,0.0,0.15503722,1.8201001758146458,0.01896382071886152,507.09265140000014,16761.372401999986,0.6693604533242644,-1.0,-1.0,1,6.0,1.8489337537745998,0.18574926909662945,156.49437600000002,1.9648361099999998,0,0,2.674600063666667,1.5173661432028158,0.9990692,6.3603973,5.3613281,0.6357582395503996,-0.8522966457076624,21.335084873333326,160.01046855597536,-179.79916,179.90112,359.70028,-0.4168461375464896,-1.8075183802782255,-0.01191639966555184,0.08536563498919077,-0.43258660000000004,0.6660461,1.0986327,2.4513784096583797,19.826700284718044,-0.9832728762541804,20.81978054889161,-359.70028,2.39743,362.09771,-17.278991406765304,298.7084858195922,1.5260298970447703,20.787115718662985,0.0,359.70028154233427,359.70028154233427,17.281952283804966,298.77603747369733,0.0,0.0,0.0,0.0,1.0,0.0,0.0,0.0,0.0
40147,1.5985107,1279.9678,159.88782,1547.8502,-215.96875,76561199780519055,0,1331.8680353279562,0.0,0.0,0.15503722,-0.09991459999999996,0.6660500000000127,-0.0333253,1.0000000031595846e-05,-4.599999999999049e-05,0.03332000000006019,0.0,0.0,0.15503722,1.827100068414399,0.01889579720195203,508.69116210000016,16921.260221999986,0.6735024348828865,1.0,-1.0,1,7.0,1.8084378025597032,0.19845045379973542,157.13041800000002,1.9048919500000001,0,1,2.674600063666667,1.5173661432028158,0.9990692,6.3603973,5.3613281,0.6357582395503996,-0.8522966457076624,21.335084873333326,160.01046855597536,-179.79916,179.90112,359.70028,-0.4168461375464896,-1.8075183802782255,-0.01191639966555184,0.08536563498919077,-0.43258660000000004,0.6660461,1.0986327,2.4513784096583797,19.826700284718044,-0.9832728762541804,20.81978054889161,-359.70028,2.39743,362.09771,-17.278991406765304,298.7084858195922,1.5260298970447703,20.787115718662985,0.0,359.70028154233427,359.70028154233427,17.281952283804966,298.77603747369733,0.0,0.0,0.0,0.0,1.0,0.0,0.0,0.0,0.0
40148,1.5319061,1279.9673,160.55353,1549.6775,-215.96875,76561199780519055,0,1331.8680353279562,0.0,0.0,0.15503722,-0.06660460000000001,0.66570999999999,0.03330999999999995,-0.0003400000000226555,0.06663529999999995,-0.00035000000005425136,0.0,0.0,0.15503722,1.8273000684068608,0.018834369970657787,510.22306820000017,17081.813751999987,0.6690336141339587,-1.0,1.0,1,8.0,1.8216271389060719,0.20711133173997356,157.746443,1.84161833,1,0,2.674600063666667,1.5173661432028158,0.9990692,6.3603973,5.3613281,0.6357582395503996,-0.8522966457076624,21.335084873333326,160.01046855597536,-179.79916,179.90112,359.70028,-0.4168461375464896,-1.8075183802782255,-0.01191639966555184,0.08536563498919077,-0.43258660000000004,0.6660461,1.0986327,2.4513784096583797,19.826700284718044,-0.9832728762541804,20.81978054889161,-359.70028,2.39743,362.09771,-17.278991406765304,298.7084858195922,1.5260298970447703,20.787115718662985,0.0,359.70028154233427,359.70028154233427,17.281952283804966,298.77603747369733,0.0,0.0,0.0,0.0,1.0,0.0,0.0,0.0,0.0
40149,1.4320068,1279.9683,161.21954,1551.5048,-215.96875,76561199780519055,0,1331.8680353279562,0.0,0.0,0.15503722,-0.09989930000000014,0.66601,-0.03329470000000012,0.00030000000000995897,-0.06660470000000007,0.0006400000000326145,0.0,0.0,0.15503722,1.8273002736276591,0.018773654270309397,511.6550750000002,17243.033291999986,0.6734606077867435,1.0,-1.0,1,9.0,1.866213455615151,0.20971344903206168,158.355839,1.76835478,0,1,2.674600063666667,1.5173661432028158,0.9990692,6.3603973,5.3613281,0.6357582395503996,-0.8522966457076624,21.335084873333326,160.01046855597536,-179.79916,179.90112,359.70028,-0.4168461375464896,-1.8075183802782255,-0.01191639966555184,0.08536563498919077,-0.43258660000000004,0.6660461,1.0986327,2.4513784096583797,19.826700284718044,-0.9832728762541804,20.81978054889161,-359.70028,2.39743,362.09771,-17.278991406765304,298.7084858195922,1.5260298970447703,20.787115718662985,0.0,359.70028154233427,359.70028154233427,17.281952283804966,298.77603747369733,0.0,0.0,0.0,0.0,1.0,0.0,0.0,0.0,0.0
40150,1.365387,1279.9678,161.55258,1553.332,-215.96875,76561199780519055,0,1331.8680353279562,0.0,0.0,0.15503722,-0.0666198,0.3330400000000111,0.03327950000000013,-0.3329699999999889,0.06657420000000025,-0.33326999999999884,0.0,0.0,0.15503722,1.8272000684108571,0.01870186131178091,513.0204620000002,17404.585871999985,0.3396378061288928,-1.0,1.0,1,10.0,1.8301767368447979,0.2097140235430867,158.955247,1.6950881800000002,0,0,2.674600063666667,1.5173661432028158,0.9990692,6.3603973,5.3613281,0.6357582395503996,-0.8522966457076624,21.335084873333326,160.01046855597536,-179.79916,179.90112,359.70028,-0.4168461375464896,-1.8075183802782255,-0.01191639966555184,0.08536563498919077,-0.43258660000000004,0.6660461,1.0986327,2.4513784096583797,19.826700284718044,-0.9832728762541804,20.81978054889161,-359.70028,2.39743,362.09771,-17.278991406765304,298.7084858195922,1.5260298970447703,20.787115718662985,0.0,359.70028154233427,359.70028154233427,17.281952283804966,298.77603747369733,0.0,0.0,0.0,0.0,1.0,0.0,0.0,0.0,0.0
40151,1.2987976,1279.9683,162.15204,1555.1594,-215.96875,76561199780519055,0,1331.8680353279562,0.0,0.0,0.15503722,-0.0665893999999998,0.5994599999999934,3.040000000020804e-05,0.26641999999998234,-0.03324909999999992,0.5993899999999712,0.0,0.0,0.15503722,1.8274000684030922,0.01865504911855797,514.3192596000001,17566.737911999986,0.6031471128939873,1.0,1.0,1,10.0,1.820656825923002,0.21398825968208354,159.54133399999998,1.6251541,1,1,2.674600063666667,1.5173661432028158,0.9990692,6.3603973,5.3613281,0.6357582395503996,-0.8522966457076624,21.335084873333326,160.01046855597536,-179.79916,179.90112,359.70028,-0.4168461375464896,-1.8075183802782255,-0.01191639966555184,0.08536563498919077,-0.43258660000000004,0.6660461,1.0986327,2.4513784096583797,19.826700284718044,-0.9832728762541804,20.81978054889161,-359.70028,2.39743,362.09771,-17.278991406765304,298.7084858195922,1.5260298970447703,20.787115718662985,0.0,359.70028154233427,359.70028154233427,17.281952283804966,298.77603747369733,0.0,0.0,0.0,0.0,1.0,0.0,0.0,0.0,0.0
40152,1.2321777,1279.9678,162.58496,1556.9868,-215.96875,76561199780519055,0,1331.8680353279562,0.0,0.0,0.15503722,-0.06661990000000007,0.43291999999999575,-3.0500000000266425e-05,-0.1665399999999977,-6.0900000000474463e-05,-0.43295999999998,0.0,0.0,0.15503722,1.8274000684030922,0.018593137299977303,515.5514373000001,17729.322871999986,0.4380159100717762,-1.0,-1.0,1,10.0,1.7897180537782862,0.21699227135751858,160.11077,1.5552184900000001,0,0,2.674600063666667,1.5173661432028158,0.9990692,6.3603973,5.3613281,0.6357582395503996,-0.8522966457076624,21.335084873333326,160.01046855597536,-179.79916,179.90112,359.70028,-0.4168461375464896,-1.8075183802782255,-0.01191639966555184,0.08536563498919077,-0.43258660000000004,0.6660461,1.0986327,2.4513784096583797,19.826700284718044,-0.9832728762541804,20.81978054889161,-359.70028,2.39743,362.09771,-17.278991406765304,298.7084858195922,1.5260298970447703,20.787115718662985,0.0,359.70028154233427,359.70028154233427,17.281952283804966,298.77603747369733,0.0,0.0,0.0,0.0,1.0,0.0,0.0,0.0,0.0
40153,1.1655884,1279.9683,163.05118,1558.8142,-215.96875,76561199780519055,0,1331.8680353279562,0.0,0.0,0.15503722,-0.06658929999999996,0.46621999999999275,3.060000000010277e-05,0.033299999999997,6.110000000036919e-05,0.1998399999999947,0.0,0.0,0.15503722,1.8274000684033198,0.014213310897299202,516.7170257000001,17892.374051999985,0.47095140224282506,1.0,1.0,1,10.0,1.7551003348649894,0.22479987845405622,160.663553,1.48861388,0,0,2.674600063666667,1.5173661432028158,0.9990692,6.3603973,5.3613281,0.6357582395503996,-0.8522966457076624,21.335084873333326,160.01046855597536,-179.79916,179.90112,359.70028,-0.4168461375464896,-1.8075183802782255,-0.01191639966555184,0.08536563498919077,-0.43258660000000004,0.6660461,1.0986327,2.4513784096583797,19.826700284718044,-0.9832728762541804,20.81978054889161,-359.70028,2.39743,362.09771,-17.278991406765304,298.7084858195922,1.5260298970447703,20.787115718662985,0.0,359.70028154233427,359.70028154233427,17.281952283804966,298.77603747369733,0.0,0.0,0.0,0.0,1.0,0.0,0.0,0.0,0.0
40154,1.1322784,1279.9678,163.61731,1560.6417,-215.96875,76561199780519055,0,1331.8680353279562,0.0,0.0,0.15503722,-0.03331000000000017,0.5661300000000153,0.03327929999999979,0.09991000000002259,0.03324869999999969,0.0666100000000256,0.0,0.0,0.15503722,1.8275000683993243,0.007717579927809292,517.8493041000002,18055.991361999986,0.5671091014963676,1.0,1.0,0,9.0,1.6749468776192564,0.22148673357489748,161.23964600000002,1.42200926,1,0,2.674600063666667,1.5173661432028158,0.9990692,6.3603973,5.3613281,0.6357582395503996,-0.8522966457076624,21.335084873333326,160.01046855597536,-179.79916,179.90112,359.70028,-0.4168461375464896,-1.8075183802782255,-0.01191639966555184,0.08536563498919077,-0.43258660000000004,0.6660461,1.0986327,2.4513784096583797,19.826700284718044,-0.9832728762541804,20.81978054889161,-359.70028,2.39743,362.09771,-17.278991406765304,298.7084858195922,1.5260298970447703,20.787115718662985,0.0,359.70028154233427,359.70028154233427,17.281952283804966,298.77603747369733,0.0,0.0,0.0,0.0,1.0,0.0,0.0,0.0,0.0
40155,1.0656738,1279.9683,164.28339,1562.4692,-215.96875,76561199780519055,0,1331.8680353279562,0.0,0.0,0.15503722,-0.06660460000000001,0.6660799999999938,-0.03329459999999984,0.09994999999997844,-0.06657389999999963,3.999999995585313e-05,0.0,0.0,0.15503722,1.8275000683995517,0.0022943137079049778,518.9149779000002,18220.274751999987,0.6694017770675185,1.0,-1.0,0,8.0,1.6339926193406784,0.2113243688102711,161.812412,1.35207518,0,1,2.674600063666667,1.5173661432028158,0.9990692,6.3603973,5.3613281,0.6357582395503996,-0.8522966457076624,21.335084873333326,160.01046855597536,-179.79916,179.90112,359.70028,-0.4168461375464896,-1.8075183802782255,-0.01191639966555184,0.08536563498919077,-0.43258660000000004,0.6660461,1.0986327,2.4513784096583797,19.826700284718044,-0.9832728762541804,20.81978054889161,-359.70028,2.39743,362.09771,-17.278991406765304,298.7084858195922,1.5260298970447703,20.787115718662985,0.0,359.70028154233427,359.70028154233427,17.281952283804966,298.77603747369733,0.0,0.0,0.0,0.0,1.0,0.0,0.0,0.0,0.0
40156,1.0323792,1279.9678,164.6164,1564.2968,-215.96875,76561199780519055,0,1331.8680353279562,0.0,0.0,0.15503722,-0.03329459999999984,0.3330100000000016,0.03331000000000017,-0.3330699999999922,0.06660460000000001,-0.43301999999997065,0.0,0.0,0.15503722,1.8276000683957838,0.0001494327382514711,519.9473571000002,18384.891151999986,0.3346702712957353,-1.0,1.0,1,8.0,1.5730404518648295,0.19430996799191314,162.351875,1.28547057,0,0,2.674600063666667,1.5173661432028158,0.9990692,6.3603973,5.3613281,0.6357582395503996,-0.8522966457076624,21.335084873333326,160.01046855597536,-179.79916,179.90112,359.70028,-0.4168461375464896,-1.8075183802782255,-0.01191639966555184,0.08536563498919077,-0.43258660000000004,0.6660461,1.0986327,2.4513784096583797,19.826700284718044,-0.9832728762541804,20.81978054889161,-359.70028,2.39743,362.09771,-17.278991406765304,298.7084858195922,1.5260298970447703,20.787115718662985,0.0,359.70028154233427,359.70028154233427,17.281952283804966,298.77603747369733,0.0,0.0,0.0,0.0,1.0,0.0,0.0,0.0,0.0
40157,1.0323792,1279.9683,165.31573,1566.1244,-215.96875,76561199780519055,0,1331.8680353279562,0.0,0.0,0.15503722,0.0,0.6993300000000033,0.03329459999999984,0.36632000000000176,-1.5400000000331815e-05,0.699389999999994,0.0,0.0,0.15503722,1.8276000683955567,0.00013163534250769772,520.9797363000002,18550.206881999984,0.6993300000000033,1.0,1.0,1,8.0,1.5647774101562484,0.1744253753194578,162.894666,1.22885742,1,1,2.674600063666667,1.5173661432028158,0.9990692,6.3603973,5.3613281,0.6357582395503996,-0.8522966457076624,21.335084873333326,160.01046855597536,-179.79916,179.90112,359.70028,-0.4168461375464896,-1.8075183802782255,-0.01191639966555184,0.08536563498919077,-0.43258660000000004,0.6660461,1.0986327,2.4513784096583797,19.826700284718044,-0.9832728762541804,20.81978054889161,-359.70028,2.39743,362.09771,-17.278991406765304,298.7084858195922,1.5260298970447703,20.787115718662985,0.0,359.70028154233427,359.70028154233427,17.281952283804966,298.77603747369733,0.0,0.0,0.0,0.0,1.0,0.0,0.0,0.0,0.0
40158,0.9990692,1279.9678,165.91519,1567.952,-215.96875,76561199780519055,0,1331.8680353279562,0.0,0.0,0.15503722,-0.03331000000000006,0.5994599999999934,-0.03331000000000006,-0.0998700000000099,-0.0666045999999999,-0.46619000000001165,0.0,0.0,0.15503722,1.8276000683957838,0.00013537538618461713,521.9788055000002,18716.122071999984,0.6003847497230357,-1.0,-1.0,1,8.0,1.5918075944080847,0.1514340749115571,163.43083199999998,1.17557373,0,0,2.674600063666667,1.5173661432028158,0.9990692,6.3603973,5.3613281,0.6357582395503996,-0.8522966457076624,21.335084873333326,160.01046855597536,-179.79916,179.90112,359.70028,-0.4168461375464896,-1.8075183802782255,-0.01191639966555184,0.08536563498919077,-0.43258660000000004,0.6660461,1.0986327,2.4513784096583797,19.826700284718044,-0.9832728762541804,20.81978054889161,-359.70028,2.39743,362.09771,-17.278991406765304,298.7084858195922,1.5260298970447703,20.787115718662985,0.0,359.70028154233427,359.70028154233427,17.281952283804966,298.77603747369733,0.0,0.0,0.0,0.0,1.0,0.0,0.0,0.0,0.0
40159,1.0323792,1279.9683,166.58087,1569.7797,-215.96875,76561199780519055,0,1331.8680353279562,0.0,0.0,0.15503722,0.03331000000000006,0.6656800000000089,0.06662000000000012,0.06622000000001549,0.09993000000000019,0.16609000000002538,0.0,0.0,0.15503722,1.8277000683920166,0.00014491376101774352,523.0111847000003,18882.702941999985,0.666512879470466,1.0,1.0,1,8.0,1.665439678811135,0.12700264370082767,163.96696500000002,1.13561097,1,1,2.674600063666667,1.5173661432028158,0.9990692,6.3603973,5.3613281,0.6357582395503996,-0.8522966457076624,21.335084873333326,160.01046855597536,-179.79916,179.90112,359.70028,-0.4168461375464896,-1.8075183802782255,-0.01191639966555184,0.08536563498919077,-0.43258660000000004,0.6660461,1.0986327,2.4513784096583797,19.826700284718044,-0.9832728762541804,20.81978054889161,-359.70028,2.39743,362.09771,-17.278991406765304,298.7084858195922,1.5260298970447703,20.787115718662985,0.0,359.70028154233427,359.70028154233427,17.281952283804966,298.77603747369733,0.0,0.0,0.0,0.0,1.0,0.0,0.0,0.0,0.0
40160,1.0323792,1279.9678,166.91391,1571.6074,-215.96875,76561199780519055,0,1331.8680353279562,0.0,0.0,0.15503722,0.0,0.3330399999999827,-0.03331000000000006,-0.33264000000002625,-0.09993000000000019,-0.39886000000004174,0.0,0.0,0.15503722,1.8277000683920166,0.00011737877348362356,524.0435639000003,19049.616851999985,0.3330399999999827,-1.0,-1.0,1,8.0,1.6648005513419535,0.10107060153492525,164.503098,1.10231019,0,0,2.674600063666667,1.5173661432028158,0.9990692,6.3603973,5.3613281,0.6357582395503996,-0.8522966457076624,21.335084873333326,160.01046855597536,-179.79916,179.90112,359.70028,-0.4168461375464896,-1.8075183802782255,-0.01191639966555184,0.08536563498919077,-0.43258660000000004,0.6660461,1.0986327,2.4513784096583797,19.826700284718044,-0.9832728762541804,20.81978054889161,-359.70028,2.39743,362.09771,-17.278991406765304,298.7084858195922,1.5260298970447703,20.787115718662985,0.0,359.70028154233427,359.70028154233427,17.281952283804966,298.77603747369733,0.0,0.0,0.0,0.0,1.0,0.0,0.0,0.0,0.0
40161,1.0656738,1279.9683,167.44675,1573.4352,-215.96875,76561199780519055,0,1331.8680353279562,0.0,0.0,0.15503722,0.03329459999999984,0.5328400000000215,0.03329459999999984,0.19980000000003884,0.0666045999999999,0.5324400000000651,0.0,0.0,0.15503722,1.8278000683880224,0.00013165611166996252,525.1092377000003,19217.063601999984,0.5338791960632882,1.0,1.0,1,8.0,1.6759165273918264,0.07396519498518375,165.03256900000002,1.0789978100000002,0,1,2.674600063666667,1.5173661432028158,0.9990692,6.3603973,5.3613281,0.6357582395503996,-0.8522966457076624,21.335084873333326,160.01046855597536,-179.79916,179.90112,359.70028,-0.4168461375464896,-1.8075183802782255,-0.01191639966555184,0.08536563498919077,-0.43258660000000004,0.6660461,1.0986327,2.4513784096583797,19.826700284718044,-0.9832728762541804,20.81978054889161,-359.70028,2.39743,362.09771,-17.278991406765304,298.7084858195922,1.5260298970447703,20.787115718662985,0.0,359.70028154233427,359.70028154233427,17.281952283804966,298.77603747369733,0.0,0.0,0.0,0.0,1.0,0.0,0.0,0.0,0.0
40162,1.0989685,1279.9678,167.94629,1575.263,-215.96875,76561199780519055,0,1331.8680353279562,0.0,0.0,0.15503722,0.03329470000000012,0.4995399999999961,1.0000000028043132e-07,-0.03330000000002542,-0.03329449999999956,-0.23310000000006426,0.0,0.0,0.15503722,1.8278000683882498,0.000131656111658494,526.2082062000003,19385.009891999984,0.5006483283184776,-1.0,1.0,1,8.0,1.6634255209301319,0.05206612386077192,165.56870199999997,1.0656768900000002,1,0,2.674600063666667,1.5173661432028158,0.9990692,6.3603973,5.3613281,0.6357582395503996,-0.8522966457076624,21.335084873333326,160.01046855597536,-179.79916,179.90112,359.70028,-0.4168461375464896,-1.8075183802782255,-0.01191639966555184,0.08536563498919077,-0.43258660000000004,0.6660461,1.0986327,2.4513784096583797,19.826700284718044,-0.9832728762541804,20.81978054889161,-359.70028,2.39743,362.09771,-17.278991406765304,298.7084858195922,1.5260298970447703,20.787115718662985,0.0,359.70028154233427,359.70028154233427,17.281952283804966,298.77603747369733,0.0,0.0,0.0,0.0,1.0,0.0,0.0,0.0,0.0
40163,1.0989685,1279.9683,168.2127,1577.0907,-215.96875,76561199780519055,0,1331.8680353279562,0.0,0.0,0.15503722,0.0,0.2664100000000076,-0.03329470000000012,-0.2331299999999885,-0.0332948000000004,-0.1998299999999631,0.0,0.0,0.15503722,1.8277000683920166,0.0001080123395816975,527.3071747000002,19553.222591999984,0.2664100000000076,-1.0,-1.0,0,7.0,1.5948367978369888,0.04093372915563048,166.084854,1.0590149,0,0,2.674600063666667,1.5173661432028158,0.9990692,6.3603973,5.3613281,0.6357582395503996,-0.8522966457076624,21.335084873333326,160.01046855597536,-179.79916,179.90112,359.70028,-0.4168461375464896,-1.8075183802782255,-0.01191639966555184,0.08536563498919077,-0.43258660000000004,0.6660461,1.0986327,2.4513784096583797,19.826700284718044,-0.9832728762541804,20.81978054889161,-359.70028,2.39743,362.09771,-17.278991406765304,298.7084858195922,1.5260298970447703,20.787115718662985,0.0,359.70028154233427,359.70028154233427,17.281952283804966,298.77603747369733,0.0,0.0,0.0,0.0,1.0,0.0,0.0,0.0,0.0
40164,1.1322784,1279.9678,168.64563,1578.9185,-215.96875,76561199780519055,0,1331.8680353279562,0.0,0.0,0.15503722,0.03330989999999989,0.4329299999999989,0.03330989999999989,0.16651999999999134,0.06660460000000001,0.39964999999997985,0.0,0.0,0.15503722,1.8278000683882498,0.00010327955060284865,528.4394531000003,19721.868221999983,0.434209551182386,1.0,1.0,1,8.0,1.5214006643592108,0.04093372915563048,166.587686,1.0590149,1,1,2.674600063666667,1.5173661432028158,0.9990692,6.3603973,5.3613281,0.6357582395503996,-0.8522966457076624,21.335084873333326,160.01046855597536,-179.79916,179.90112,359.70028,-0.4168461375464896,-1.8075183802782255,-0.01191639966555184,0.08536563498919077,-0.43258660000000004,0.6660461,1.0986327,2.4513784096583797,19.826700284718044,-0.9832728762541804,20.81978054889161,-359.70028,2.39743,362.09771,-17.278991406765304,298.7084858195922,1.5260298970447703,20.787115718662985,0.0,359.70028154233427,359.70028154233427,17.281952283804966,298.77603747369733,0.0,0.0,0.0,0.0,1.0,0.0,0.0,0.0,0.0
40165,1.1322784,1279.9683,168.91205,1580.7463,-215.96875,76561199780519055,0,1331.8680353279562,0.0,0.0,0.15503722,0.0,0.26641999999998234,-0.03330989999999989,-0.1665100000000166,-0.06661979999999978,-0.33303000000000793,0.0,0.0,0.15503722,1.8278000683882498,8.755949863845922e-05,529.5717315000003,19890.78027199998,0.26641999999998234,-1.0,-1.0,1,9.0,1.4446213822672243,0.047092950465839556,167.050552,1.06567536,0,0,2.674600063666667,1.5173661432028158,0.9990692,6.3603973,5.3613281,0.6357582395503996,-0.8522966457076624,21.335084873333326,160.01046855597536,-179.79916,179.90112,359.70028,-0.4168461375464896,-1.8075183802782255,-0.01191639966555184,0.08536563498919077,-0.43258660000000004,0.6660461,1.0986327,2.4513784096583797,19.826700284718044,-0.9832728762541804,20.81978054889161,-359.70028,2.39743,362.09771,-17.278991406765304,298.7084858195922,1.5260298970447703,20.787115718662985,0.0,359.70028154233427,359.70028154233427,17.281952283804966,298.77603747369733,0.0,0.0,0.0,0.0,1.0,0.0,0.0,0.0,0.0
40166,1.1322784,1279.9678,169.04526,1582.5742,-215.96875,76561199780519055,0,1331.8680353279562,0.0,0.0,0.15503722,0.0,0.1332100000000196,0.0,-0.13320999999996275,0.03330989999999989,0.03330000000005384,0.0,0.0,0.15503722,1.8279000683844835,9.660917319789802e-05,530.7040099000003,20059.82553199998,0.1332100000000196,-1.0,0.0,0,8.0,1.285589462686376,0.04976506974735672,167.493438,1.07566528,0,0,2.674600063666667,1.5173661432028158,0.9990692,6.3603973,5.3613281,0.6357582395503996,-0.8522966457076624,21.335084873333326,160.01046855597536,-179.79916,179.90112,359.70028,-0.4168461375464896,-1.8075183802782255,-0.01191639966555184,0.08536563498919077,-0.43258660000000004,0.6660461,1.0986327,2.4513784096583797,19.826700284718044,-0.9832728762541804,20.81978054889161,-359.70028,2.39743,362.09771,-17.278991406765304,298.7084858195922,1.5260298970447703,20.787115718662985,0.0,359.70028154233427,359.70028154233427,17.281952283804966,298.77603747369733,0.0,0.0,0.0,0.0,1.0,0.0,0.0,0.0,0.0
40167,1.1655884,1279.9683,169.24506,1584.4021,-215.96875,76561199780519055,0,1331.8680353279562,0.0,0.0,0.15503722,0.03331000000000017,0.199799999999982,0.03331000000000017,0.0665899999999624,0.03331000000000017,0.19979999999992515,0.0,0.0,0.15503722,1.8279000683844835,9.486832470448039e-05,531.8695983000003,20229.070591999982,0.20255763648895792,1.0,1.0,1,8.0,1.1380522577271885,0.05449472267511237,167.886371,1.0889862,1,1,2.674600063666667,1.5173661432028158,0.9990692,6.3603973,5.3613281,0.6357582395503996,-0.8522966457076624,21.335084873333326,160.01046855597536,-179.79916,179.90112,359.70028,-0.4168461375464896,-1.8075183802782255,-0.01191639966555184,0.08536563498919077,-0.43258660000000004,0.6660461,1.0986327,2.4513784096583797,19.826700284718044,-0.9832728762541804,20.81978054889161,-359.70028,2.39743,362.09771,-17.278991406765304,298.7084858195922,1.5260298970447703,20.787115718662985,0.0,359.70028154233427,359.70028154233427,17.281952283804966,298.77603747369733,0.0,0.0,0.0,0.0,1.0,0.0,0.0,0.0,0.0
40168,1.1655884,1279.9678,169.41159,1586.23,-215.96875,76561199780519055,0,1331.8680353279562,0.0,0.0,0.15503722,0.0,0.16652999999999452,-0.03331000000000017,-0.033269999999987476,-0.06662000000000035,-0.09985999999994988,0.0,0.0,0.15503722,1.8279000683844835,8.164965325230725e-05,533.0351867000004,20398.48218199998,0.16652999999999452,-1.0,-1.0,1,8.0,0.9930158127341705,0.04914495447586275,168.23601100000002,1.10563812,0,0,2.674600063666667,1.5173661432028158,0.9990692,6.3603973,5.3613281,0.6357582395503996,-0.8522966457076624,21.335084873333326,160.01046855597536,-179.79916,179.90112,359.70028,-0.4168461375464896,-1.8075183802782255,-0.01191639966555184,0.08536563498919077,-0.43258660000000004,0.6660461,1.0986327,2.4513784096583797,19.826700284718044,-0.9832728762541804,20.81978054889161,-359.70028,2.39743,362.09771,-17.278991406765304,298.7084858195922,1.5260298970447703,20.787115718662985,0.0,359.70028154233427,359.70028154233427,17.281952283804966,298.77603747369733,0.0,0.0,0.0,0.0,1.0,0.0,0.0,0.0,0.0
40169,1.198883,1279.9683,169.51147,1588.0579,-215.96875,76561199780519055,0,1331.8680353279562,0.0,0.0,0.15503722,0.03329459999999984,0.09988000000001307,0.03329459999999984,-0.06664999999998145,0.06660460000000001,-0.03337999999999397,0.0,0.0,0.15503722,1.8279000683844835,7.888105898299184e-05,534.2340697000004,20567.993651999983,0.10528316479457957,-1.0,1.0,0,7.0,0.8757971564910669,0.04976882748056764,168.529071,1.1222885,1,0,2.674600063666667,1.5173661432028158,0.9990692,6.3603973,5.3613281,0.6357582395503996,-0.8522966457076624,21.335084873333326,160.01046855597536,-179.79916,179.90112,359.70028,-0.4168461375464896,-1.8075183802782255,-0.01191639966555184,0.08536563498919077,-0.43258660000000004,0.6660461,1.0986327,2.4513784096583797,19.826700284718044,-0.9832728762541804,20.81978054889161,-359.70028,2.39743,362.09771,-17.278991406765304,298.7084858195922,1.5260298970447703,20.787115718662985,0.0,359.70028154233427,359.70028154233427,17.281952283804966,298.77603747369733,0.0,0.0,0.0,0.0,1.0,0.0,0.0,0.0,0.0
40170,1.198883,1279.9678,169.81122,1589.8857,-215.96875,76561199780519055,0,1331.8680353279562,0.0,0.0,0.15503722,0.0,0.29974999999998886,-0.03329459999999984,0.1998699999999758,-0.06658919999999968,0.26651999999995724,0.0,0.0,0.15503722,1.8278000683882498,6.749485110493624e-05,535.4329527000004,20737.804871999982,0.29974999999998886,1.0,-1.0,1,7.0,0.7526919402702464,0.04384709462239773,168.818802,1.13893888,0,0,2.674600063666667,1.5173661432028158,0.9990692,6.3603973,5.3613281,0.6357582395503996,-0.8522966457076624,21.335084873333326,160.01046855597536,-179.79916,179.90112,359.70028,-0.4168461375464896,-1.8075183802782255,-0.01191639966555184,0.08536563498919077,-0.43258660000000004,0.6660461,1.0986327,2.4513784096583797,19.826700284718044,-0.9832728762541804,20.81978054889161,-359.70028,2.39743,362.09771,-17.278991406765304,298.7084858195922,1.5260298970447703,20.787115718662985,0.0,359.70028154233427,359.70028154233427,17.281952283804966,298.77603747369733,0.0,0.0,0.0,0.0,1.0,0.0,0.0,0.0,0.0
40171,1.2321777,1279.9683,170.14423,1591.7136,-215.96875,76561199780519055,0,1331.8680353279562,0.0,0.0,0.15503722,0.03329470000000012,0.3330100000000016,0.03329470000000012,0.033260000000012724,0.06658929999999996,-0.16660999999996307,0.0,0.0,0.15503722,1.8279000683844835,6.9920585183413e-05,536.6651304000004,20907.949101999984,0.3346702812442286,1.0,1.0,0,6.0,0.6868203120960775,0.0445426887597024,169.08855,1.15558927,1,0,2.674600063666667,1.5173661432028158,0.9990692,6.3603973,5.3613281,0.6357582395503996,-0.8522966457076624,21.335084873333326,160.01046855597536,-179.79916,179.90112,359.70028,-0.4168461375464896,-1.8075183802782255,-0.01191639966555184,0.08536563498919077,-0.43258660000000004,0.6660461,1.0986327,2.4513784096583797,19.826700284718044,-0.9832728762541804,20.81978054889161,-359.70028,2.39743,362.09771,-17.278991406765304,298.7084858195922,1.5260298970447703,20.787115718662985,0.0,359.70028154233427,359.70028154233427,17.281952283804966,298.77603747369733,0.0,0.0,0.0,0.0,1.0,0.0,0.0,0.0,0.0
40172,1.2321777,1279.9683,170.47726,1593.5416,-215.96875,76561199780519055,0,1331.8680353279562,0.0,0.0,0.15503722,0.0,0.33303000000000793,-0.03329470000000012,2.0000000006348273e-05,-0.06658940000000024,-0.033240000000006376,0.0,0.0,0.15503722,1.8279999999999745,8.431478727970698e-05,537.8973081000004,21078.426361999984,0.33303000000000793,1.0,-1.0,0,5.0,0.685458152736753,0.04563364623157966,169.34164700000002,1.1689101899999998,0,1,2.674600063666667,1.5173661432028158,0.9990692,6.3603973,5.3613281,0.6357582395503996,-0.8522966457076624,21.335084873333326,160.01046855597536,-179.79916,179.90112,359.70028,-0.4168461375464896,-1.8075183802782255,-0.01191639966555184,0.08536563498919077,-0.43258660000000004,0.6660461,1.0986327,2.4513784096583797,19.826700284718044,-0.9832728762541804,20.81978054889161,-359.70028,2.39743,362.09771,-17.278991406765304,298.7084858195922,1.5260298970447703,20.787115718662985,0.0,359.70028154233427,359.70028154233427,17.281952283804966,298.77603747369733,0.0,0.0,0.0,0.0,1.0,0.0,0.0,0.0,0.0
40173,1.2321777,1279.9683,170.64377,1595.3695,-215.96875,76561199780519055,0,1331.8680353279562,0.0,0.0,0.15503722,0.0,0.16650999999998817,0.0,-0.16652000000001976,0.03329470000000012,-0.1665400000000261,0.0,0.0,0.15503722,1.8278999999999996,6.32287341672261e-05,539.1294858000003,21249.070131999983,0.16650999999998817,-1.0,0.0,1,6.0,0.6715379327591046,0.04226679250846133,169.584754,1.18223111,0,0,2.674600063666667,1.5173661432028158,0.9990692,6.3603973,5.3613281,0.6357582395503996,-0.8522966457076624,21.335084873333326,160.01046855597536,-179.79916,179.90112,359.70028,-0.4168461375464896,-1.8075183802782255,-0.01191639966555184,0.08536563498919077,-0.43258660000000004,0.6660461,1.0986327,2.4513784096583797,19.826700284718044,-0.9832728762541804,20.81978054889161,-359.70028,2.39743,362.09771,-17.278991406765304,298.7084858195922,1.5260298970447703,20.787115718662985,0.0,359.70028154233427,359.70028154233427,17.281952283804966,298.77603747369733,0.0,0.0,0.0,0.0,1.0,0.0,0.0,0.0,0.0
40174,1.2321777,1279.9683,171.0434,1597.1975,-215.96875,76561199780519055,0,1331.8680353279562,0.0,0.0,0.15503722,0.0,0.39963000000000193,0.0,0.23312000000001376,0.0,0.3996400000000335,0.0,0.0,0.15503722,1.8279999999999745,6.664387270074963e-05,540.3616635000003,21420.11353199998,0.39963000000000193,1.0,0.0,1,6.0,0.7249086474905492,0.040933194004668286,169.824531,1.19222104,0,1,2.674600063666667,1.5173661432028158,0.9990692,6.3603973,5.3613281,0.6357582395503996,-0.8522966457076624,21.335084873333326,160.01046855597536,-179.79916,179.90112,359.70028,-0.4168461375464896,-1.8075183802782255,-0.01191639966555184,0.08536563498919077,-0.43258660000000004,0.6660461,1.0986327,2.4513784096583797,19.826700284718044,-0.9832728762541804,20.81978054889161,-359.70028,2.39743,362.09771,-17.278991406765304,298.7084858195922,1.5260298970447703,20.787115718662985,0.0,359.70028154233427,359.70028154233427,17.281952283804966,298.77603747369733,0.0,0.0,0.0,0.0,1.0,0.0,0.0,0.0,0.0
40175,1.2321777,1279.9683,171.3764,1599.0255,-215.96875,76561199780519055,0,1331.8680353279562,0.0,0.0,0.15503722,0.0,0.3329999999999984,0.0,-0.06663000000000352,0.0,-0.2997500000000173,0.0,0.0,0.15503722,1.8279999999999745,6.321912381289587e-05,541.5938412000003,21591.489931999982,0.3329999999999984,-1.0,0.0,1,6.0,0.7956692955136716,0.036644182374333416,170.070966,1.2022109699999999,0,0,2.674600063666667,1.5173661432028158,0.9990692,6.3603973,5.3613281,0.6357582395503996,-0.8522966457076624,21.335084873333326,160.01046855597536,-179.79916,179.90112,359.70028,-0.4168461375464896,-1.8075183802782255,-0.01191639966555184,0.08536563498919077,-0.43258660000000004,0.6660461,1.0986327,2.4513784096583797,19.826700284718044,-0.9832728762541804,20.81978054889161,-359.70028,2.39743,362.09771,-17.278991406765304,298.7084858195922,1.5260298970447703,20.787115718662985,0.0,359.70028154233427,359.70028154233427,17.281952283804966,298.77603747369733,0.0,0.0,0.0,0.0,1.0,0.0,0.0,0.0,0.0
40176,1.2321777,1279.9683,171.54294,1600.8535,-215.96875,76561199780519055,0,1331.8680353279562,0.0,0.0,0.15503722,0.0,0.1665399999999977,0.0,-0.16646000000000072,0.0,-0.0998299999999972,0.0,0.0,0.15503722,1.8279999999999745,6.746671266658419e-05,542.8260189000002,21763.03287199998,0.1665399999999977,-1.0,0.0,0,6.0,0.8292299487013292,0.028076519377090055,170.320734,1.2122009,0,0,2.674600063666667,1.5173661432028158,0.9990692,6.3603973,5.3613281,0.6357582395503996,-0.8522966457076624,21.335084873333326,160.01046855597536,-179.79916,179.90112,359.70028,-0.4168461375464896,-1.8075183802782255,-0.01191639966555184,0.08536563498919077,-0.43258660000000004,0.6660461,1.0986327,2.4513784096583797,19.826700284718044,-0.9832728762541804,20.81978054889161,-359.70028,2.39743,362.09771,-17.278991406765304,298.7084858195922,1.5260298970447703,20.787115718662985,0.0,359.70028154233427,359.70028154233427,17.281952283804966,298.77603747369733,0.0,0.0,0.0,0.0,1.0,0.0,0.0,0.0,0.0
40177,1.2321777,1279.9683,171.77606,1602.6815,-215.96875,76561199780519055,0,1331.8680353279562,0.0,0.0,0.15503722,0.0,0.23312000000001376,0.0,0.06658000000001607,0.0,0.2330400000000168,0.0,0.0,0.15503722,1.8279999999999745,6.989233595615789e-05,544.0581966000002,21934.80893199998,0.23312000000001376,1.0,0.0,1,6.0,0.8504184514048768,0.02327982521299795,170.57383399999998,1.21885983,0,1,2.674600063666667,1.5173661432028158,0.9990692,6.3603973,5.3613281,0.6357582395503996,-0.8522966457076624,21.335084873333326,160.01046855597536,-179.79916,179.90112,359.70028,-0.4168461375464896,-1.8075183802782255,-0.01191639966555184,0.08536563498919077,-0.43258660000000004,0.6660461,1.0986327,2.4513784096583797,19.826700284718044,-0.9832728762541804,20.81978054889161,-359.70028,2.39743,362.09771,-17.278991406765304,298.7084858195922,1.5260298970447703,20.787115718662985,0.0,359.70028154233427,359.70028154233427,17.281952283804966,298.77603747369733,0.0,0.0,0.0,0.0,1.0,0.0,0.0,0.0,0.0
40178,1.198883,1279.9683,171.87595,1604.5095,-215.96875,76561199780519055,0,1331.8680353279562,0.0,0.0,0.15503722,-0.03329470000000012,0.09988999999998782,-0.03329470000000012,-0.13323000000002594,-0.03329470000000012,-0.199810000000042,0.0,0.0,0.15503722,1.8279999999999745,7.06838138316733e-05,545.2570796000002,22106.684881999983,0.10529268325998524,-1.0,-1.0,1,6.0,0.8330860848788381,0.01608286804583416,170.82027,1.22218929,0,0,2.674600063666667,1.5173661432028158,0.9990692,6.3603973,5.3613281,0.6357582395503996,-0.8522966457076624,21.335084873333326,160.01046855597536,-179.79916,179.90112,359.70028,-0.4168461375464896,-1.8075183802782255,-0.01191639966555184,0.08536563498919077,-0.43258660000000004,0.6660461,1.0986327,2.4513784096583797,19.826700284718044,-0.9832728762541804,20.81978054889161,-359.70028,2.39743,362.09771,-17.278991406765304,298.7084858195922,1.5260298970447703,20.787115718662985,0.0,359.70028154233427,359.70028154233427,17.281952283804966,298.77603747369733,0.0,0.0,0.0,0.0,1.0,0.0,0.0,0.0,0.0
40179,1.198883,1279.9683,172.04248,1606.3375,-215.96875,76561199780519055,0,1331.8680353279562,0.0,0.0,0.15503722,0.0,0.16653000000002294,0.03329470000000012,0.06664000000003512,0.06658940000000024,0.19987000000006105,0.0,0.0,0.15503722,1.828000000000202,6.989668130321092e-05,546.4559626000002,22278.727361999983,0.16653000000002294,1.0,1.0,1,7.0,0.7736300081404736,0.01608286804583416,171.073371,1.22218929,0,0,2.674600063666667,1.5173661432028158,0.9990692,6.3603973,5.3613281,0.6357582395503996,-0.8522966457076624,21.335084873333326,160.01046855597536,-179.79916,179.90112,359.70028,-0.4168461375464896,-1.8075183802782255,-0.01191639966555184,0.08536563498919077,-0.43258660000000004,0.6660461,1.0986327,2.4513784096583797,19.826700284718044,-0.9832728762541804,20.81978054889161,-359.70028,2.39743,362.09771,-17.278991406765304,298.7084858195922,1.5260298970447703,20.787115718662985,0.0,359.70028154233427,359.70028154233427,17.281952283804966,298.77603747369733,0.0,0.0,0.0,0.0,1.0,0.0,0.0,0.0,0.0
40180,1.198883,1279.9683,172.24194,1608.1655,-215.96875,76561199780519055,0,1331.8680353279562,0.0,0.0,0.15503722,0.0,0.19945999999998776,0.0,0.03292999999996482,-0.03329470000000012,-0.033710000000070295,0.0,0.0,0.15503722,1.8279999999999745,4.2149285084896403e-05,547.6548456000003,22450.969301999983,0.19945999999998776,1.0,0.0,0,6.0,0.7124464030195068,0.01608286804583416,171.316443,1.22218929,0,0,2.674600063666667,1.5173661432028158,0.9990692,6.3603973,5.3613281,0.6357582395503996,-0.8522966457076624,21.335084873333326,160.01046855597536,-179.79916,179.90112,359.70028,-0.4168461375464896,-1.8075183802782255,-0.01191639966555184,0.08536563498919077,-0.43258660000000004,0.6660461,1.0986327,2.4513784096583797,19.826700284718044,-0.9832728762541804,20.81978054889161,-359.70028,2.39743,362.09771,-17.278991406765304,298.7084858195922,1.5260298970447703,20.787115718662985,0.0,359.70028154233427,359.70028154233427,17.281952283804966,298.77603747369733,0.0,0.0,0.0,0.0,1.0,0.0,0.0,0.0,0.0
40181,1.198883,1279.9683,172.57495,1609.9935,-215.96875,76561199780519055,0,1331.8680353279562,0.0,0.0,0.15503722,0.0,0.3330100000000016,0.0,0.13355000000001382,0.0,0.100620000000049,0.0,0.0,0.15503722,1.8279999999999745,3.162277204458804e-05,548.8537286000003,22623.54425199998,0.3330100000000016,1.0,0.0,0,6.0,0.6820830410847641,0.017193309149668344,171.559515,1.21885982,0,1,2.674600063666667,1.5173661432028158,0.9990692,6.3603973,5.3613281,0.6357582395503996,-0.8522966457076624,21.335084873333326,160.01046855597536,-179.79916,179.90112,359.70028,-0.4168461375464896,-1.8075183802782255,-0.01191639966555184,0.08536563498919077,-0.43258660000000004,0.6660461,1.0986327,2.4513784096583797,19.826700284718044,-0.9832728762541804,20.81978054889161,-359.70028,2.39743,362.09771,-17.278991406765304,298.7084858195922,1.5260298970447703,20.787115718662985,0.0,359.70028154233427,359.70028154233427,17.281952283804966,298.77603747369733,0.0,0.0,0.0,0.0,1.0,0.0,0.0,0.0,0.0
40182,1.1655884,1279.9683,172.74146,1611.8215,-215.96875,76561199780519055,0,1331.8680353279562,0.0,0.0,0.15503722,-0.03329459999999984,0.16650999999998817,-0.03329459999999984,-0.16650000000001342,-0.03329459999999984,-0.30005000000002724,0.0,0.0,0.15503722,1.8279999999999745,3.162277204458804e-05,550.0193170000003,22796.285711999983,0.16980609673729635,-1.0,-1.0,1,7.0,0.6582969110953472,0.02327982839121073,171.785935,1.21220089,0,0,2.674600063666667,1.5173661432028158,0.9990692,6.3603973,5.3613281,0.6357582395503996,-0.8522966457076624,21.335084873333326,160.01046855597536,-179.79916,179.90112,359.70028,-0.4168461375464896,-1.8075183802782255,-0.01191639966555184,0.08536563498919077,-0.43258660000000004,0.6660461,1.0986327,2.4513784096583797,19.826700284718044,-0.9832728762541804,20.81978054889161,-359.70028,2.39743,362.09771,-17.278991406765304,298.7084858195922,1.5260298970447703,20.787115718662985,0.0,359.70028154233427,359.70028154233427,17.281952283804966,298.77603747369733,0.0,0.0,0.0,0.0,1.0,0.0,0.0,0.0,0.0
40183,1.1655884,1279.9683,173.14111,1613.6495,-215.96875,76561199780519055,0,1331.8680353279562,0.0,0.0,0.15503722,0.0,0.3996500000000083,0.03329459999999984,0.2331400000000201,0.06658919999999968,0.3996400000000335,0.0,0.0,0.15503722,1.8279999999999745,0.0,551.1849054000004,22969.426821999983,0.3996500000000083,1.0,1.0,1,7.0,0.6505110037722625,0.026263179734909294,172.035669,1.20554196,0,1,2.674600063666667,1.5173661432028158,0.9990692,6.3603973,5.3613281,0.6357582395503996,-0.8522966457076624,21.335084873333326,160.01046855597536,-179.79916,179.90112,359.70028,-0.4168461375464896,-1.8075183802782255,-0.01191639966555184,0.08536563498919077,-0.43258660000000004,0.6660461,1.0986327,2.4513784096583797,19.826700284718044,-0.9832728762541804,20.81978054889161,-359.70028,2.39743,362.09771,-17.278991406765304,298.7084858195922,1.5260298970447703,20.787115718662985,0.0,359.70028154233427,359.70028154233427,17.281952283804966,298.77603747369733,0.0,0.0,0.0,0.0,1.0,0.0,0.0,0.0,0.0
40184,1.1655884,1279.9683,173.34091,1615.4775,-215.96875,76561199780519055,0,1331.8680353279562,0.0,0.0,0.15503722,0.0,0.1998000000000104,0.0,-0.19984999999999786,-0.03329459999999984,-0.43299000000001797,0.0,0.0,0.15503722,1.8279999999999745,0.0,552.3504938000004,23142.767731999982,0.1998000000000104,-1.0,0.0,1,7.0,0.6666401806379666,0.027184967888667023,172.26542,1.19888303,0,0,2.674600063666667,1.5173661432028158,0.9990692,6.3603973,5.3613281,0.6357582395503996,-0.8522966457076624,21.335084873333326,160.01046855597536,-179.79916,179.90112,359.70028,-0.4168461375464896,-1.8075183802782255,-0.01191639966555184,0.08536563498919077,-0.43258660000000004,0.6660461,1.0986327,2.4513784096583797,19.826700284718044,-0.9832728762541804,20.81978054889161,-359.70028,2.39743,362.09771,-17.278991406765304,298.7084858195922,1.5260298970447703,20.787115718662985,0.0,359.70028154233427,359.70028154233427,17.281952283804966,298.77603747369733,0.0,0.0,0.0,0.0,1.0,0.0,0.0,0.0,0.0
40185,1.1322784,1279.9683,173.74054,1617.3055,-215.96875,76561199780519055,0,1331.8680353279562,0.0,0.0,0.15503722,-0.03331000000000017,0.39963000000000193,-0.03331000000000017,0.19982999999999151,-0.03331000000000017,0.3996799999999894,0.0,0.0,0.15503722,1.8279999999999745,0.0,553.4827722000005,23316.50827199998,0.401015826370982,1.0,-1.0,1,7.0,0.7323014584179236,0.03158912785006593,172.50183399999997,1.1888931,0,1,2.674600063666667,1.5173661432028158,0.9990692,6.3603973,5.3613281,0.6357582395503996,-0.8522966457076624,21.335084873333326,160.01046855597536,-179.79916,179.90112,359.70028,-0.4168461375464896,-1.8075183802782255,-0.01191639966555184,0.08536563498919077,-0.43258660000000004,0.6660461,1.0986327,2.4513784096583797,19.826700284718044,-0.9832728762541804,20.81978054889161,-359.70028,2.39743,362.09771,-17.278991406765304,298.7084858195922,1.5260298970447703,20.787115718662985,0.0,359.70028154233427,359.70028154233427,17.281952283804966,298.77603747369733,0.0,0.0,0.0,0.0,1.0,0.0,0.0,0.0,0.0
40186,1.1322784,1279.9683,174.07355,1619.1335,-215.96875,76561199780519055,0,1331.8680353279562,0.0,0.0,0.15503722,0.0,0.3330100000000016,0.03331000000000017,-0.06662000000000035,0.06662000000000035,-0.26644999999999186,0.0,0.0,0.15503722,1.8279999999999745,0.0,554.6150506000005,23490.581821999982,0.3330100000000016,-1.0,1.0,1,8.0,0.7983875150868617,0.03217061742548435,172.754895,1.17890317,0,0,2.674600063666667,1.5173661432028158,0.9990692,6.3603973,5.3613281,0.6357582395503996,-0.8522966457076624,21.335084873333326,160.01046855597536,-179.79916,179.90112,359.70028,-0.4168461375464896,-1.8075183802782255,-0.01191639966555184,0.08536563498919077,-0.43258660000000004,0.6660461,1.0986327,2.4513784096583797,19.826700284718044,-0.9832728762541804,20.81978054889161,-359.70028,2.39743,362.09771,-17.278991406765304,298.7084858195922,1.5260298970447703,20.787115718662985,0.0,359.70028154233427,359.70028154233427,17.281952283804966,298.77603747369733,0.0,0.0,0.0,0.0,1.0,0.0,0.0,0.0,0.0
40187,1.1322784,1279.9683,174.24008,1620.9617,-215.96875,76561199780519055,0,1331.8680353279562,0.0,0.0,0.15503722,0.0,0.16652999999999452,0.0,-0.16648000000000707,-0.03331000000000017,-0.09986000000000672,0.0,0.0,0.15503722,1.8282000000001517,6.32455509726185e-05,555.7473290000005,23664.82190199998,0.16652999999999452,-1.0,0.0,0,7.0,0.8417785859040219,0.02915903566195316,173.001297,1.16891324,0,0,2.674600063666667,1.5173661432028158,0.9990692,6.3603973,5.3613281,0.6357582395503996,-0.8522966457076624,21.335084873333326,160.01046855597536,-179.79916,179.90112,359.70028,-0.4168461375464896,-1.8075183802782255,-0.01191639966555184,0.08536563498919077,-0.43258660000000004,0.6660461,1.0986327,2.4513784096583797,19.826700284718044,-0.9832728762541804,20.81978054889161,-359.70028,2.39743,362.09771,-17.278991406765304,298.7084858195922,1.5260298970447703,20.787115718662985,0.0,359.70028154233427,359.70028154233427,17.281952283804966,298.77603747369733,0.0,0.0,0.0,0.0,1.0,0.0,0.0,0.0,0.0
40188,1.1322784,1279.9683,174.33997,1622.7897,-215.96875,76561199780519055,0,1331.8680353279562,0.0,0.0,0.15503722,0.0,0.09988999999998782,0.0,-0.0666400000000067,0.0,0.09984000000000037,0.0,0.0,0.15503722,1.8279999999999745,6.32455509726185e-05,556.8796074000005,23839.161871999982,0.09988999999998782,-1.0,0.0,0,6.0,0.8363824725605921,0.029159621929929692,173.247699,1.16225278,0,0,2.674600063666667,1.5173661432028158,0.9990692,6.3603973,5.3613281,0.6357582395503996,-0.8522966457076624,21.335084873333326,160.01046855597536,-179.79916,179.90112,359.70028,-0.4168461375464896,-1.8075183802782255,-0.01191639966555184,0.08536563498919077,-0.43258660000000004,0.6660461,1.0986327,2.4513784096583797,19.826700284718044,-0.9832728762541804,20.81978054889161,-359.70028,2.39743,362.09771,-17.278991406765304,298.7084858195922,1.5260298970447703,20.787115718662985,0.0,359.70028154233427,359.70028154233427,17.281952283804966,298.77603747369733,0.0,0.0,0.0,0.0,1.0,0.0,0.0,0.0,0.0
40189,1.1322784,1279.9683,174.5398,1624.6177,-215.96875,76561199780519055,0,1331.8680353279562,0.0,0.0,0.15503722,0.0,0.19983000000001994,0.0,0.09994000000003211,0.0,0.1665800000000388,0.0,0.0,0.15503722,1.8279999999999745,6.324555098060934e-05,558.0118858000005,24013.70167199998,0.19983000000001994,1.0,0.0,1,6.0,0.8089178094260082,0.027417806713659558,173.497431,1.1555923199999998,0,1,2.674600063666667,1.5173661432028158,0.9990692,6.3603973,5.3613281,0.6357582395503996,-0.8522966457076624,21.335084873333326,160.01046855597536,-179.79916,179.90112,359.70028,-0.4168461375464896,-1.8075183802782255,-0.01191639966555184,0.08536563498919077,-0.43258660000000004,0.6660461,1.0986327,2.4513784096583797,19.826700284718044,-0.9832728762541804,20.81978054889161,-359.70028,2.39743,362.09771,-17.278991406765304,298.7084858195922,1.5260298970447703,20.787115718662985,0.0,359.70028154233427,359.70028154233427,17.281952283804966,298.77603747369733,0.0,0.0,0.0,0.0,1.0,0.0,0.0,0.0,0.0
40190,1.0989685,1279.9683,174.73962,1626.4458,-215.96875,76561199780519055,0,1331.8680353279562,0.0,0.0,0.15503722,-0.03330989999999989,0.19981999999998834,-0.03330989999999989,-1.0000000031595846e-05,-0.03330989999999989,-0.09995000000006371,0.0,0.0,0.15503722,1.8280999999999494,6.749485368233213e-05,559.1108543000005,24188.44129199998,0.20257734779092484,-1.0,-1.0,1,7.0,0.7624571043714985,0.028086193544543458,173.74719900000002,1.14560087,0,0,2.674600063666667,1.5173661432028158,0.9990692,6.3603973,5.3613281,0.6357582395503996,-0.8522966457076624,21.335084873333326,160.01046855597536,-179.79916,179.90112,359.70028,-0.4168461375464896,-1.8075183802782255,-0.01191639966555184,0.08536563498919077,-0.43258660000000004,0.6660461,1.0986327,2.4513784096583797,19.826700284718044,-0.9832728762541804,20.81978054889161,-359.70028,2.39743,362.09771,-17.278991406765304,298.7084858195922,1.5260298970447703,20.787115718662985,0.0,359.70028154233427,359.70028154233427,17.281952283804966,298.77603747369733,0.0,0.0,0.0,0.0,1.0,0.0,0.0,0.0,0.0
40191,1.0989685,1279.9683,174.90613,1628.2739,-215.96875,76561199780519055,0,1331.8680353279562,0.0,0.0,0.15503722,0.0,0.16650999999998817,0.03330989999999989,-0.03331000000000017,0.06661979999999978,-0.03329999999996858,0.0,0.0,0.15503722,1.8280999999999494,6.992058785684521e-05,560.2098228000004,24363.34742199998,0.16650999999998817,-1.0,1.0,0,7.0,0.7193809722855941,0.024578242939300807,173.98031699999999,1.13560942,0,0,2.674600063666667,1.5173661432028158,0.9990692,6.3603973,5.3613281,0.6357582395503996,-0.8522966457076624,21.335084873333326,160.01046855597536,-179.79916,179.90112,359.70028,-0.4168461375464896,-1.8075183802782255,-0.01191639966555184,0.08536563498919077,-0.43258660000000004,0.6660461,1.0986327,2.4513784096583797,19.826700284718044,-0.9832728762541804,20.81978054889161,-359.70028,2.39743,362.09771,-17.278991406765304,298.7084858195922,1.5260298970447703,20.787115718662985,0.0,359.70028154233427,359.70028154233427,17.281952283804966,298.77603747369733,0.0,0.0,0.0,0.0,1.0,0.0,0.0,0.0,0.0
40192,1.0989685,1279.9683,175.27246,1630.1019,-215.96875,76561199780519055,0,1331.8680353279562,0.0,0.0,0.15503722,0.0,0.36633000000000493,0.0,0.19982000000001676,-0.03330989999999989,0.23313000000001693,0.0,0.0,0.15503722,1.8279999999999745,6.992058785684521e-05,561.3087913000004,24538.61988199998,0.36633000000000493,1.0,0.0,1,7.0,0.6792030964118448,0.02457823541006921,174.233417,1.1289474299999998,0,1,2.674600063666667,1.5173661432028158,0.9990692,6.3603973,5.3613281,0.6357582395503996,-0.8522966457076624,21.335084873333326,160.01046855597536,-179.79916,179.90112,359.70028,-0.4168461375464896,-1.8075183802782255,-0.01191639966555184,0.08536563498919077,-0.43258660000000004,0.6660461,1.0986327,2.4513784096583797,19.826700284718044,-0.9832728762541804,20.81978054889161,-359.70028,2.39743,362.09771,-17.278991406765304,298.7084858195922,1.5260298970447703,20.787115718662985,0.0,359.70028154233427,359.70028154233427,17.281952283804966,298.77603747369733,0.0,0.0,0.0,0.0,1.0,0.0,0.0,0.0,0.0
40193,1.0989685,1279.9683,175.50555,1631.93,-215.96875,76561199780519055,0,1331.8680353279562,0.0,0.0,0.15503722,0.0,0.23309000000000424,0.0,-0.1332400000000007,0.0,-0.33306000000001745,0.0,0.0,0.15503722,1.8281000000001768,7.071067613385673e-05,562.4077598000003,24714.125431999983,0.23309000000000424,-1.0,0.0,1,7.0,0.6681634656661318,0.02248249036388201,174.46986099999998,1.1222854400000002,0,0,2.674600063666667,1.5173661432028158,0.9990692,6.3603973,5.3613281,0.6357582395503996,-0.8522966457076624,21.335084873333326,160.01046855597536,-179.79916,179.90112,359.70028,-0.4168461375464896,-1.8075183802782255,-0.01191639966555184,0.08536563498919077,-0.43258660000000004,0.6660461,1.0986327,2.4513784096583797,19.826700284718044,-0.9832728762541804,20.81978054889161,-359.70028,2.39743,362.09771,-17.278991406765304,298.7084858195922,1.5260298970447703,20.787115718662985,0.0,359.70028154233427,359.70028154233427,17.281952283804966,298.77603747369733,0.0,0.0,0.0,0.0,1.0,0.0,0.0,0.0,0.0
40194,1.0989685,1279.9683,175.87189,1633.7582,-215.96875,76561199780519055,0,1331.8680353279562,0.0,0.0,0.15503722,0.0,0.3663400000000081,0.0,0.13325000000000387,0.0,0.26649000000000456,0.0,0.0,0.15503722,1.8281999999999243,8.232725851221795e-05,563.5067283000003,24889.99732199998,0.3663400000000081,1.0,0.0,1,7.0,0.6723549601594097,0.017555858772816898,174.722959,1.11562345,0,1,2.674600063666667,1.5173661432028158,0.9990692,6.3603973,5.3613281,0.6357582395503996,-0.8522966457076624,21.335084873333326,160.01046855597536,-179.79916,179.90112,359.70028,-0.4168461375464896,-1.8075183802782255,-0.01191639966555184,0.08536563498919077,-0.43258660000000004,0.6660461,1.0986327,2.4513784096583797,19.826700284718044,-0.9832728762541804,20.81978054889161,-359.70028,2.39743,362.09771,-17.278991406765304,298.7084858195922,1.5260298970447703,20.787115718662985,0.0,359.70028154233427,359.70028154233427,17.281952283804966,298.77603747369733,0.0,0.0,0.0,0.0,1.0,0.0,0.0,0.0,0.0
40195,1.0989685,1279.9683,176.10501,1635.5863,-215.96875,76561199780519055,0,1331.8680353279562,0.0,0.0,0.15503722,0.0,0.23311999999998534,0.0,-0.13322000000002276,0.0,-0.26647000000002663,0.0,0.0,0.15503722,1.8280999999999494,7.888106197202253e-05,564.6056968000003,25066.10233199998,0.23311999999998534,-1.0,0.0,1,7.0,0.7035147292944743,0.017201158395937027,174.959406,1.11229246,0,0,2.674600063666667,1.5173661432028158,0.9990692,6.3603973,5.3613281,0.6357582395503996,-0.8522966457076624,21.335084873333326,160.01046855597536,-179.79916,179.90112,359.70028,-0.4168461375464896,-1.8075183802782255,-0.01191639966555184,0.08536563498919077,-0.43258660000000004,0.6660461,1.0986327,2.4513784096583797,19.826700284718044,-0.9832728762541804,20.81978054889161,-359.70028,2.39743,362.09771,-17.278991406765304,298.7084858195922,1.5260298970447703,20.787115718662985,0.0,359.70028154233427,359.70028154233427,17.281952283804966,298.77603747369733,0.0,0.0,0.0,0.0,1.0,0.0,0.0,0.0,0.0
40196,1.0989685,1279.9683,176.53793,1637.4144,-215.96875,76561199780519055,0,1331.8680353279562,0.0,0.0,0.15503722,0.0,0.43291999999999575,0.0,0.1998000000000104,0.0,0.3330200000000332,0.0,0.0,0.15503722,1.8280999999999494,7.378647680585344e-05,565.7046653000002,25242.64026199998,0.43291999999999575,1.0,0.0,1,7.0,0.7855696486844852,0.016090210343408743,175.205844,1.1089614700000001,0,1,2.674600063666667,1.5173661432028158,0.9990692,6.3603973,5.3613281,0.6357582395503996,-0.8522966457076624,21.335084873333326,160.01046855597536,-179.79916,179.90112,359.70028,-0.4168461375464896,-1.8075183802782255,-0.01191639966555184,0.08536563498919077,-0.43258660000000004,0.6660461,1.0986327,2.4513784096583797,19.826700284718044,-0.9832728762541804,20.81978054889161,-359.70028,2.39743,362.09771,-17.278991406765304,298.7084858195922,1.5260298970447703,20.787115718662985,0.0,359.70028154233427,359.70028154233427,17.281952283804966,298.77603747369733,0.0,0.0,0.0,0.0,1.0,0.0,0.0,0.0,0.0
40197,1.1322784,1279.9683,176.73773,1639.2426,-215.96875,76561199780519055,0,1331.8680353279562,0.0,0.0,0.15503722,0.03330989999999989,0.1998000000000104,0.03330989999999989,-0.23311999999998534,0.03330989999999989,-0.43291999999999575,0.0,0.0,0.15503722,1.8282000000001517,7.378647680585344e-05,566.8369437000002,25419.37799199998,0.20255762004430777,-1.0,1.0,1,8.0,0.8395915751428945,0.016090210343408743,175.455609,1.1089614700000001,1,0,2.674600063666667,1.5173661432028158,0.9990692,6.3603973,5.3613281,0.6357582395503996,-0.8522966457076624,21.335084873333326,160.01046855597536,-179.79916,179.90112,359.70028,-0.4168461375464896,-1.8075183802782255,-0.01191639966555184,0.08536563498919077,-0.43258660000000004,0.6660461,1.0986327,2.4513784096583797,19.826700284718044,-0.9832728762541804,20.81978054889161,-359.70028,2.39743,362.09771,-17.278991406765304,298.7084858195922,1.5260298970447703,20.787115718662985,0.0,359.70028154233427,359.70028154233427,17.281952283804966,298.77603747369733,0.0,0.0,0.0,0.0,1.0,0.0,0.0,0.0,0.0
40198,1.1322784,1279.9683,177.27057,1641.0707,-215.96875,76561199780519055,0,1331.8680353279562,0.0,0.0,0.15503722,0.0,0.5328399999999931,-0.03330989999999989,0.3330399999999827,-0.06661979999999978,0.566159999999968,0.0,0.0,0.15503722,1.8280999999999494,6.666666452503446e-05,567.9692221000003,25596.64856199998,0.5328399999999931,1.0,-1.0,1,9.0,0.9149874033533799,0.016090210343408743,175.748669,1.1089614700000001,0,1,2.674600063666667,1.5173661432028158,0.9990692,6.3603973,5.3613281,0.6357582395503996,-0.8522966457076624,21.335084873333326,160.01046855597536,-179.79916,179.90112,359.70028,-0.4168461375464896,-1.8075183802782255,-0.01191639966555184,0.08536563498919077,-0.43258660000000004,0.6660461,1.0986327,2.4513784096583797,19.826700284718044,-0.9832728762541804,20.81978054889161,-359.70028,2.39743,362.09771,-17.278991406765304,298.7084858195922,1.5260298970447703,20.787115718662985,0.0,359.70028154233427,359.70028154233427,17.281952283804966,298.77603747369733,0.0,0.0,0.0,0.0,1.0,0.0,0.0,0.0,0.0
40199,1.1322784,1279.9683,177.56995,1642.8988,-215.96875,76561199780519055,0,1331.8680353279562,0.0,0.0,0.15503722,0.0,0.2993800000000135,0.0,-0.23345999999997957,0.03330989999999989,-0.5664999999999623,0.0,0.0,0.15503722,1.8280999999999494,5.67646187008618e-05,569.1015005000003,25774.21851199998,0.2993800000000135,-1.0,0.0,1,9.0,0.970242630262504,0.016090210343408743,176.051684,1.1089614700000001,0,0,2.674600063666667,1.5173661432028158,0.9990692,6.3603973,5.3613281,0.6357582395503996,-0.8522966457076624,21.335084873333326,160.01046855597536,-179.79916,179.90112,359.70028,-0.4168461375464896,-1.8075183802782255,-0.01191639966555184,0.08536563498919077,-0.43258660000000004,0.6660461,1.0986327,2.4513784096583797,19.826700284718044,-0.9832728762541804,20.81978054889161,-359.70028,2.39743,362.09771,-17.278991406765304,298.7084858195922,1.5260298970447703,20.787115718662985,0.0,359.70028154233427,359.70028154233427,17.281952283804966,298.77603747369733,0.0,0.0,0.0,0.0,1.0,0.0,0.0,0.0,0.0
40200,1.1322784,1279.9683,178.1694,1644.7269,-215.96875,76561199780519055,0,1331.8680353279562,0.0,0.0,0.15503722,0.0,0.5994499999999903,0.0,0.30006999999997674,0.0,0.5335299999999563,0.0,0.0,0.15503722,1.8280999999999494,5.67646187008618e-05,570.2337789000003,25952.38791199998,0.5994499999999903,1.0,0.0,1,9.0,1.0572084250477916,0.017201158395937027,176.39466199999998,1.1122924600000001,0,1,2.674600063666667,1.5173661432028158,0.9990692,6.3603973,5.3613281,0.6357582395503996,-0.8522966457076624,21.335084873333326,160.01046855597536,-179.79916,179.90112,359.70028,-0.4168461375464896,-1.8075183802782255,-0.01191639966555184,0.08536563498919077,-0.43258660000000004,0.6660461,1.0986327,2.4513784096583797,19.826700284718044,-0.9832728762541804,20.81978054889161,-359.70028,2.39743,362.09771,-17.278991406765304,298.7084858195922,1.5260298970447703,20.787115718662985,0.0,359.70028154233427,359.70028154233427,17.281952283804966,298.77603747369733,0.0,0.0,0.0,0.0,1.0,0.0,0.0,0.0,0.0
40201,1.1322784,1279.9719,178.50244,1646.555,-215.96875,76561199780519055,0,1331.8680353279562,0.0,0.0,0.15503722,0.0,0.3330400000000111,0.0,-0.26640999999997916,0.0,-0.5664799999999559,0.0,0.0,0.15503722,1.8281035446605989,5.670627279645744e-05,571.3660573000003,26130.89035199998,0.3330400000000111,-1.0,0.0,1,10.0,1.1051828861514368,0.017555858772816894,176.75429300000002,1.11562345,0,0,2.674600063666667,1.5173661432028158,0.9990692,6.3603973,5.3613281,0.6357582395503996,-0.8522966457076624,21.335084873333326,160.01046855597536,-179.79916,179.90112,359.70028,-0.4168461375464896,-1.8075183802782255,-0.01191639966555184,0.08536563498919077,-0.43258660000000004,0.6660461,1.0986327,2.4513784096583797,19.826700284718044,-0.9832728762541804,20.81978054889161,-359.70028,2.39743,362.09771,-17.278991406765304,298.7084858195922,1.5260298970447703,20.787115718662985,0.0,359.70028154233427,359.70028154233427,17.281952283804966,298.77603747369733,0.0,0.0,0.0,0.0,1.0,0.0,0.0,0.0,0.0
40202,1.1322784,1279.9714,179.06857,1648.3832,-215.96875,76561199780519055,0,1331.8680353279562,0.0,0.0,0.15503722,0.0,0.5661299999999869,0.0,0.23308999999997582,0.0,0.499499999999955,0.0,0.0,0.15503722,1.8282000683731865,4.808343896217923e-05,572.4983357000003,26309.95892199998,0.5661299999999869,1.0,0.0,1,10.0,1.1884568325824856,0.01720115839593569,177.13390399999997,1.11895444,0,1,2.674600063666667,1.5173661432028158,0.9990692,6.3603973,5.3613281,0.6357582395503996,-0.8522966457076624,21.335084873333326,160.01046855597536,-179.79916,179.90112,359.70028,-0.4168461375464896,-1.8075183802782255,-0.01191639966555184,0.08536563498919077,-0.43258660000000004,0.6660461,1.0986327,2.4513784096583797,19.826700284718044,-0.9832728762541804,20.81978054889161,-359.70028,2.39743,362.09771,-17.278991406765304,298.7084858195922,1.5260298970447703,20.787115718662985,0.0,359.70028154233427,359.70028154233427,17.281952283804966,298.77603747369733,0.0,0.0,0.0,0.0,1.0,0.0,0.0,0.0,0.0
40203,1.1322784,1279.971,179.3017,1650.2113,-215.96875,76561199780519055,0,1331.8680353279562,0.0,0.0,0.15503722,0.0,0.23313000000001693,0.0,-0.33299999999997,0.0,-0.5660899999999458,0.0,0.0,0.15503722,1.8281000437612311,4.8080370630977136e-05,573.6306141000003,26489.26062199998,0.23313000000001693,-1.0,0.0,1,10.0,1.2164882998139326,0.016090210343405888,177.513519,1.1222854299999998,0,0,2.674600063666667,1.5173661432028158,0.9990692,6.3603973,5.3613281,0.6357582395503996,-0.8522966457076624,21.335084873333326,160.01046855597536,-179.79916,179.90112,359.70028,-0.4168461375464896,-1.8075183802782255,-0.01191639966555184,0.08536563498919077,-0.43258660000000004,0.6660461,1.0986327,2.4513784096583797,19.826700284718044,-0.9832728762541804,20.81978054889161,-359.70028,2.39743,362.09771,-17.278991406765304,298.7084858195922,1.5260298970447703,20.787115718662985,0.0,359.70028154233427,359.70028154233427,17.281952283804966,298.77603747369733,0.0,0.0,0.0,0.0,1.0,0.0,0.0,0.0,0.0
40204,1.1322784,1279.9718,179.60141,1652.0394,-215.96875,76561199780519055,0,1331.8680353279562,0.0,0.0,0.15503722,0.0,0.29970999999997616,0.0,0.06657999999995923,0.0,0.3995799999999292,0.0,0.0,0.15503722,1.8281001750450698,4.1994089560556526e-05,574.7628925000004,26668.86203199998,0.29970999999997616,1.0,0.0,1,10.0,1.2289112237829538,0.014044687018585451,177.88647099999997,1.1256164199999998,0,1,2.674600063666667,1.5173661432028158,0.9990692,6.3603973,5.3613281,0.6357582395503996,-0.8522966457076624,21.335084873333326,160.01046855597536,-179.79916,179.90112,359.70028,-0.4168461375464896,-1.8075183802782255,-0.01191639966555184,0.08536563498919077,-0.43258660000000004,0.6660461,1.0986327,2.4513784096583797,19.826700284718044,-0.9832728762541804,20.81978054889161,-359.70028,2.39743,362.09771,-17.278991406765304,298.7084858195922,1.5260298970447703,20.787115718662985,0.0,359.70028154233427,359.70028154233427,17.281952283804966,298.77603747369733,0.0,0.0,0.0,0.0,1.0,0.0,0.0,0.0,0.0
40205,1.1322784,1279.9713,179.7013,1653.8676,-215.96875,76561199780519055,0,1331.8680353279562,0.0,0.0,0.15503722,0.0,0.09989000000001624,0.0,-0.19981999999995992,0.0,-0.26639999999991915,0.0,0.0,0.15503722,1.8282000683734139,4.80791237966865e-05,575.8951709000004,26848.56333199998,0.09989000000001624,-1.0,0.0,1,10.0,1.1746713957418653,0.010533515264478405,178.2461,1.1289474099999999,0,0,2.674600063666667,1.5173661432028158,0.9990692,6.3603973,5.3613281,0.6357582395503996,-0.8522966457076624,21.335084873333326,160.01046855597536,-179.79916,179.90112,359.70028,-0.4168461375464896,-1.8075183802782255,-0.01191639966555184,0.08536563498919077,-0.43258660000000004,0.6660461,1.0986327,2.4513784096583797,19.826700284718044,-0.9832728762541804,20.81978054889161,-359.70028,2.39743,362.09771,-17.278991406765304,298.7084858195922,1.5260298970447703,20.787115718662985,0.0,359.70028154233427,359.70028154233427,17.281952283804966,298.77603747369733,0.0,0.0,0.0,0.0,1.0,0.0,0.0,0.0,0.0
40206,1.1322784,1279.9714,179.86783,1655.6957,-215.96875,76561199780519055,0,1331.8680353279562,0.0,0.0,0.15503722,0.0,0.16652999999999452,0.0,0.06663999999997827,0.0,0.2664599999999382,0.0,0.0,0.15503722,1.8281000027350296,4.8078931715291246e-05,577.0274493000004,27028.43116199998,0.16652999999999452,1.0,0.0,1,10.0,1.106647391135705,0.0,178.57909,1.1322784,0,1,2.674600063666667,1.5173661432028158,0.9990692,6.3603973,5.3613281,0.6357582395503996,-0.8522966457076624,21.335084873333326,160.01046855597536,-179.79916,179.90112,359.70028,-0.4168461375464896,-1.8075183802782255,-0.01191639966555184,0.08536563498919077,-0.43258660000000004,0.6660461,1.0986327,2.4513784096583797,19.826700284718044,-0.9832728762541804,20.81978054889161,-359.70028,2.39743,362.09771,-17.278991406765304,298.7084858195922,1.5260298970447703,20.787115718662985,0.0,359.70028154233427,359.70028154233427,17.281952283804966,298.77603747369733,0.0,0.0,0.0,0.0,1.0,0.0,0.0,0.0,0.0
40207,1.1322784,1279.9719,179.90112,1657.5238,-215.96875,76561199780519055,0,1331.8680353279562,0.0,0.0,0.15503722,0.0,0.033289999999993825,0.0,-0.1332400000000007,0.0,-0.19987999999997896,0.0,0.0,0.15503722,1.8281000683769517,4.200466611102871e-05,578.1597277000004,27208.332281999978,0.033289999999993825,-1.0,0.0,1,10.0,0.9648528429453253,0.0,178.89542899999998,1.1322784,0,0,2.674600063666667,1.5173661432028158,0.9990692,6.3603973,5.3613281,0.6357582395503996,-0.8522966457076624,21.335084873333326,160.01046855597536,-179.79916,179.90112,359.70028,-0.4168461375464896,-1.8075183802782255,-0.01191639966555184,0.08536563498919077,-0.43258660000000004,0.6660461,1.0986327,2.4513784096583797,19.826700284718044,-0.9832728762541804,20.81978054889161,-359.70028,2.39743,362.09771,-17.278991406765304,298.7084858195922,1.5260298970447703,20.787115718662985,0.0,359.70028154233427,359.70028154233427,17.281952283804966,298.77603747369733,0.0,0.0,0.0,0.0,1.0,0.0,0.0,0.0,0.0
40208,1.1655884,1279.9717,-179.79916,1659.3519,-215.96875,76561199780519055,0,1331.8680353279562,0.0,0.0,0.15503722,0.03331000000000017,-359.70028,0.03331000000000017,-359.73357,0.03331000000000017,-359.60033,0.0,0.0,0.15503722,1.82810001094027,4.200407596791977e-05,579.3253161000005,27028.53312199998,359.70028154233427,-1.0,1.0,0,9.0,113.48894575241854,0.010533546887253034,143.188456,1.1356093999999999,1,0,2.674600063666667,1.5173661432028158,0.9990692,6.3603973,5.3613281,0.6357582395503996,-0.8522966457076624,21.335084873333326,160.01046855597536,-179.79916,179.90112,359.70028,-0.4168461375464896,-1.8075183802782255,-0.01191639966555184,0.08536563498919077,-0.43258660000000004,0.6660461,1.0986327,2.4513784096583797,19.826700284718044,-0.9832728762541804,20.81978054889161,-359.70028,2.39743,362.09771,-17.278991406765304,298.7084858195922,1.5260298970447703,20.787115718662985,0.0,359.70028154233427,359.70028154233427,17.281952283804966,298.77603747369733,0.0,0.0,0.0,0.0,1.0,0.0,0.0,0.0,0.0
40209,1.1655884,1279.97,-179.43283,1661.18,-215.96875,76561199780519055,0,1331.8680353279562,0.0,0.0,0.15503722,0.0,0.36633000000000493,-0.03331000000000017,360.06661,-0.06662000000000035,719.80018,0.0,0.0,0.15503722,1.8281007904381659,4.1962148047519796e-05,580.4909045000005,26849.100291999977,0.36633000000000493,1.0,-1.0,1,9.0,151.31827231582204,0.014044729182284575,107.48817799999999,1.1389403999999999,0,1,2.674600063666667,1.5173661432028158,0.9990692,6.3603973,5.3613281,0.6357582395503996,-0.8522966457076624,21.335084873333326,160.01046855597536,-179.79916,179.90112,359.70028,-0.4168461375464896,-1.8075183802782255,-0.01191639966555184,0.08536563498919077,-0.43258660000000004,0.6660461,1.0986327,2.4513784096583797,19.826700284718044,-0.9832728762541804,20.81978054889161,-359.70028,2.39743,362.09771,-17.278991406765304,298.7084858195922,1.5260298970447703,20.787115718662985,0.0,359.70028154233427,359.70028154233427,17.281952283804966,298.77603747369733,0.0,0.0,0.0,0.0,1.0,0.0,0.0,0.0,0.0
40210,1.1655884,1279.9663,-179.1997,1663.0082,-215.96875,76561199780519055,0,1331.8680353279562,0.0,0.0,0.15503722,0.0,0.2331299999999885,0.0,-0.13320000000001642,0.03331000000000017,-360.19981000000007,0.0,0.0,0.15503722,1.8282037441159897,4.863145030582257e-05,581.6564929000006,26669.900591999976,0.2331299999999885,-1.0,0.0,1,9.0,173.36468072792428,0.01609025864799107,71.751268,1.1422713999999998,0,0,2.674600063666667,1.5173661432028158,0.9990692,6.3603973,5.3613281,0.6357582395503996,-0.8522966457076624,21.335084873333326,160.01046855597536,-179.79916,179.90112,359.70028,-0.4168461375464896,-1.8075183802782255,-0.01191639966555184,0.08536563498919077,-0.43258660000000004,0.6660461,1.0986327,2.4513784096583797,19.826700284718044,-0.9832728762541804,20.81978054889161,-359.70028,2.39743,362.09771,-17.278991406765304,298.7084858195922,1.5260298970447703,20.787115718662985,0.0,359.70028154233427,359.70028154233427,17.281952283804966,298.77603747369733,0.0,0.0,0.0,0.0,1.0,0.0,0.0,0.0,0.0
40211,1.1655884,1279.9604,-179.0332,1664.8363,-215.96875,76561199780519055,0,1331.8680353279562,0.0,0.0,0.15503722,0.0,0.16650000000001342,0.0,-0.0666299999999751,0.0,0.06657000000004132,0.0,0.0,0.15503722,1.8281095207891174,4.8294149394793474e-05,582.8220813000006,26490.867391999975,0.16650000000001342,-1.0,0.0,0,8.0,185.3560165959026,0.017201210035708688,35.997704,1.1456024,0,0,2.674600063666667,1.5173661432028158,0.9990692,6.3603973,5.3613281,0.6357582395503996,-0.8522966457076624,21.335084873333326,160.01046855597536,-179.79916,179.90112,359.70028,-0.4168461375464896,-1.8075183802782255,-0.01191639966555184,0.08536563498919077,-0.43258660000000004,0.6660461,1.0986327,2.4513784096583797,19.826700284718044,-0.9832728762541804,20.81978054889161,-359.70028,2.39743,362.09771,-17.278991406765304,298.7084858195922,1.5260298970447703,20.787115718662985,0.0,359.70028154233427,359.70028154233427,17.281952283804966,298.77603747369733,0.0,0.0,0.0,0.0,1.0,0.0,0.0,0.0,0.0
40212,1.1655884,1279.9508,-178.46707,1666.6644,-215.96875,76561199780519055,0,1331.8680353279562,0.0,0.0,0.15503722,0.0,0.5661299999999869,0.0,0.3996299999999735,0.0,0.4662599999999486,0.0,0.0,0.15503722,1.8281252063247233,4.184745833921527e-05,583.9876697000007,26312.400321999976,0.5661299999999869,1.0,0.0,1,8.0,189.13674335915587,0.017555911477438492,0.24413999999999875,1.1489334,0,1,2.674600063666667,1.5173661432028158,0.9990692,6.3603973,5.3613281,0.6357582395503996,-0.8522966457076624,21.335084873333326,160.01046855597536,-179.79916,179.90112,359.70028,-0.4168461375464896,-1.8075183802782255,-0.01191639966555184,0.08536563498919077,-0.43258660000000004,0.6660461,1.0986327,2.4513784096583797,19.826700284718044,-0.9832728762541804,20.81978054889161,-359.70028,2.39743,362.09771,-17.278991406765304,298.7084858195922,1.5260298970447703,20.787115718662985,0.0,359.70028154233427,359.70028154233427,17.281952283804966,298.77603747369733,0.0,0.0,0.0,0.0,1.0,0.0,0.0,0.0,0.0
40213,1.1655884,1279.9375,-178.26724,1668.4926,-215.96875,76561199780519055,0,1331.8680353279562,0.0,0.0,0.15503722,0.0,0.19983000000001994,0.0,-0.366299999999967,0.0,-0.7659299999999405,0.0,0.0,0.15503722,1.8282483775462668,5.6240969040171114e-05,585.1532581000007,26134.133081999975,0.19983000000001994,-1.0,0.0,1,8.0,185.28462114860636,0.017201210035707532,-35.512754,1.1522644000000002,0,0,2.674600063666667,1.5173661432028158,0.9990692,6.3603973,5.3613281,0.6357582395503996,-0.8522966457076624,21.335084873333326,160.01046855597536,-179.79916,179.90112,359.70028,-0.4168461375464896,-1.8075183802782255,-0.01191639966555184,0.08536563498919077,-0.43258660000000004,0.6660461,1.0986327,2.4513784096583797,19.826700284718044,-0.9832728762541804,20.81978054889161,-359.70028,2.39743,362.09771,-17.278991406765304,298.7084858195922,1.5260298970447703,20.787115718662985,0.0,359.70028154233427,359.70028154233427,17.281952283804966,298.77603747369733,0.0,0.0,0.0,0.0,1.0,0.0,0.0,0.0,0.0
40214,1.1655884,1279.9192,-177.70111,1670.3206,-215.96875,76561199780519055,0,1331.8680353279562,0.0,0.0,0.15503722,0.0,0.5661299999999869,0.0,0.366299999999967,0.0,0.732599999999934,0.0,0.0,0.15503722,1.8280915978144818,5.695628059417029e-05,586.3188465000007,25956.431971999973,0.5661299999999869,1.0,0.0,1,8.0,173.25332559141768,0.016090258647988628,-71.243006,1.1555954,0,1,2.674600063666667,1.5173661432028158,0.9990692,6.3603973,5.3613281,0.6357582395503996,-0.8522966457076624,21.335084873333326,160.01046855597536,-179.79916,179.90112,359.70028,-0.4168461375464896,-1.8075183802782255,-0.01191639966555184,0.08536563498919077,-0.43258660000000004,0.6660461,1.0986327,2.4513784096583797,19.826700284718044,-0.9832728762541804,20.81978054889161,-359.70028,2.39743,362.09771,-17.278991406765304,298.7084858195922,1.5260298970447703,20.787115718662985,0.0,359.70028154233427,359.70028154233427,17.281952283804966,298.77603747369733,0.0,0.0,0.0,0.0,1.0,0.0,0.0,0.0,0.0
40215,1.1655884,1279.8958,-177.46799,1672.1486,-215.96875,76561199780519055,0,1331.8680353279562,0.0,0.0,0.15503722,0.0,0.23312000000001376,0.0,-0.33300999999997316,0.0,-0.6993099999999401,0.0,0.0,0.15503722,1.8281497641057498,5.29390190397216e-05,587.4844349000008,25778.963981999972,0.23312000000001376,-1.0,0.0,1,8.0,151.18206308819995,0.014044729182280363,-106.959935,1.1589264,0,0,2.674600063666667,1.5173661432028158,0.9990692,6.3603973,5.3613281,0.6357582395503996,-0.8522966457076624,21.335084873333326,160.01046855597536,-179.79916,179.90112,359.70028,-0.4168461375464896,-1.8075183802782255,-0.01191639966555184,0.08536563498919077,-0.43258660000000004,0.6660461,1.0986327,2.4513784096583797,19.826700284718044,-0.9832728762541804,20.81978054889161,-359.70028,2.39743,362.09771,-17.278991406765304,298.7084858195922,1.5260298970447703,20.787115718662985,0.0,359.70028154233427,359.70028154233427,17.281952283804966,298.77603747369733,0.0,0.0,0.0,0.0,1.0,0.0,0.0,0.0,0.0
40216,1.198883,1279.8662,-176.8689,1673.9764,-215.96875,76561199780519055,0,1331.8680353279562,0.0,0.0,0.15503722,0.03329459999999984,0.5990899999999897,0.03329459999999984,0.3659699999999759,0.03329459999999984,0.6989799999999491,0.0,0.0,0.15503722,1.8280396604012985,6.006582922833121e-05,588.6833179000008,25602.09508199997,0.6000144652332539,1.0,1.0,1,8.0,113.33094750224376,0.01569885510926769,-142.63360799999998,1.1655868600000001,1,1,2.674600063666667,1.5173661432028158,0.9990692,6.3603973,5.3613281,0.6357582395503996,-0.8522966457076624,21.335084873333326,160.01046855597536,-179.79916,179.90112,359.70028,-0.4168461375464896,-1.8075183802782255,-0.01191639966555184,0.08536563498919077,-0.43258660000000004,0.6660461,1.0986327,2.4513784096583797,19.826700284718044,-0.9832728762541804,20.81978054889161,-359.70028,2.39743,362.09771,-17.278991406765304,298.7084858195922,1.5260298970447703,20.787115718662985,0.0,359.70028154233427,359.70028154233427,17.281952283804966,298.77603747369733,0.0,0.0,0.0,0.0,1.0,0.0,0.0,0.0,0.0
40217,1.198883,1279.8303,-176.63577,1675.8042,-215.96875,76561199780519055,0,1331.8680353279562,0.0,0.0,0.15503722,0.0,0.2331299999999885,-0.03329459999999984,-0.3659600000000012,-0.06658919999999968,-0.7319299999999771,0.0,0.0,0.15503722,1.8281525237244511,5.975443842946278e-05,589.8822009000008,25425.45931199997,0.2331299999999885,-1.0,-1.0,1,8.0,1.0941164553113756,0.014038235972149102,-178.287297,1.1722473199999999,0,0,2.674600063666667,1.5173661432028158,0.9990692,6.3603973,5.3613281,0.6357582395503996,-0.8522966457076624,21.335084873333326,160.01046855597536,-179.79916,179.90112,359.70028,-0.4168461375464896,-1.8075183802782255,-0.01191639966555184,0.08536563498919077,-0.43258660000000004,0.6660461,1.0986327,2.4513784096583797,19.826700284718044,-0.9832728762541804,20.81978054889161,-359.70028,2.39743,362.09771,-17.278991406765304,298.7084858195922,1.5260298970447703,20.787115718662985,0.0,359.70028154233427,359.70028154233427,17.281952283804966,298.77603747369733,0.0,0.0,0.0,0.0,1.0,0.0,0.0,0.0,0.0
40218,1.2321777,1279.7871,-176.06964,1677.6318,-215.96875,76561199780519055,0,1331.8680353279562,0.0,0.0,0.15503722,0.03329470000000012,0.5661300000000153,0.03329470000000012,0.33300000000002683,0.06658929999999996,0.698960000000028,0.0,0.0,0.15503722,1.828110499942572,5.921784399641916e-05,591.1143786000008,25249.38967199997,0.5671082030336957,1.0,1.0,1,9.0,1.1554296101396906,0.023279806143752673,-177.91434499999997,1.17890625,1,1,2.674600063666667,1.5173661432028158,0.9990692,6.3603973,5.3613281,0.6357582395503996,-0.8522966457076624,21.335084873333326,160.01046855597536,-179.79916,179.90112,359.70028,-0.4168461375464896,-1.8075183802782255,-0.01191639966555184,0.08536563498919077,-0.43258660000000004,0.6660461,1.0986327,2.4513784096583797,19.826700284718044,-0.9832728762541804,20.81978054889161,-359.70028,2.39743,362.09771,-17.278991406765304,298.7084858195922,1.5260298970447703,20.787115718662985,0.0,359.70028154233427,359.70028154233427,17.281952283804966,298.77603747369733,0.0,0.0,0.0,0.0,1.0,0.0,0.0,0.0,0.0
40219,1.2321777,1279.736,-175.63672,1679.4592,-215.96875,76561199780519055,0,1331.8680353279562,0.0,0.0,0.15503722,0.0,0.43291999999999575,-0.03329470000000012,-0.1332100000000196,-0.06658940000000024,-0.4662100000000464,0.0,0.0,0.15503722,1.8281143208234043,5.8546625077668376e-05,592.3465563000008,25073.75295199997,0.43291999999999575,-1.0,-1.0,1,9.0,1.2227424589411873,0.028076508836168447,-177.534734,1.18556518,0,0,2.674600063666667,1.5173661432028158,0.9990692,6.3603973,5.3613281,0.6357582395503996,-0.8522966457076624,21.335084873333326,160.01046855597536,-179.79916,179.90112,359.70028,-0.4168461375464896,-1.8075183802782255,-0.01191639966555184,0.08536563498919077,-0.43258660000000004,0.6660461,1.0986327,2.4513784096583797,19.826700284718044,-0.9832728762541804,20.81978054889161,-359.70028,2.39743,362.09771,-17.278991406765304,298.7084858195922,1.5260298970447703,20.787115718662985,0.0,359.70028154233427,359.70028154233427,17.281952283804966,298.77603747369733,0.0,0.0,0.0,0.0,1.0,0.0,0.0,0.0,0.0
40220,1.2321777,1279.677,-175.4036,1681.2864,-215.96875,76561199780519055,0,1331.8680353279562,0.0,0.0,0.15503722,0.0,0.23311999999998534,0.0,-0.1998000000000104,0.03329470000000012,-0.06658999999999082,0.0,0.0,0.15503722,1.828152302189244,5.3861063017973243e-05,593.5787340000007,24898.34935199997,0.23311999999998534,-1.0,0.0,0,8.0,1.2375816431823676,0.030595669501090546,-177.155124,1.1922241100000002,0,0,2.674600063666667,1.5173661432028158,0.9990692,6.3603973,5.3613281,0.6357582395503996,-0.8522966457076624,21.335084873333326,160.01046855597536,-179.79916,179.90112,359.70028,-0.4168461375464896,-1.8075183802782255,-0.01191639966555184,0.08536563498919077,-0.43258660000000004,0.6660461,1.0986327,2.4513784096583797,19.826700284718044,-0.9832728762541804,20.81978054889161,-359.70028,2.39743,362.09771,-17.278991406765304,298.7084858195922,1.5260298970447703,20.787115718662985,0.0,359.70028154233427,359.70028154233427,17.281952283804966,298.77603747369733,0.0,0.0,0.0,0.0,1.0,0.0,0.0,0.0,0.0
40221,1.2654877,1279.6099,-175.00397,1683.1133,-215.96875,76561199780519055,0,1331.8680353279562,0.0,0.0,0.15503722,0.03330999999999995,0.39963000000000193,0.03330999999999995,0.1665100000000166,0.03330999999999995,0.366310000000027,0.0,0.0,0.15503722,1.8281318387906498,5.3407336809282354e-05,594.8442217000007,24723.345381999967,0.40101582637098193,1.0,1.0,1,9.0,1.2138689084689158,0.036643872442764146,-176.75220099999999,1.20221404,1,1,2.674600063666667,1.5173661432028158,0.9990692,6.3603973,5.3613281,0.6357582395503996,-0.8522966457076624,21.335084873333326,160.01046855597536,-179.79916,179.90112,359.70028,-0.4168461375464896,-1.8075183802782255,-0.01191639966555184,0.08536563498919077,-0.43258660000000004,0.6660461,1.0986327,2.4513784096583797,19.826700284718044,-0.9832728762541804,20.81978054889161,-359.70028,2.39743,362.09771,-17.278991406765304,298.7084858195922,1.5260298970447703,20.787115718662985,0.0,359.70028154233427,359.70028154233427,17.281952283804966,298.77603747369733,0.0,0.0,0.0,0.0,1.0,0.0,0.0,0.0,0.0
40222,1.2654877,1279.5343,-174.70425,1684.9398,-215.96875,76561199780519055,0,1331.8680353279562,0.0,0.0,0.15503722,0.0,0.29972000000000776,-0.03330999999999995,-0.09990999999999417,-0.0666199999999999,-0.26642000000001076,0.0,0.0,0.15503722,1.8280638965857938,5.7580090495709316e-05,596.1097094000007,24548.641131999968,0.29972000000000776,-1.0,-1.0,1,9.0,1.206406312544618,0.039085507428870445,-176.375919,1.21220397,0,0,2.674600063666667,1.5173661432028158,0.9990692,6.3603973,5.3613281,0.6357582395503996,-0.8522966457076624,21.335084873333326,160.01046855597536,-179.79916,179.90112,359.70028,-0.4168461375464896,-1.8075183802782255,-0.01191639966555184,0.08536563498919077,-0.43258660000000004,0.6660461,1.0986327,2.4513784096583797,19.826700284718044,-0.9832728762541804,20.81978054889161,-359.70028,2.39743,362.09771,-17.278991406765304,298.7084858195922,1.5260298970447703,20.787115718662985,0.0,359.70028154233427,359.70028154233427,17.281952283804966,298.77603747369733,0.0,0.0,0.0,0.0,1.0,0.0,0.0,0.0,0.0
40223,1.2654877,1279.4507,-174.53773,1686.766,-215.96875,76561199780519055,0,1331.8680353279562,0.0,0.0,0.15503722,0.0,0.16651999999999134,0.0,-0.13320000000001642,0.03330999999999995,-0.033290000000022246,0.0,0.0,0.15503722,1.8281125238890206,3.808928482691499e-05,597.3751971000007,24374.103401999968,0.16651999999999134,-1.0,0.0,0,8.0,1.1308632351338956,0.038610950549450566,-176.002968,1.2221939,0,0,2.674600063666667,1.5173661432028158,0.9990692,6.3603973,5.3613281,0.6357582395503996,-0.8522966457076624,21.335084873333326,160.01046855597536,-179.79916,179.90112,359.70028,-0.4168461375464896,-1.8075183802782255,-0.01191639966555184,0.08536563498919077,-0.43258660000000004,0.6660461,1.0986327,2.4513784096583797,19.826700284718044,-0.9832728762541804,20.81978054889161,-359.70028,2.39743,362.09771,-17.278991406765304,298.7084858195922,1.5260298970447703,20.787115718662985,0.0,359.70028154233427,359.70028154233427,17.281952283804966,298.77603747369733,0.0,0.0,0.0,0.0,1.0,0.0,0.0,0.0,0.0
40224,1.2987976,1279.3586,-174.20471,1688.5918,-215.96875,76561199780519055,0,1331.8680353279562,0.0,0.0,0.15503722,0.033309900000000114,0.33302000000000476,0.033309900000000114,0.16650000000001342,0.033309900000000114,0.29970000000002983,0.0,0.0,0.15503722,1.828121453842563,3.7487079006146605e-05,598.6739947000007,24199.898691999966,0.33468174410626755,1.0,1.0,1,8.0,1.0871588453700718,0.039870240430627486,-175.653328,1.2355148200000001,1,1,2.674600063666667,1.5173661432028158,0.9990692,6.3603973,5.3613281,0.6357582395503996,-0.8522966457076624,21.335084873333326,160.01046855597536,-179.79916,179.90112,359.70028,-0.4168461375464896,-1.8075183802782255,-0.01191639966555184,0.08536563498919077,-0.43258660000000004,0.6660461,1.0986327,2.4513784096583797,19.826700284718044,-0.9832728762541804,20.81978054889161,-359.70028,2.39743,362.09771,-17.278991406765304,298.7084858195922,1.5260298970447703,20.787115718662985,0.0,359.70028154233427,359.70028154233427,17.281952283804966,298.77603747369733,0.0,0.0,0.0,0.0,1.0,0.0,0.0,0.0,0.0
40225,1.2987976,1279.2585,-174.03821,1690.4172,-215.96875,76561199780519055,0,1331.8680353279562,0.0,0.0,0.15503722,0.0,0.16650000000001342,-0.033309900000000114,-0.16651999999999134,-0.06661980000000023,-0.33302000000000476,0.0,0.0,0.15503722,1.8281425464116992,3.6804026277600066e-05,599.9727923000006,24025.860481999967,0.16650000000001342,-1.0,-1.0,1,8.0,0.9875051668184064,0.03597415983423493,-175.31035000000003,1.24883574,0,0,2.674600063666667,1.5173661432028158,0.9990692,6.3603973,5.3613281,0.6357582395503996,-0.8522966457076624,21.335084873333326,160.01046855597536,-179.79916,179.90112,359.70028,-0.4168461375464896,-1.8075183802782255,-0.01191639966555184,0.08536563498919077,-0.43258660000000004,0.6660461,1.0986327,2.4513784096583797,19.826700284718044,-0.9832728762541804,20.81978054889161,-359.70028,2.39743,362.09771,-17.278991406765304,298.7084858195922,1.5260298970447703,20.787115718662985,0.0,359.70028154233427,359.70028154233427,17.281952283804966,298.77603747369733,0.0,0.0,0.0,0.0,1.0,0.0,0.0,0.0,0.0
40226,1.2987976,1279.1494,-173.50537,1692.2421,-215.96875,76561199780519055,0,1331.8680353279562,0.0,0.0,0.15503722,0.0,0.5328399999999931,0.0,0.3663399999999797,0.033309900000000114,0.532859999999971,0.0,0.0,0.15503722,1.8281583137133954,2.8251094555772142e-05,601.2715899000005,23852.35511199997,0.5328399999999931,1.0,0.0,1,8.0,0.9703401111779328,0.03439941871900233,-174.973997,1.2588272,0,1,2.674600063666667,1.5173661432028158,0.9990692,6.3603973,5.3613281,0.6357582395503996,-0.8522966457076624,21.335084873333326,160.01046855597536,-179.79916,179.90112,359.70028,-0.4168461375464896,-1.8075183802782255,-0.01191639966555184,0.08536563498919077,-0.43258660000000004,0.6660461,1.0986327,2.4513784096583797,19.826700284718044,-0.9832728762541804,20.81978054889161,-359.70028,2.39743,362.09771,-17.278991406765304,298.7084858195922,1.5260298970447703,20.787115718662985,0.0,359.70028154233427,359.70028154233427,17.281952283804966,298.77603747369733,0.0,0.0,0.0,0.0,1.0,0.0,0.0,0.0,0.0
40227,1.2987976,1279.031,-173.03912,1694.0664,-215.96875,76561199780519055,0,1331.8680353279562,0.0,0.0,0.15503722,0.0,0.4662500000000023,0.0,-0.06658999999999082,0.0,-0.4329299999999705,0.0,0.0,0.15503722,1.82813813755963,2.709421433511665e-05,602.5703875000005,23679.315991999967,0.4662500000000023,-1.0,0.0,1,8.0,0.9523485450655925,0.02916602495875168,-174.61433200000002,1.2688186600000002,0,0,2.674600063666667,1.5173661432028158,0.9990692,6.3603973,5.3613281,0.6357582395503996,-0.8522966457076624,21.335084873333326,160.01046855597536,-179.79916,179.90112,359.70028,-0.4168461375464896,-1.8075183802782255,-0.01191639966555184,0.08536563498919077,-0.43258660000000004,0.6660461,1.0986327,2.4513784096583797,19.826700284718044,-0.9832728762541804,20.81978054889161,-359.70028,2.39743,362.09771,-17.278991406765304,298.7084858195922,1.5260298970447703,20.787115718662985,0.0,359.70028154233427,359.70028154233427,17.281952283804966,298.77603747369733,0.0,0.0,0.0,0.0,1.0,0.0,0.0,0.0,0.0
40228,1.2654877,1278.9033,-172.73941,1695.89,-215.96875,76561199780519055,0,1331.8680353279562,0.0,0.0,0.15503722,-0.033309900000000114,0.2997100000000046,-0.033309900000000114,-0.1665399999999977,-0.033309900000000114,-0.09995000000000687,0.0,0.0,0.15503722,1.8280657127140205,3.2784973026122914e-05,603.8358752000005,23506.57658199997,0.3015553573359504,-1.0,-1.0,0,7.0,0.9690245787231802,0.026275237268937327,-174.28130900000002,1.27214966,0,0,2.674600063666667,1.5173661432028158,0.9990692,6.3603973,5.3613281,0.6357582395503996,-0.8522966457076624,21.335084873333326,160.01046855597536,-179.79916,179.90112,359.70028,-0.4168461375464896,-1.8075183802782255,-0.01191639966555184,0.08536563498919077,-0.43258660000000004,0.6660461,1.0986327,2.4513784096583797,19.826700284718044,-0.9832728762541804,20.81978054889161,-359.70028,2.39743,362.09771,-17.278991406765304,298.7084858195922,1.5260298970447703,20.787115718662985,0.0,359.70028154233427,359.70028154233427,17.281952283804966,298.77603747369733,0.0,0.0,0.0,0.0,1.0,0.0,0.0,0.0,0.0
40229,1.2654877,1278.7659,-172.30649,1697.713,-215.96875,76561199780519055,0,1331.8680353279562,0.0,0.0,0.15503722,0.0,0.43291999999999575,0.033309900000000114,0.13320999999999117,0.06661980000000023,0.29974999999998886,0.0,0.0,0.15503722,1.8281706047301673,3.6322181039178564e-05,605.1013629000005,23334.27009199997,0.43291999999999575,1.0,1.0,1,7.0,1.0222418514702811,0.02248249036386223,-173.948286,1.27548066,0,1,2.674600063666667,1.5173661432028158,0.9990692,6.3603973,5.3613281,0.6357582395503996,-0.8522966457076624,21.335084873333326,160.01046855597536,-179.79916,179.90112,359.70028,-0.4168461375464896,-1.8075183802782255,-0.01191639966555184,0.08536563498919077,-0.43258660000000004,0.6660461,1.0986327,2.4513784096583797,19.826700284718044,-0.9832728762541804,20.81978054889161,-359.70028,2.39743,362.09771,-17.278991406765304,298.7084858195922,1.5260298970447703,20.787115718662985,0.0,359.70028154233427,359.70028154233427,17.281952283804966,298.77603747369733,0.0,0.0,0.0,0.0,1.0,0.0,0.0,0.0,0.0
40230,1.2654877,1278.619,-172.13997,1699.5353,-215.96875,76561199780519055,0,1331.8680353279562,0.0,0.0,0.15503722,0.0,0.16651999999999134,0.0,-0.2664000000000044,-0.033309900000000114,-0.3996099999999956,0.0,0.0,0.15503722,1.8282113936851516,4.491517085553379e-05,606.3668506000005,23162.13012199997,0.16651999999999134,-1.0,0.0,1,8.0,1.026955882729048,0.017201158395908706,-173.62192299999998,1.2788116600000001,0,0,2.674600063666667,1.5173661432028158,0.9990692,6.3603973,5.3613281,0.6357582395503996,-0.8522966457076624,21.335084873333326,160.01046855597536,-179.79916,179.90112,359.70028,-0.4168461375464896,-1.8075183802782255,-0.01191639966555184,0.08536563498919077,-0.43258660000000004,0.6660461,1.0986327,2.4513784096583797,19.826700284718044,-0.9832728762541804,20.81978054889161,-359.70028,2.39743,362.09771,-17.278991406765304,298.7084858195922,1.5260298970447703,20.787115718662985,0.0,359.70028154233427,359.70028154233427,17.281952283804966,298.77603747369733,0.0,0.0,0.0,0.0,1.0,0.0,0.0,0.0,0.0
40231,1.2654877,1278.4631,-171.94016,1701.3567,-215.96875,76561199780519055,0,1331.8680353279562,0.0,0.0,0.15503722,0.0,0.1998100000000136,0.0,0.033290000000022246,0.0,0.29969000000002666,0.0,0.0,0.15503722,1.8280598376421207,5.032537617064931e-05,607.6323383000005,22990.18996199997,0.1998100000000136,1.0,0.0,1,8.0,1.0258506048909344,0.017201158395908706,-173.315542,1.2788116600000001,0,1,2.674600063666667,1.5173661432028158,0.9990692,6.3603973,5.3613281,0.6357582395503996,-0.8522966457076624,21.335084873333326,160.01046855597536,-179.79916,179.90112,359.70028,-0.4168461375464896,-1.8075183802782255,-0.01191639966555184,0.08536563498919077,-0.43258660000000004,0.6660461,1.0986327,2.4513784096583797,19.826700284718044,-0.9832728762541804,20.81978054889161,-359.70028,2.39743,362.09771,-17.278991406765304,298.7084858195922,1.5260298970447703,20.787115718662985,0.0,359.70028154233427,359.70028154233427,17.281952283804966,298.77603747369733,0.0,0.0,0.0,0.0,1.0,0.0,0.0,0.0,0.0
40232,1.2654877,1278.2988,-171.94016,1703.1774,-215.96875,76561199780519055,0,1331.8680353279562,0.0,0.0,0.15503722,0.0,0.0,0.0,-0.1998100000000136,0.0,-0.23310000000003583,0.0,0.0,0.15503722,1.8280981866409494,4.678532769116664e-05,608.8978260000005,22818.249801999973,0.0,-1.0,0.0,1,8.0,0.9815221487196731,0.017201158395908706,-173.039133,1.2788116600000001,0,0,2.674600063666667,1.5173661432028158,0.9990692,6.3603973,5.3613281,0.6357582395503996,-0.8522966457076624,21.335084873333326,160.01046855597536,-179.79916,179.90112,359.70028,-0.4168461375464896,-1.8075183802782255,-0.01191639966555184,0.08536563498919077,-0.43258660000000004,0.6660461,1.0986327,2.4513784096583797,19.826700284718044,-0.9832728762541804,20.81978054889161,-359.70028,2.39743,362.09771,-17.278991406765304,298.7084858195922,1.5260298970447703,20.787115718662985,0.0,359.70028154233427,359.70028154233427,17.281952283804966,298.77603747369733,0.0,0.0,0.0,0.0,1.0,0.0,0.0,0.0,0.0
40233,1.2987976,1278.127,-171.97345,1704.9974,-215.96875,76561199780519055,0,1331.8680353279562,0.0,0.0,0.15503722,0.033309900000000114,-0.033290000000022246,0.033309900000000114,-0.033290000000022246,0.033309900000000114,0.16651999999999134,0.0,0.0,0.15503722,1.8280905995053403,4.8080220300348785e-05,610.1966236000004,22646.27635199997,0.0470932430186273,-1.0,1.0,0,8.0,0.8757730332610408,0.017555858772789305,-172.78270500000002,1.2821426500000002,1,0,2.674600063666667,1.5173661432028158,0.9990692,6.3603973,5.3613281,0.6357582395503996,-0.8522966457076624,21.335084873333326,160.01046855597536,-179.79916,179.90112,359.70028,-0.4168461375464896,-1.8075183802782255,-0.01191639966555184,0.08536563498919077,-0.43258660000000004,0.6660461,1.0986327,2.4513784096583797,19.826700284718044,-0.9832728762541804,20.81978054889161,-359.70028,2.39743,362.09771,-17.278991406765304,298.7084858195922,1.5260298970447703,20.787115718662985,0.0,359.70028154233427,359.70028154233427,17.281952283804966,298.77603747369733,0.0,0.0,0.0,0.0,1.0,0.0,0.0,0.0,0.0
40234,1.2987976,1277.9489,-172.13997,1706.8169,-215.96875,76561199780519055,0,1331.8680353279562,0.0,0.0,0.15503722,0.0,-0.16651999999999134,-0.033309900000000114,-0.1332299999999691,-0.06661980000000023,-0.09993999999994685,0.0,0.0,0.15503722,1.8281957936720494,5.286355115716538e-05,611.4954212000004,22474.13638199997,0.16651999999999134,-1.0,-1.0,0,7.0,0.7354137599961384,0.017555858772789305,-172.576231,1.2821426500000002,0,0,2.674600063666667,1.5173661432028158,0.9990692,6.3603973,5.3613281,0.6357582395503996,-0.8522966457076624,21.335084873333326,160.01046855597536,-179.79916,179.90112,359.70028,-0.4168461375464896,-1.8075183802782255,-0.01191639966555184,0.08536563498919077,-0.43258660000000004,0.6660461,1.0986327,2.4513784096583797,19.826700284718044,-0.9832728762541804,20.81978054889161,-359.70028,2.39743,362.09771,-17.278991406765304,298.7084858195922,1.5260298970447703,20.787115718662985,0.0,359.70028154233427,359.70028154233427,17.281952283804966,298.77603747369733,0.0,0.0,0.0,0.0,1.0,0.0,0.0,0.0,0.0
40235,1.2987976,1277.7654,-172.27318,1708.6357,-215.96875,76561199780519055,0,1331.8680353279562,0.0,0.0,0.15503722,0.0,-0.13320999999999117,0.0,0.03331000000000017,0.033309900000000114,0.16653999999996927,0.0,0.0,0.15503722,1.8280332847079321,6.131322189132453e-05,612.7942188000003,22301.86320199997,0.13320999999999117,1.0,0.0,1,7.0,0.5281440047304825,0.017555858772789305,-172.39972799999998,1.2821426500000002,0,1,2.674600063666667,1.5173661432028158,0.9990692,6.3603973,5.3613281,0.6357582395503996,-0.8522966457076624,21.335084873333326,160.01046855597536,-179.79916,179.90112,359.70028,-0.4168461375464896,-1.8075183802782255,-0.01191639966555184,0.08536563498919077,-0.43258660000000004,0.6660461,1.0986327,2.4513784096583797,19.826700284718044,-0.9832728762541804,20.81978054889161,-359.70028,2.39743,362.09771,-17.278991406765304,298.7084858195922,1.5260298970447703,20.787115718662985,0.0,359.70028154233427,359.70028154233427,17.281952283804966,298.77603747369733,0.0,0.0,0.0,0.0,1.0,0.0,0.0,0.0,0.0
40236,1.2987976,1277.5781,-172.70612,1710.4542,-215.96875,76561199780519055,0,1331.8680353279562,0.0,0.0,0.15503722,0.0,-0.4329400000000021,0.0,-0.29973000000001093,0.0,-0.3330400000000111,0.0,0.0,0.15503722,1.8281202203354963,5.9988310943999785e-05,614.0930164000002,22129.157081999972,0.4329400000000021,-1.0,0.0,1,7.0,0.3826772032296049,0.017555858772789305,-172.319803,1.2821426500000002,0,0,2.674600063666667,1.5173661432028158,0.9990692,6.3603973,5.3613281,0.6357582395503996,-0.8522966457076624,21.335084873333326,160.01046855597536,-179.79916,179.90112,359.70028,-0.4168461375464896,-1.8075183802782255,-0.01191639966555184,0.08536563498919077,-0.43258660000000004,0.6660461,1.0986327,2.4513784096583797,19.826700284718044,-0.9832728762541804,20.81978054889161,-359.70028,2.39743,362.09771,-17.278991406765304,298.7084858195922,1.5260298970447703,20.787115718662985,0.0,359.70028154233427,359.70028154233427,17.281952283804966,298.77603747369733,0.0,0.0,0.0,0.0,1.0,0.0,0.0,0.0,0.0
40237,1.2654877,1277.3877,-172.90591,1712.2725,-215.96875,76561199780519055,0,1331.8680353279562,0.0,0.0,0.15503722,-0.033309900000000114,-0.19979000000000724,-0.033309900000000114,0.23314999999999486,-0.033309900000000114,0.5328800000000058,0.0,0.0,0.15503722,1.8282415185091043,7.156344648976815e-05,615.3585041000002,21956.25117199997,0.20254775619101018,1.0,-1.0,1,7.0,0.35626247430709185,0.01720115839590871,-172.30648200000002,1.2788116600000001,0,0,2.674600063666667,1.5173661432028158,0.9990692,6.3603973,5.3613281,0.6357582395503996,-0.8522966457076624,21.335084873333326,160.01046855597536,-179.79916,179.90112,359.70028,-0.4168461375464896,-1.8075183802782255,-0.01191639966555184,0.08536563498919077,-0.43258660000000004,0.6660461,1.0986327,2.4513784096583797,19.826700284718044,-0.9832728762541804,20.81978054889161,-359.70028,2.39743,362.09771,-17.278991406765304,298.7084858195922,1.5260298970447703,20.787115718662985,0.0,359.70028154233427,359.70028154233427,17.281952283804966,298.77603747369733,0.0,0.0,0.0,0.0,1.0,0.0,0.0,0.0,0.0
40238,1.2321777,1277.2036,-172.97253,1714.0244,-210.96875,76561199780519055,0,1331.8680353279562,0.0,0.0,0.15503722,-0.03330999999999995,-0.06662000000000035,-9.999999983634211e-08,0.1331700000000069,0.03330980000000028,-0.09997999999998797,0.0,0.0,0.15503722,5.30123065146197,1.0982890548745754,616.5906818000002,21783.278641999972,0.07448342433051829,1.0,-1.0,0,7.0,0.39342729768517665,0.02248249036386223,-172.329794,1.27548066,0,1,2.674600063666667,1.5173661432028158,0.9990692,6.3603973,5.3613281,0.6357582395503996,-0.8522966457076624,21.335084873333326,160.01046855597536,-179.79916,179.90112,359.70028,-0.4168461375464896,-1.8075183802782255,-0.01191639966555184,0.08536563498919077,-0.43258660000000004,0.6660461,1.0986327,2.4513784096583797,19.826700284718044,-0.9832728762541804,20.81978054889161,-359.70028,2.39743,362.09771,-17.278991406765304,298.7084858195922,1.5260298970447703,20.787115718662985,0.0,359.70028154233427,359.70028154233427,17.281952283804966,298.77603747369733,0.0,0.0,0.0,0.0,1.0,0.0,0.0,0.0,0.0
40239,1.2321777,1277.0343,-173.40546,1715.6368,-210.96875,76561199780519055,0,1331.8680353279562,0.0,0.0,0.15503722,0.0,-0.4329299999999989,0.03330999999999995,-0.3663099999999986,0.03331009999999979,-0.4994800000000055,0.0,0.0,0.15503722,1.6212637817455682,1.107468885580271,617.8228595000002,21609.87318199997,0.4329299999999989,-1.0,1.0,1,7.0,0.5194875795889714,0.026275237268937327,-172.43969099999998,1.2721496600000002,0,0,2.674600063666667,1.5173661432028158,0.9990692,6.3603973,5.3613281,0.6357582395503996,-0.8522966457076624,21.335084873333326,160.01046855597536,-179.79916,179.90112,359.70028,-0.4168461375464896,-1.8075183802782255,-0.01191639966555184,0.08536563498919077,-0.43258660000000004,0.6660461,1.0986327,2.4513784096583797,19.826700284718044,-0.9832728762541804,20.81978054889161,-359.70028,2.39743,362.09771,-17.278991406765304,298.7084858195922,1.5260298970447703,20.787115718662985,0.0,359.70028154233427,359.70028154233427,17.281952283804966,298.77603747369733,0.0,0.0,0.0,0.0,1.0,0.0,0.0,0.0,0.0
40240,1.2321777,1276.8816,-173.87169,1717.0892,-210.96875,76561199780519055,0,1331.8680353279562,0.0,0.0,0.15503722,0.0,-0.4662299999999959,0.0,-0.033299999999997,-0.03330999999999995,0.3330100000000016,0.0,0.0,0.15503722,1.460405097909389,1.1254800732351091,619.0550372000001,21436.00149199997,0.4662299999999959,-1.0,0.0,0,6.0,0.6741009774709038,0.02916602495875168,-172.612863,1.26881866,0,0,2.674600063666667,1.5173661432028158,0.9990692,6.3603973,5.3613281,0.6357582395503996,-0.8522966457076624,21.335084873333326,160.01046855597536,-179.79916,179.90112,359.70028,-0.4168461375464896,-1.8075183802782255,-0.01191639966555184,0.08536563498919077,-0.43258660000000004,0.6660461,1.0986327,2.4513784096583797,19.826700284718044,-0.9832728762541804,20.81978054889161,-359.70028,2.39743,362.09771,-17.278991406765304,298.7084858195922,1.5260298970447703,20.787115718662985,0.0,359.70028154233427,359.70028154233427,17.281952283804966,298.77603747369733,0.0,0.0,0.0,0.0,1.0,0.0,0.0,0.0,0.0
40241,1.2321777,1276.7415,-174.03821,1718.4236,-210.96875,76561199780519055,0,1331.8680353279562,0.0,0.0,0.15503722,0.0,-0.16651999999999134,0.0,0.2997100000000046,0.0,0.3330100000000016,0.0,0.0,0.15503722,1.3417344632975843,1.1496470384474569,620.2872149000001,21261.96328199997,0.16651999999999134,1.0,0.0,1,6.0,0.7622053175122293,0.03140492203505491,-172.822668,1.26548766,0,0,2.674600063666667,1.5173661432028158,0.9990692,6.3603973,5.3613281,0.6357582395503996,-0.8522966457076624,21.335084873333326,160.01046855597536,-179.79916,179.90112,359.70028,-0.4168461375464896,-1.8075183802782255,-0.01191639966555184,0.08536563498919077,-0.43258660000000004,0.6660461,1.0986327,2.4513784096583797,19.826700284718044,-0.9832728762541804,20.81978054889161,-359.70028,2.39743,362.09771,-17.278991406765304,298.7084858195922,1.5260298970447703,20.787115718662985,0.0,359.70028154233427,359.70028154233427,17.281952283804966,298.77603747369733,0.0,0.0,0.0,0.0,1.0,0.0,0.0,0.0,0.0
40242,1.2321777,1276.6124,-174.1048,1719.6494,-210.96875,76561199780519055,0,1331.8680353279562,0.0,0.0,0.15503722,0.0,-0.06659000000001924,0.0,0.0999299999999721,0.0,-0.1997800000000325,0.0,0.0,0.15503722,1.2325795917505165,1.1785915589409126,621.5193926000001,21087.85848199997,0.06659000000001924,1.0,0.0,0,5.0,0.7905755973969254,0.033124378363057726,-173.03913200000002,1.26215666,0,0,2.674600063666667,1.5173661432028158,0.9990692,6.3603973,5.3613281,0.6357582395503996,-0.8522966457076624,21.335084873333326,160.01046855597536,-179.79916,179.90112,359.70028,-0.4168461375464896,-1.8075183802782255,-0.01191639966555184,0.08536563498919077,-0.43258660000000004,0.6660461,1.0986327,2.4513784096583797,19.826700284718044,-0.9832728762541804,20.81978054889161,-359.70028,2.39743,362.09771,-17.278991406765304,298.7084858195922,1.5260298970447703,20.787115718662985,0.0,359.70028154233427,359.70028154233427,17.281952283804966,298.77603747369733,0.0,0.0,0.0,0.0,1.0,0.0,0.0,0.0,0.0
40243,1.2321777,1276.4939,-174.1048,1720.7743,-210.96875,76561199780519055,0,1331.8680353279562,0.0,0.0,0.15503722,0.0,0.0,0.0,0.06659000000001924,0.0,-0.03333999999995285,0.0,0.0,0.15503722,1.1311243344566795,1.2107006397078597,622.7515703,20913.75368199997,0.0,1.0,0.0,0,5.0,0.7579792474179009,0.03160059498112228,-173.252267,1.25549467,0,1,2.674600063666667,1.5173661432028158,0.9990692,6.3603973,5.3613281,0.6357582395503996,-0.8522966457076624,21.335084873333326,160.01046855597536,-179.79916,179.90112,359.70028,-0.4168461375464896,-1.8075183802782255,-0.01191639966555184,0.08536563498919077,-0.43258660000000004,0.6660461,1.0986327,2.4513784096583797,19.826700284718044,-0.9832728762541804,20.81978054889161,-359.70028,2.39743,362.09771,-17.278991406765304,298.7084858195922,1.5260298970447703,20.787115718662985,0.0,359.70028154233427,359.70028154233427,17.281952283804966,298.77603747369733,0.0,0.0,0.0,0.0,1.0,0.0,0.0,0.0,0.0
40244,1.2321777,1276.3861,-174.30463,1721.7981,-210.96875,76561199780519055,0,1331.8680353279562,0.0,0.0,0.15503722,0.0,-0.19982999999999151,0.0,-0.19982999999999151,0.0,-0.26642000000001076,0.0,0.0,0.15503722,1.0294597029509565,1.2447712075328012,623.983748,20739.44905199997,0.19982999999999151,-1.0,0.0,1,6.0,0.712778665322176,0.02830801744351999,-173.468733,1.24883268,0,0,2.674600063666667,1.5173661432028158,0.9990692,6.3603973,5.3613281,0.6357582395503996,-0.8522966457076624,21.335084873333326,160.01046855597536,-179.79916,179.90112,359.70028,-0.4168461375464896,-1.8075183802782255,-0.01191639966555184,0.08536563498919077,-0.43258660000000004,0.6660461,1.0986327,2.4513784096583797,19.826700284718044,-0.9832728762541804,20.81978054889161,-359.70028,2.39743,362.09771,-17.278991406765304,298.7084858195922,1.5260298970447703,20.787115718662985,0.0,359.70028154233427,359.70028154233427,17.281952283804966,298.77603747369733,0.0,0.0,0.0,0.0,1.0,0.0,0.0,0.0,0.0
40245,1.3320923,1276.2891,-174.57104,1722.7208,-210.96875,76561199780519055,0,1331.8680353279562,0.0,0.0,0.15503722,0.09991459999999996,-0.2664100000000076,0.09991459999999996,-0.06658000000001607,0.09991459999999996,0.13324999999997544,0.0,0.0,0.15503722,0.927784614013478,1.2794292089109587,625.3158403,20564.878011999972,0.284529814594471,-1.0,1.0,0,5.0,0.6523630993146322,0.035803339464624925,-173.698519,1.25216215,1,0,2.674600063666667,1.5173661432028158,0.9990692,6.3603973,5.3613281,0.6357582395503996,-0.8522966457076624,21.335084873333326,160.01046855597536,-179.79916,179.90112,359.70028,-0.4168461375464896,-1.8075183802782255,-0.01191639966555184,0.08536563498919077,-0.43258660000000004,0.6660461,1.0986327,2.4513784096583797,19.826700284718044,-0.9832728762541804,20.81978054889161,-359.70028,2.39743,362.09771,-17.278991406765304,298.7084858195922,1.5260298970447703,20.787115718662985,0.0,359.70028154233427,359.70028154233427,17.281952283804966,298.77603747369733,0.0,0.0,0.0,0.0,1.0,0.0,0.0,0.0,0.0
40246,1.3986969,1276.2028,-174.87076,1723.5425,-210.96875,76561199780519055,0,1331.8680353279562,0.0,0.0,0.15503722,0.06660460000000001,-0.29971999999997934,-0.03330999999999995,-0.03330999999997175,-0.13322459999999992,0.03327000000004432,0.0,0.0,0.15503722,0.8262194502672584,1.313172777434821,626.7145372,20390.00725199997,0.30703135204918014,-1.0,-1.0,0,4.0,0.6455768371556359,0.05757747707623857,-173.914983,1.2621520800000001,0,0,2.674600063666667,1.5173661432028158,0.9990692,6.3603973,5.3613281,0.6357582395503996,-0.8522966457076624,21.335084873333326,160.01046855597536,-179.79916,179.90112,359.70028,-0.4168461375464896,-1.8075183802782255,-0.01191639966555184,0.08536563498919077,-0.43258660000000004,0.6660461,1.0986327,2.4513784096583797,19.826700284718044,-0.9832728762541804,20.81978054889161,-359.70028,2.39743,362.09771,-17.278991406765304,298.7084858195922,1.5260298970447703,20.787115718662985,0.0,359.70028154233427,359.70028154233427,17.281952283804966,298.77603747369733,0.0,0.0,0.0,0.0,1.0,0.0,0.0,0.0,0.0
40247,1.4985962,1276.1272,-175.43689,1724.2631,-210.96875,76561199780519055,0,1331.8680353279562,0.0,0.0,0.15503722,0.09989929999999991,-0.5661300000000153,0.0332946999999999,-0.266410000000036,0.06660469999999985,-0.23310000000006426,0.0,0.0,0.15503722,0.7245548426446687,1.3444051955071172,628.2131334,20214.57036199997,0.5748765493916997,-1.0,1.0,0,3.0,0.6998659947389365,0.09445588684833357,-174.168081,1.28546293,1,0,2.674600063666667,1.5173661432028158,0.9990692,6.3603973,5.3613281,0.6357582395503996,-0.8522966457076624,21.335084873333326,160.01046855597536,-179.79916,179.90112,359.70028,-0.4168461375464896,-1.8075183802782255,-0.01191639966555184,0.08536563498919077,-0.43258660000000004,0.6660461,1.0986327,2.4513784096583797,19.826700284718044,-0.9832728762541804,20.81978054889161,-359.70028,2.39743,362.09771,-17.278991406765304,298.7084858195922,1.5260298970447703,20.787115718662985,0.0,359.70028154233427,359.70028154233427,17.281952283804966,298.77603747369733,0.0,0.0,0.0,0.0,1.0,0.0,0.0,0.0,0.0
40248,1.5319061,1276.0614,-175.5701,1724.8903,-210.96875,76561199780519055,0,1331.8680353279562,0.0,0.0,0.15503722,0.033309900000000114,-0.13320999999999117,-0.0665893999999998,0.4329200000000242,-0.0998840999999997,0.6993300000000602,0.0,0.0,0.15503722,0.6306421172108184,0.32470227375220356,629.7450395,20039.00026199997,0.13731152004842004,1.0,-1.0,1,4.0,0.6887903880150837,0.11981858507741573,-174.427838,1.3154357700000001,0,0,2.674600063666667,1.5173661432028158,0.9990692,6.3603973,5.3613281,0.6357582395503996,-0.8522966457076624,21.335084873333326,160.01046855597536,-179.79916,179.90112,359.70028,-0.4168461375464896,-1.8075183802782255,-0.01191639966555184,0.08536563498919077,-0.43258660000000004,0.6660461,1.0986327,2.4513784096583797,19.826700284718044,-0.9832728762541804,20.81978054889161,-359.70028,2.39743,362.09771,-17.278991406765304,298.7084858195922,1.5260298970447703,20.787115718662985,0.0,359.70028154233427,359.70028154233427,17.281952283804966,298.77603747369733,0.0,0.0,0.0,0.0,1.0,0.0,0.0,0.0,0.0
40249,1.4985962,1276.0195,-175.5701,1725.2466,-210.96875,76561199780519055,0,1331.8680353279562,0.0,0.0,0.15503722,-0.033309900000000114,0.0,-0.06661980000000023,0.13320999999999117,-3.0400000000430083e-05,-0.299710000000033,0.0,0.0,0.15503722,0.35875520902132907,0.34131697737017463,631.2436356999999,19863.430161999968,0.033309900000000114,1.0,-1.0,0,3.0,0.6717166115754858,0.1285502042666681,-174.644302,1.34207762,0,1,2.674600063666667,1.5173661432028158,0.9990692,6.3603973,5.3613281,0.6357582395503996,-0.8522966457076624,21.335084873333326,160.01046855597536,-179.79916,179.90112,359.70028,-0.4168461375464896,-1.8075183802782255,-0.01191639966555184,0.08536563498919077,-0.43258660000000004,0.6660461,1.0986327,2.4513784096583797,19.826700284718044,-0.9832728762541804,20.81978054889161,-359.70028,2.39743,362.09771,-17.278991406765304,298.7084858195922,1.5260298970447703,20.787115718662985,0.0,359.70028154233427,359.70028154233427,17.281952283804966,298.77603747369733,0.0,0.0,0.0,0.0,1.0,0.0,0.0,0.0,0.0
40250,1.4653015,1276.0055,-175.63672,1725.3015,-210.96875,76561199780519055,0,1331.8680353279562,0.0,0.0,0.15503722,-0.0332946999999999,-0.06662000000000035,1.5200000000215041e-05,-0.06662000000000035,0.06663500000000044,-0.19982999999999151,0.0,0.0,0.15503722,0.056656950147472726,0.3992782500348962,632.7089371999999,19687.79344199997,0.07447658321976136,-1.0,1.0,1,4.0,0.6780085176856263,0.12753990953885846,-174.820805,1.36539,0,0,2.674600063666667,1.5173661432028158,0.9990692,6.3603973,5.3613281,0.6357582395503996,-0.8522966457076624,21.335084873333326,160.01046855597536,-179.79916,179.90112,359.70028,-0.4168461375464896,-1.8075183802782255,-0.01191639966555184,0.08536563498919077,-0.43258660000000004,0.6660461,1.0986327,2.4513784096583797,19.826700284718044,-0.9832728762541804,20.81978054889161,-359.70028,2.39743,362.09771,-17.278991406765304,298.7084858195922,1.5260298970447703,20.787115718662985,0.0,359.70028154233427,359.70028154233427,17.281952283804966,298.77603747369733,0.0,0.0,0.0,0.0,1.0,0.0,0.0,0.0,0.0
40251,1.4985962,1276.0149,-175.86983,1725.1722,-210.96875,76561199780519055,0,1331.8680353279562,0.0,0.0,0.15503722,0.0332946999999999,-0.2331100000000106,0.0665893999999998,-0.16649000000001024,0.06657419999999958,-0.0998700000000099,0.0,0.0,0.15503722,0.12964123572387473,0.40915985811152333,634.2075333999999,19511.92361199997,0.23547570819108907,-1.0,1.0,0,3.0,0.690392423404466,0.12440898049915206,-175.00396700000002,1.39203185,0,0,2.674600063666667,1.5173661432028158,0.9990692,6.3603973,5.3613281,0.6357582395503996,-0.8522966457076624,21.335084873333326,160.01046855597536,-179.79916,179.90112,359.70028,-0.4168461375464896,-1.8075183802782255,-0.01191639966555184,0.08536563498919077,-0.43258660000000004,0.6660461,1.0986327,2.4513784096583797,19.826700284718044,-0.9832728762541804,20.81978054889161,-359.70028,2.39743,362.09771,-17.278991406765304,298.7084858195922,1.5260298970447703,20.787115718662985,0.0,359.70028154233427,359.70028154233427,17.281952283804966,298.77603747369733,0.0,0.0,0.0,0.0,1.0,0.0,0.0,0.0,0.0
40252,1.5652161,1276.0287,-176.13625,1724.9702,-210.96875,76561199780519055,0,1331.8680353279562,0.0,0.0,0.15503722,0.06661990000000007,-0.26641999999998234,0.033325200000000166,-0.03330999999997175,-0.03326419999999963,0.1331800000000385,0.0,0.0,0.15503722,0.20247083740628938,0.39076237397386976,635.7727494999999,19335.78736199997,0.27462306435549183,-1.0,1.0,0,3.0,0.6952745159366867,0.12140214506979509,-175.207112,1.42533569,1,0,2.674600063666667,1.5173661432028158,0.9990692,6.3603973,5.3613281,0.6357582395503996,-0.8522966457076624,21.335084873333326,160.01046855597536,-179.79916,179.90112,359.70028,-0.4168461375464896,-1.8075183802782255,-0.01191639966555184,0.08536563498919077,-0.43258660000000004,0.6660461,1.0986327,2.4513784096583797,19.826700284718044,-0.9832728762541804,20.81978054889161,-359.70028,2.39743,362.09771,-17.278991406765304,298.7084858195922,1.5260298970447703,20.787115718662985,0.0,359.70028154233427,359.70028154233427,17.281952283804966,298.77603747369733,0.0,0.0,0.0,0.0,1.0,0.0,0.0,0.0,0.0
40253,1.6318054,1276.0464,-176.46927,1724.6954,-210.96875,76561199780519055,0,1331.8680353279562,0.0,0.0,0.15503722,0.06658929999999996,-0.33302000000000476,-3.060000000010277e-05,-0.06660000000002242,-0.03335580000000027,-0.03329000000005067,0.0,0.0,0.15503722,0.2753694427490971,0.3539114602677542,637.4045548999999,19159.31809199997,0.339612213082058,-1.0,-1.0,0,3.0,0.6806483107326925,0.11642633800621724,-175.443559,1.46529846,0,0,2.674600063666667,1.5173661432028158,0.9990692,6.3603973,5.3613281,0.6357582395503996,-0.8522966457076624,21.335084873333326,160.01046855597536,-179.79916,179.90112,359.70028,-0.4168461375464896,-1.8075183802782255,-0.01191639966555184,0.08536563498919077,-0.43258660000000004,0.6660461,1.0986327,2.4513784096583797,19.826700284718044,-0.9832728762541804,20.81978054889161,-359.70028,2.39743,362.09771,-17.278991406765304,298.7084858195922,1.5260298970447703,20.787115718662985,0.0,359.70028154233427,359.70028154233427,17.281952283804966,298.77603747369733,0.0,0.0,0.0,0.0,1.0,0.0,0.0,0.0,0.0
40254,1.5652161,1276.0757,-176.56918,1724.2206,-210.96875,76561199780519055,0,1331.8680353279562,0.0,0.0,0.15503722,-0.06658929999999996,-0.09990999999999417,-0.13317859999999992,0.2331100000000106,-0.13314799999999982,0.299710000000033,0.0,0.0,0.15503722,0.475703195280387,0.3045525655005406,638.9697709999999,18982.74891199997,0.1200672435533057,1.0,-1.0,1,3.0,0.6347863861594031,0.08598618628501788,-175.67001399999998,1.4986023000000002,0,0,2.674600063666667,1.5173661432028158,0.9990692,6.3603973,5.3613281,0.6357582395503996,-0.8522966457076624,21.335084873333326,160.01046855597536,-179.79916,179.90112,359.70028,-0.4168461375464896,-1.8075183802782255,-0.01191639966555184,0.08536563498919077,-0.43258660000000004,0.6660461,1.0986327,2.4513784096583797,19.826700284718044,-0.9832728762541804,20.81978054889161,-359.70028,2.39743,362.09771,-17.278991406765304,298.7084858195922,1.5260298970447703,20.787115718662985,0.0,359.70028154233427,359.70028154233427,17.281952283804966,298.77603747369733,0.0,0.0,0.0,0.0,1.0,0.0,0.0,0.0,0.0
40255,1.4653015,1276.1173,-176.50256,1723.5455,-210.96875,76561199780519055,0,1331.8680353279562,0.0,0.0,0.15503722,-0.09991459999999996,0.06662000000000035,-0.0333253,0.16652999999999452,0.09985329999999992,-0.06658000000001607,0.0,0.0,0.15503722,0.6763804920310713,0.27015224923648484,640.4350724999999,18806.24635199997,0.12008809971500108,1.0,-1.0,0,3.0,0.5516536597540416,0.06510804027047117,-175.863166,1.51192322,0,0,2.674600063666667,1.5173661432028158,0.9990692,6.3603973,5.3613281,0.6357582395503996,-0.8522966457076624,21.335084873333326,160.01046855597536,-179.79916,179.90112,359.70028,-0.4168461375464896,-1.8075183802782255,-0.01191639966555184,0.08536563498919077,-0.43258660000000004,0.6660461,1.0986327,2.4513784096583797,19.826700284718044,-0.9832728762541804,20.81978054889161,-359.70028,2.39743,362.09771,-17.278991406765304,298.7084858195922,1.5260298970447703,20.787115718662985,0.0,359.70028154233427,359.70028154233427,17.281952283804966,298.77603747369733,0.0,0.0,0.0,0.0,1.0,0.0,0.0,0.0,0.0
40256,1.3320923,1276.1718,-176.40266,1722.6703,-210.96875,76561199780519055,0,1331.8680353279562,0.0,0.0,0.15503722,-0.13320920000000003,0.099899999999991,-0.03329460000000006,0.03327999999999065,3.069999999993911e-05,-0.13325000000000387,0.0,0.0,0.15503722,0.8768952560026384,0.27863502477352164,641.7671647999999,18629.84369199997,0.16650736009149328,1.0,-1.0,0,3.0,0.44850469947749105,0.0797404505908875,-176.016356,1.5052627600000001,0,1,2.674600063666667,1.5173661432028158,0.9990692,6.3603973,5.3613281,0.6357582395503996,-0.8522966457076624,21.335084873333326,160.01046855597536,-179.79916,179.90112,359.70028,-0.4168461375464896,-1.8075183802782255,-0.01191639966555184,0.08536563498919077,-0.43258660000000004,0.6660461,1.0986327,2.4513784096583797,19.826700284718044,-0.9832728762541804,20.81978054889161,-359.70028,2.39743,362.09771,-17.278991406765304,298.7084858195922,1.5260298970447703,20.787115718662985,0.0,359.70028154233427,359.70028154233427,17.281952283804966,298.77603747369733,0.0,0.0,0.0,0.0,1.0,0.0,0.0,0.0,0.0
40257,1.3320923,1276.2389,-176.40266,1721.5948,-210.96875,76561199780519055,0,1331.8680353279562,0.0,0.0,0.15503722,0.0,0.0,0.13320920000000003,-0.099899999999991,0.1665038000000001,-0.13317999999998165,0.0,0.0,0.15503722,1.0775911376769138,0.33521563002958565,643.0992570999999,18453.44103199997,0.0,-1.0,1.0,1,4.0,0.4123896424837351,0.09683781714621709,-176.112933,1.48861237,0,0,2.674600063666667,1.5173661432028158,0.9990692,6.3603973,5.3613281,0.6357582395503996,-0.8522966457076624,21.335084873333326,160.01046855597536,-179.79916,179.90112,359.70028,-0.4168461375464896,-1.8075183802782255,-0.01191639966555184,0.08536563498919077,-0.43258660000000004,0.6660461,1.0986327,2.4513784096583797,19.826700284718044,-0.9832728762541804,20.81978054889161,-359.70028,2.39743,362.09771,-17.278991406765304,298.7084858195922,1.5260298970447703,20.787115718662985,0.0,359.70028154233427,359.70028154233427,17.281952283804966,298.77603747369733,0.0,0.0,0.0,0.0,1.0,0.0,0.0,0.0,0.0
40258,1.9981384,1276.3196,-176.23615,1720.3193,-210.96875,76561199780519055,0,1331.8680353279562,0.0,0.0,0.15503722,0.6660461,0.16650999999998817,0.6660461,0.16650999999998817,0.5328369,0.26640999999997916,0.0,0.0,0.15503722,1.2780503667695997,0.4201545775283502,645.0973955,18277.20488199997,0.6865442355924387,1.0,1.0,1,4.0,0.36617231189714766,0.18868057601869379,-176.17953799999998,1.5352356,1,1,2.674600063666667,1.5173661432028158,0.9990692,6.3603973,5.3613281,0.6357582395503996,-0.8522966457076624,21.335084873333326,160.01046855597536,-179.79916,179.90112,359.70028,-0.4168461375464896,-1.8075183802782255,-0.01191639966555184,0.08536563498919077,-0.43258660000000004,0.6660461,1.0986327,2.4513784096583797,19.826700284718044,-0.9832728762541804,20.81978054889161,-359.70028,2.39743,362.09771,-17.278991406765304,298.7084858195922,1.5260298970447703,20.787115718662985,0.0,359.70028154233427,359.70028154233427,17.281952283804966,298.77603747369733,0.0,0.0,0.0,0.0,1.0,0.0,0.0,0.0,0.0
40259,2.397766,1276.4142,-176.13625,1718.846,-210.96875,76561199780519055,0,1331.8680353279562,0.0,0.0,0.15503722,0.39962759999999986,0.09990000000001942,-0.2664185000000001,-0.06660999999996875,-0.9324646000000001,-0.23311999999995692,0.0,0.0,0.15503722,1.4763339899901717,0.5061908653756072,647.4951615,18101.06863199997,0.4119250279866031,-1.0,-1.0,1,5.0,0.2990997698373929,0.33034810768664197,-176.236153,1.62515258,0,0,2.674600063666667,1.5173661432028158,0.9990692,6.3603973,5.3613281,0.6357582395503996,-0.8522966457076624,21.335084873333326,160.01046855597536,-179.79916,179.90112,359.70028,-0.4168461375464896,-1.8075183802782255,-0.01191639966555184,0.08536563498919077,-0.43258660000000004,0.6660461,1.0986327,2.4513784096583797,19.826700284718044,-0.9832728762541804,20.81978054889161,-359.70028,2.39743,362.09771,-17.278991406765304,298.7084858195922,1.5260298970447703,20.787115718662985,0.0,359.70028154233427,359.70028154233427,17.281952283804966,298.77603747369733,0.0,0.0,0.0,0.0,1.0,0.0,0.0,0.0,0.0
40260,2.6974792,1276.5219,-176.03635,1717.1909,-210.96875,76561199780519055,0,1331.8680353279562,0.0,0.0,0.15503722,0.29971320000000023,0.099899999999991,-0.09991439999999963,-2.842170943040401e-14,0.1665041000000005,0.06660999999994033,0.0,0.0,0.15503722,1.6586004039550428,0.5483935898248582,650.1926407,17925.03228199997,0.315924060897929,-1.0,-1.0,0,4.0,0.2284675893574209,0.4660322680786803,-176.276116,1.74837035,0,0,2.674600063666667,1.5173661432028158,0.9990692,6.3603973,5.3613281,0.6357582395503996,-0.8522966457076624,21.335084873333326,160.01046855597536,-179.79916,179.90112,359.70028,-0.4168461375464896,-1.8075183802782255,-0.01191639966555184,0.08536563498919077,-0.43258660000000004,0.6660461,1.0986327,2.4513784096583797,19.826700284718044,-0.9832728762541804,20.81978054889161,-359.70028,2.39743,362.09771,-17.278991406765304,298.7084858195922,1.5260298970447703,20.787115718662985,0.0,359.70028154233427,359.70028154233427,17.281952283804966,298.77603747369733,0.0,0.0,0.0,0.0,1.0,0.0,0.0,0.0,0.0
40261,2.7307892,1276.6416,-176.03635,1715.3689,-210.96875,76561199780519055,0,1331.8680353279562,0.0,0.0,0.15503722,0.03330999999999973,0.0,-0.2664032000000005,-0.099899999999991,-0.16648880000000088,-0.09989999999996257,0.0,0.0,0.15503722,1.8259277340575164,0.5753192164006588,652.9234299,17748.995931999973,0.03330999999999973,-1.0,-1.0,0,4.0,0.19983979261208282,0.5482907162686218,-176.29276799999997,1.87158965,0,0,2.674600063666667,1.5173661432028158,0.9990692,6.3603973,5.3613281,0.6357582395503996,-0.8522966457076624,21.335084873333326,160.01046855597536,-179.79916,179.90112,359.70028,-0.4168461375464896,-1.8075183802782255,-0.01191639966555184,0.08536563498919077,-0.43258660000000004,0.6660461,1.0986327,2.4513784096583797,19.826700284718044,-0.9832728762541804,20.81978054889161,-359.70028,2.39743,362.09771,-17.278991406765304,298.7084858195922,1.5260298970447703,20.787115718662985,0.0,359.70028154233427,359.70028154233427,17.281952283804966,298.77603747369733,0.0,0.0,0.0,0.0,1.0,0.0,0.0,0.0,0.0
40262,2.6974792,1276.7726,-176.03635,1713.3936,-210.96875,76561199780519055,0,1331.8680353279562,0.0,0.0,0.15503722,-0.03330999999999973,0.0,-0.06661999999999946,0.0,0.19978320000000105,0.099899999999991,0.0,0.0,0.15503722,1.9796391312558372,0.5820971815021276,655.6209091,17572.959581999974,0.03330999999999973,0.0,-1.0,1,5.0,0.2107335837289296,0.5930740266530965,-176.28277799999998,1.98481596,0,0,2.674600063666667,1.5173661432028158,0.9990692,6.3603973,5.3613281,0.6357582395503996,-0.8522966457076624,21.335084873333326,160.01046855597536,-179.79916,179.90112,359.70028,-0.4168461375464896,-1.8075183802782255,-0.01191639966555184,0.08536563498919077,-0.43258660000000004,0.6660461,1.0986327,2.4513784096583797,19.826700284718044,-0.9832728762541804,20.81978054889161,-359.70028,2.39743,362.09771,-17.278991406765304,298.7084858195922,1.5260298970447703,20.787115718662985,0.0,359.70028154233427,359.70028154233427,17.281952283804966,298.77603747369733,0.0,0.0,0.0,0.0,1.0,0.0,0.0,0.0,0.0
40263,2.63089,1276.9131,-176.20285,1711.2772,-215.96875,76561199780519055,0,1331.8680353279562,0.0,0.0,0.15503722,-0.06658920000000013,-0.16650000000001342,-0.0332792000000004,-0.16650000000001342,0.03334079999999906,-0.16650000000001342,0.0,0.0,0.15503722,5.431287988129562,1.4083878862346573,658.2517991,17396.756731999973,0.1793219773386533,-1.0,-1.0,1,6.0,0.2011602587438644,0.6108836419218518,-176.25613600000003,2.0847244199999997,0,0,2.674600063666667,1.5173661432028158,0.9990692,6.3603973,5.3613281,0.6357582395503996,-0.8522966457076624,21.335084873333326,160.01046855597536,-179.79916,179.90112,359.70028,-0.4168461375464896,-1.8075183802782255,-0.01191639966555184,0.08536563498919077,-0.43258660000000004,0.6660461,1.0986327,2.4513784096583797,19.826700284718044,-0.9832728762541804,20.81978054889161,-359.70028,2.39743,362.09771,-17.278991406765304,298.7084858195922,1.5260298970447703,20.787115718662985,0.0,359.70028154233427,359.70028154233427,17.281952283804966,298.77603747369733,0.0,0.0,0.0,0.0,1.0,0.0,0.0,0.0,0.0
40264,2.56427,1277.061,-176.40266,1709.0312,-215.96875,76561199780519055,0,1331.8680353279562,0.0,0.0,0.15503722,-0.0666199999999999,-0.19980999999998517,-3.079999999977545e-05,-0.03330999999997175,0.03324840000000062,0.13319000000004166,0.0,0.0,0.15503722,2.2508643695257176,1.351045665864578,660.8160690999999,17220.354071999973,0.21062350414897682,-1.0,-1.0,0,5.0,0.17791661370211959,0.5980406540386825,-176.239484,2.18462981,0,0,2.674600063666667,1.5173661432028158,0.9990692,6.3603973,5.3613281,0.6357582395503996,-0.8522966457076624,21.335084873333326,160.01046855597536,-179.79916,179.90112,359.70028,-0.4168461375464896,-1.8075183802782255,-0.01191639966555184,0.08536563498919077,-0.43258660000000004,0.6660461,1.0986327,2.4513784096583797,19.826700284718044,-0.9832728762541804,20.81978054889161,-359.70028,2.39743,362.09771,-17.278991406765304,298.7084858195922,1.5260298970447703,20.787115718662985,0.0,359.70028154233427,359.70028154233427,17.281952283804966,298.77603747369733,0.0,0.0,0.0,0.0,1.0,0.0,0.0,0.0,0.0
40265,2.56427,1277.2144,-176.66908,1706.6663,-215.96875,76561199780519055,0,1331.8680353279562,0.0,0.0,0.15503722,0.0,-0.26642000000001076,0.0666199999999999,-0.0666100000000256,0.06665079999999968,-0.03330000000005384,0.0,0.0,0.15503722,2.369869947908351,1.2919975014558334,663.3803390999999,17043.684991999973,0.26642000000001076,-1.0,1.0,0,5.0,0.210148028060938,0.5502316577632134,-176.256136,2.29452666,0,0,2.674600063666667,1.5173661432028158,0.9990692,6.3603973,5.3613281,0.6357582395503996,-0.8522966457076624,21.335084873333326,160.01046855597536,-179.79916,179.90112,359.70028,-0.4168461375464896,-1.8075183802782255,-0.01191639966555184,0.08536563498919077,-0.43258660000000004,0.6660461,1.0986327,2.4513784096583797,19.826700284718044,-0.9832728762541804,20.81978054889161,-359.70028,2.39743,362.09771,-17.278991406765304,298.7084858195922,1.5260298970447703,20.787115718662985,0.0,359.70028154233427,359.70028154233427,17.281952283804966,298.77603747369733,0.0,0.0,0.0,0.0,1.0,0.0,0.0,0.0,0.0
40266,2.59758,1277.3722,-176.73569,1704.1918,-215.96875,76561199780519055,0,1331.8680353279562,0.0,0.0,0.15503722,0.03330999999999973,-0.06660999999999717,0.03330999999999973,0.1998100000000136,-0.03331000000000017,0.2664200000000392,0.0,0.0,0.15503722,2.4795263842113386,1.2321128551831058,665.9779190999999,16866.94930199997,0.07447448019287953,1.0,1.0,1,6.0,0.25709306605696963,0.4384580826962565,-176.289439,2.4210754299999997,0,0,2.674600063666667,1.5173661432028158,0.9990692,6.3603973,5.3613281,0.6357582395503996,-0.8522966457076624,21.335084873333326,160.01046855597536,-179.79916,179.90112,359.70028,-0.4168461375464896,-1.8075183802782255,-0.01191639966555184,0.08536563498919077,-0.43258660000000004,0.6660461,1.0986327,2.4513784096583797,19.826700284718044,-0.9832728762541804,20.81978054889161,-359.70028,2.39743,362.09771,-17.278991406765304,298.7084858195922,1.5260298970447703,20.787115718662985,0.0,359.70028154233427,359.70028154233427,17.281952283804966,298.77603747369733,0.0,0.0,0.0,0.0,1.0,0.0,0.0,0.0,0.0
40267,2.63089,1277.5284,-176.76898,1701.728,-215.96875,76561199780519055,0,1331.8680353279562,0.0,0.0,0.15503722,0.03331000000000017,-0.033289999999993825,4.440892098500626e-16,0.03332000000000335,-0.033309999999999285,-0.16649000000001024,0.0,0.0,0.15503722,2.4687464187315653,1.1704582227970288,668.6088090999999,16690.18032199997,0.04709331375046356,1.0,1.0,0,5.0,0.2978801293457178,0.21593717253514294,-176.326071,2.5509551999999998,1,1,2.674600063666667,1.5173661432028158,0.9990692,6.3603973,5.3613281,0.6357582395503996,-0.8522966457076624,21.335084873333326,160.01046855597536,-179.79916,179.90112,359.70028,-0.4168461375464896,-1.8075183802782255,-0.01191639966555184,0.08536563498919077,-0.43258660000000004,0.6660461,1.0986327,2.4513784096583797,19.826700284718044,-0.9832728762541804,20.81978054889161,-359.70028,2.39743,362.09771,-17.278991406765304,298.7084858195922,1.5260298970447703,20.787115718662985,0.0,359.70028154233427,359.70028154233427,17.281952283804966,298.77603747369733,0.0,0.0,0.0,0.0,1.0,0.0,0.0,0.0,0.0
40268,2.63089,1277.6722,-176.8356,1699.4603,-215.96875,76561199780519055,0,1331.8680353279562,0.0,0.0,0.15503722,0.0,-0.06662000000000035,-0.03331000000000017,-0.03333000000000652,-0.03331000000000062,-0.06665000000000987,0.0,0.0,0.15503722,2.2722547678463543,1.1127434011101143,671.2396990999999,16513.344721999973,0.06662000000000035,-1.0,-1.0,1,5.0,0.33569052025162227,0.09451952267523576,-176.386016,2.61423036,0,0,2.674600063666667,1.5173661432028158,0.9990692,6.3603973,5.3613281,0.6357582395503996,-0.8522966457076624,21.335084873333326,160.01046855597536,-179.79916,179.90112,359.70028,-0.4168461375464896,-1.8075183802782255,-0.01191639966555184,0.08536563498919077,-0.43258660000000004,0.6660461,1.0986327,2.4513784096583797,19.826700284718044,-0.9832728762541804,20.81978054889161,-359.70028,2.39743,362.09771,-17.278991406765304,298.7084858195922,1.5260298970447703,20.787115718662985,0.0,359.70028154233427,359.70028154233427,17.281952283804966,298.77603747369733,0.0,0.0,0.0,0.0,1.0,0.0,0.0,0.0,0.0
40269,2.56427,1277.7294,-176.90219,1698.5616,-215.96875,76561199780519055,0,1331.8680353279562,0.0,0.0,0.15503722,-0.0666199999999999,-0.06658999999999082,-0.0666199999999999,3.000000000952241e-05,-0.03330999999999973,0.033360000000016043,0.0,0.0,0.15503722,0.9005184784333572,1.1799456722565338,673.8039690999999,16336.442531999972,0.09419369671054834,1.0,-1.0,1,5.0,0.35894587392055094,0.06080234070814928,-176.46260999999998,2.63088076,0,1,2.674600063666667,1.5173661432028158,0.9990692,6.3603973,5.3613281,0.6357582395503996,-0.8522966457076624,21.335084873333326,160.01046855597536,-179.79916,179.90112,359.70028,-0.4168461375464896,-1.8075183802782255,-0.01191639966555184,0.08536563498919077,-0.43258660000000004,0.6660461,1.0986327,2.4513784096583797,19.826700284718044,-0.9832728762541804,20.81978054889161,-359.70028,2.39743,362.09771,-17.278991406765304,298.7084858195922,1.5260298970447703,20.787115718662985,0.0,359.70028154233427,359.70028154233427,17.281952283804966,298.77603747369733,0.0,0.0,0.0,0.0,1.0,0.0,0.0,0.0,0.0
40270,2.4976807,1277.7644,-176.96881,1698.0607,-215.96875,76561199780519055,0,1331.8680353279562,0.0,0.0,0.15503722,-0.06658929999999996,-0.06662000000000035,3.069999999993911e-05,-3.000000000952241e-05,0.06665069999999984,-6.000000001904482e-05,0.0,0.0,0.15503722,0.5021213100437057,1.3066099474612491,676.3016498,16159.473721999972,0.09419320184859437,-1.0,1.0,1,6.0,0.357020377706835,0.0687889537592698,-176.555856,2.6109009100000002,1,0,2.674600063666667,1.5173661432028158,0.9990692,6.3603973,5.3613281,0.6357582395503996,-0.8522966457076624,21.335084873333326,160.01046855597536,-179.79916,179.90112,359.70028,-0.4168461375464896,-1.8075183802782255,-0.01191639966555184,0.08536563498919077,-0.43258660000000004,0.6660461,1.0986327,2.4513784096583797,19.826700284718044,-0.9832728762541804,20.81978054889161,-359.70028,2.39743,362.09771,-17.278991406765304,298.7084858195922,1.5260298970447703,20.787115718662985,0.0,359.70028154233427,359.70028154233427,17.281952283804966,298.77603747369733,0.0,0.0,0.0,0.0,1.0,0.0,0.0,0.0,0.0
40271,2.397766,1277.7743,-177.10167,1698.0114,-215.96875,76561199780519055,0,1331.8680353279562,0.0,0.0,0.15503722,-0.09991470000000024,-0.13286000000002218,-0.03332540000000028,-0.06624000000002184,-0.03335610000000022,-0.06621000000001231,0.0,0.0,0.15503722,0.05028419234700642,1.4795589971197878,678.6994158,15982.372051999972,0.16623696001820998,-1.0,-1.0,0,6.0,0.34346400736572186,0.08336674266384392,-176.66238800000002,2.57759859,0,0,2.674600063666667,1.5173661432028158,0.9990692,6.3603973,5.3613281,0.6357582395503996,-0.8522966457076624,21.335084873333326,160.01046855597536,-179.79916,179.90112,359.70028,-0.4168461375464896,-1.8075183802782255,-0.01191639966555184,0.08536563498919077,-0.43258660000000004,0.6660461,1.0986327,2.4513784096583797,19.826700284718044,-0.9832728762541804,20.81978054889161,-359.70028,2.39743,362.09771,-17.278991406765304,298.7084858195922,1.5260298970447703,20.787115718662985,0.0,359.70028154233427,359.70028154233427,17.281952283804966,298.77603747369733,0.0,0.0,0.0,0.0,1.0,0.0,0.0,0.0,0.0
40272,2.2312622,1277.7618,-177.16827,1698.2622,-215.96875,76561199780519055,0,1331.8680353279562,0.0,0.0,0.15503722,-0.16650379999999965,-0.066599999999994,-0.0665890999999994,0.06626000000002819,-0.03326369999999912,0.13250000000005002,0.0,0.0,0.15503722,0.25111130998005726,1.5883265533036135,680.930678,15805.203781999971,0.17932951629455504,1.0,-1.0,1,6.0,0.29769045277147305,0.12753728401128575,-176.77558,2.5309768900000003,0,1,2.674600063666667,1.5173661432028158,0.9990692,6.3603973,5.3613281,0.6357582395503996,-0.8522966457076624,21.335084873333326,160.01046855597536,-179.79916,179.90112,359.70028,-0.4168461375464896,-1.8075183802782255,-0.01191639966555184,0.08536563498919077,-0.43258660000000004,0.6660461,1.0986327,2.4513784096583797,19.826700284718044,-0.9832728762541804,20.81978054889161,-359.70028,2.39743,362.09771,-17.278991406765304,298.7084858195922,1.5260298970447703,20.787115718662985,0.0,359.70028154233427,359.70028154233427,17.281952283804966,298.77603747369733,0.0,0.0,0.0,0.0,1.0,0.0,0.0,0.0,0.0
40273,2.031433,1277.74,-177.26819,1698.7133,-215.96875,76561199780519055,0,1331.8680353279562,0.0,0.0,0.15503722,-0.19982920000000037,-0.09991999999999734,-0.03332540000000073,-0.03332000000000335,0.033263699999998675,-0.09958000000003153,0.0,0.0,0.15503722,0.45162644962401877,1.0450837155925063,682.9621109999999,15627.93559199997,0.22341825255032235,-1.0,-1.0,1,6.0,0.2579247260306021,0.19720785095886956,-176.882114,2.47103119,0,0,2.674600063666667,1.5173661432028158,0.9990692,6.3603973,5.3613281,0.6357582395503996,-0.8522966457076624,21.335084873333326,160.01046855597536,-179.79916,179.90112,359.70028,-0.4168461375464896,-1.8075183802782255,-0.01191639966555184,0.08536563498919077,-0.43258660000000004,0.6660461,1.0986327,2.4513784096583797,19.826700284718044,-0.9832728762541804,20.81978054889161,-359.70028,2.39743,362.09771,-17.278991406765304,298.7084858195922,1.5260298970447703,20.787115718662985,0.0,359.70028154233427,359.70028154233427,17.281952283804966,298.77603747369733,0.0,0.0,0.0,0.0,1.0,0.0,0.0,0.0,0.0
40274,1.8982239,1277.7087,-177.26819,1699.3645,-215.96875,76561199780519055,0,1331.8680353279562,0.0,0.0,0.15503722,-0.13320909999999975,0.0,0.06662010000000063,0.09991999999999734,0.09994550000000135,0.1332400000000007,0.0,0.0,0.15503722,0.651951785027105,1.0224572685939786,684.8603348999999,15450.66740199997,0.13320909999999975,1.0,1.0,1,7.0,0.22185851353501523,0.26353819107015203,-176.968667,2.40442658,0,0,2.674600063666667,1.5173661432028158,0.9990692,6.3603973,5.3613281,0.6357582395503996,-0.8522966457076624,21.335084873333326,160.01046855597536,-179.79916,179.90112,359.70028,-0.4168461375464896,-1.8075183802782255,-0.01191639966555184,0.08536563498919077,-0.43258660000000004,0.6660461,1.0986327,2.4513784096583797,19.826700284718044,-0.9832728762541804,20.81978054889161,-359.70028,2.39743,362.09771,-17.278991406765304,298.7084858195922,1.5260298970447703,20.787115718662985,0.0,359.70028154233427,359.70028154233427,17.281952283804966,298.77603747369733,0.0,0.0,0.0,0.0,1.0,0.0,0.0,0.0,0.0
40275,1.8649292,1277.6682,-177.26819,1700.216,-215.96875,76561199780519055,0,1331.8680353279562,0.0,0.0,0.15503722,-0.03329470000000012,0.0,0.09991439999999963,0.0,0.033294299999999,-0.09991999999999734,0.0,0.0,0.15503722,0.8524626091506684,0.9458384176435727,686.7252640999999,15273.39921199997,0.03329470000000012,0.0,1.0,1,8.0,0.21267063162493027,0.3058087913909349,-177.028578,2.3344925,0,0,2.674600063666667,1.5173661432028158,0.9990692,6.3603973,5.3613281,0.6357582395503996,-0.8522966457076624,21.335084873333326,160.01046855597536,-179.79916,179.90112,359.70028,-0.4168461375464896,-1.8075183802782255,-0.01191639966555184,0.08536563498919077,-0.43258660000000004,0.6660461,1.0986327,2.4513784096583797,19.826700284718044,-0.9832728762541804,20.81978054889161,-359.70028,2.39743,362.09771,-17.278991406765304,298.7084858195922,1.5260298970447703,20.787115718662985,0.0,359.70028154233427,359.70028154233427,17.281952283804966,298.77603747369733,0.0,0.0,0.0,0.0,1.0,0.0,0.0,0.0,0.0
40276,1.8316345,1277.6172,-177.13531,1701.2676,-215.96875,76561199780519055,0,1331.8680353279562,0.0,0.0,0.15503722,-0.0332946999999999,0.1328800000000001,2.220446049250313e-16,0.1328800000000001,-0.0999143999999994,0.1328800000000001,0.0,0.0,0.15503722,1.0528359606320599,0.810556142821484,688.5568985999998,15096.26390199997,0.1369877054632642,1.0,1.0,1,8.0,0.1875863957522104,0.3277287219363986,-177.06854,2.2578979500000003,1,0,2.674600063666667,1.5173661432028158,0.9990692,6.3603973,5.3613281,0.6357582395503996,-0.8522966457076624,21.335084873333326,160.01046855597536,-179.79916,179.90112,359.70028,-0.4168461375464896,-1.8075183802782255,-0.01191639966555184,0.08536563498919077,-0.43258660000000004,0.6660461,1.0986327,2.4513784096583797,19.826700284718044,-0.9832728762541804,20.81978054889161,-359.70028,2.39743,362.09771,-17.278991406765304,298.7084858195922,1.5260298970447703,20.787115718662985,0.0,359.70028154233427,359.70028154233427,17.281952283804966,298.77603747369733,0.0,0.0,0.0,0.0,1.0,0.0,0.0,0.0,0.0
40277,1.7650146,1277.5576,-176.8689,1702.463,-215.96875,76561199780519055,0,1331.8680353279562,0.0,0.0,0.15503722,-0.06661990000000007,0.2664100000000076,-0.033325200000000166,0.13353000000000748,-0.03332520000000039,0.0006500000000073669,0.0,0.0,0.15503722,1.1968848399073864,0.6230646847958278,690.3219131999998,14919.39500199997,0.27461336306890466,1.0,-1.0,0,8.0,0.1718589338193602,0.33258114183694515,-177.078532,2.17131041,0,1,2.674600063666667,1.5173661432028158,0.9990692,6.3603973,5.3613281,0.6357582395503996,-0.8522966457076624,21.335084873333326,160.01046855597536,-179.79916,179.90112,359.70028,-0.4168461375464896,-1.8075183802782255,-0.01191639966555184,0.08536563498919077,-0.43258660000000004,0.6660461,1.0986327,2.4513784096583797,19.826700284718044,-0.9832728762541804,20.81978054889161,-359.70028,2.39743,362.09771,-17.278991406765304,298.7084858195922,1.5260298970447703,20.787115718662985,0.0,359.70028154233427,359.70028154233427,17.281952283804966,298.77603747369733,0.0,0.0,0.0,0.0,1.0,0.0,0.0,0.0,0.0
40278,1.73172,1277.4965,-176.80229,1703.6804,-215.96875,76561199780519055,0,1331.8680353279562,0.0,0.0,0.15503722,-0.03329460000000006,0.06660999999999717,0.0333253,-0.1998000000000104,0.06665050000000017,-0.3333300000000179,0.0,0.0,0.15503722,1.2189323073903693,0.3985054856253689,692.0536331999998,14742.59271199997,0.07446759355021235,-1.0,1.0,1,8.0,0.17732649376902418,0.3156417806592186,-177.07520100000002,2.08139341,1,0,2.674600063666667,1.5173661432028158,0.9990692,6.3603973,5.3613281,0.6357582395503996,-0.8522966457076624,21.335084873333326,160.01046855597536,-179.79916,179.90112,359.70028,-0.4168461375464896,-1.8075183802782255,-0.01191639966555184,0.08536563498919077,-0.43258660000000004,0.6660461,1.0986327,2.4513784096583797,19.826700284718044,-0.9832728762541804,20.81978054889161,-359.70028,2.39743,362.09771,-17.278991406765304,298.7084858195922,1.5260298970447703,20.787115718662985,0.0,359.70028154233427,359.70028154233427,17.281952283804966,298.77603747369733,0.0,0.0,0.0,0.0,1.0,0.0,0.0,0.0,0.0
40279,1.6984253,1277.4332,-176.73569,1704.9197,-215.96875,76561199780519055,0,1331.8680353279562,0.0,0.0,0.15503722,-0.0332946999999999,0.066599999999994,-9.999999983634211e-08,-1.0000000003174137e-05,-0.03332539999999984,0.19979000000000724,0.0,0.0,0.15503722,1.2409155410421364,0.4296368923973677,693.7520584999999,14565.857021999971,0.07445869356958389,-1.0,-1.0,0,7.0,0.2015398655165117,0.2858114512391068,-177.05855100000002,1.99480894,0,0,2.674600063666667,1.5173661432028158,0.9990692,6.3603973,5.3613281,0.6357582395503996,-0.8522966457076624,21.335084873333326,160.01046855597536,-179.79916,179.90112,359.70028,-0.4168461375464896,-1.8075183802782255,-0.01191639966555184,0.08536563498919077,-0.43258660000000004,0.6660461,1.0986327,2.4513784096583797,19.826700284718044,-0.9832728762541804,20.81978054889161,-359.70028,2.39743,362.09771,-17.278991406765304,298.7084858195922,1.5260298970447703,20.787115718662985,0.0,359.70028154233427,359.70028154233427,17.281952283804966,298.77603747369733,0.0,0.0,0.0,0.0,1.0,0.0,0.0,0.0,0.0
40280,1.5985107,1277.3713,-176.76898,1706.1279,-215.96875,76561199780519055,0,1331.8680353279562,0.0,0.0,0.15503722,-0.09991459999999996,-0.033289999999993825,-0.06661990000000007,-0.09988999999998782,-0.06661980000000023,-0.09987999999998465,0.0,0.0,0.15503722,1.2097846295932475,0.4429120421018659,695.3505691999999,14389.08804199997,0.10531453552648648,-1.0,-1.0,0,6.0,0.2204464083530177,0.2491129351354616,-177.038568,1.90489194,0,0,2.674600063666667,1.5173661432028158,0.9990692,6.3603973,5.3613281,0.6357582395503996,-0.8522966457076624,21.335084873333326,160.01046855597536,-179.79916,179.90112,359.70028,-0.4168461375464896,-1.8075183802782255,-0.01191639966555184,0.08536563498919077,-0.43258660000000004,0.6660461,1.0986327,2.4513784096583797,19.826700284718044,-0.9832728762541804,20.81978054889161,-359.70028,2.39743,362.09771,-17.278991406765304,298.7084858195922,1.5260298970447703,20.787115718662985,0.0,359.70028154233427,359.70028154233427,17.281952283804966,298.77603747369733,0.0,0.0,0.0,0.0,1.0,0.0,0.0,0.0,0.0
40281,1.4320068,1277.3257,-176.8356,1707.036,-215.96875,76561199780519055,0,1331.8680353279562,0.0,0.0,0.15503722,-0.16650390000000015,-0.06662000000000035,-0.06658930000000018,-0.03333000000000652,3.059999999988072e-05,0.0665599999999813,0.0,0.0,0.15503722,0.9092441751257919,0.35138581567300853,696.7825759999998,14212.25244199997,0.1793370377674676,-1.0,-1.0,0,6.0,0.2279143096116239,0.22259622724159303,-177.01196099999999,1.80831602,0,0,2.674600063666667,1.5173661432028158,0.9990692,6.3603973,5.3613281,0.6357582395503996,-0.8522966457076624,21.335084873333326,160.01046855597536,-179.79916,179.90112,359.70028,-0.4168461375464896,-1.8075183802782255,-0.01191639966555184,0.08536563498919077,-0.43258660000000004,0.6660461,1.0986327,2.4513784096583797,19.826700284718044,-0.9832728762541804,20.81978054889161,-359.70028,2.39743,362.09771,-17.278991406765304,298.7084858195922,1.5260298970447703,20.787115718662985,0.0,359.70028154233427,359.70028154233427,17.281952283804966,298.77603747369733,0.0,0.0,0.0,0.0,1.0,0.0,0.0,0.0,0.0
40282,1.3320923,1277.3068,-176.80229,1707.452,-215.96875,76561199780519055,0,1331.8680353279562,0.0,0.0,0.15503722,-0.0999144999999999,0.03331000000000017,0.06658940000000024,0.09993000000000052,0.13317870000000043,0.13326000000000704,0.0,0.0,0.15503722,0.41642911761781404,0.31974246273095036,698.1146682999998,14035.45015199997,0.10532076438314522,1.0,1.0,1,6.0,0.22940495040954567,0.2142160469264529,-176.97536300000002,1.71839903,1,0,2.674600063666667,1.5173661432028158,0.9990692,6.3603973,5.3613281,0.6357582395503996,-0.8522966457076624,21.335084873333326,160.01046855597536,-179.79916,179.90112,359.70028,-0.4168461375464896,-1.8075183802782255,-0.01191639966555184,0.08536563498919077,-0.43258660000000004,0.6660461,1.0986327,2.4513784096583797,19.826700284718044,-0.9832728762541804,20.81978054889161,-359.70028,2.39743,362.09771,-17.278991406765304,298.7084858195922,1.5260298970447703,20.787115718662985,0.0,359.70028154233427,359.70028154233427,17.281952283804966,298.77603747369733,0.0,0.0,0.0,0.0,1.0,0.0,0.0,0.0,0.0
40283,1.2321777,1277.3068,-176.76898,1707.452,-215.96875,76561199780519055,0,1331.8680353279562,0.0,0.0,0.15503722,-0.09991459999999996,0.03331000000000017,-1.0000000005838672e-07,0.0,-0.0665895000000003,-0.09993000000000052,0.0,0.0,0.15503722,0.0,0.4118849851794947,699.3468459999998,13858.68117199997,0.10532085925000804,0.0,-1.0,1,6.0,0.21227992782110974,0.2327460811849038,-176.925442,1.6384735,0,0,2.674600063666667,1.5173661432028158,0.9990692,6.3603973,5.3613281,0.6357582395503996,-0.8522966457076624,21.335084873333326,160.01046855597536,-179.79916,179.90112,359.70028,-0.4168461375464896,-1.8075183802782255,-0.01191639966555184,0.08536563498919077,-0.43258660000000004,0.6660461,1.0986327,2.4513784096583797,19.826700284718044,-0.9832728762541804,20.81978054889161,-359.70028,2.39743,362.09771,-17.278991406765304,298.7084858195922,1.5260298970447703,20.787115718662985,0.0,359.70028154233427,359.70028154233427,17.281952283804966,298.77603747369733,0.0,0.0,0.0,0.0,1.0,0.0,0.0,0.0,0.0
40284,1.198883,1277.3243,-176.66908,1707.1504,-215.96875,76561199780519055,0,1331.8680353279562,0.0,0.0,0.15503722,-0.03329470000000012,0.099899999999991,0.06661989999999984,0.06658999999999082,0.0666199999999999,0.06658999999999082,0.0,0.0,0.15503722,0.3021072822690676,0.4463457175692996,700.5457289999998,13682.01209199997,0.10530217019647889,1.0,1.0,1,6.0,0.18794707119339646,0.2504215141430279,-176.86553099999998,1.56853941,0,1,2.674600063666667,1.5173661432028158,0.9990692,6.3603973,5.3613281,0.6357582395503996,-0.8522966457076624,21.335084873333326,160.01046855597536,-179.79916,179.90112,359.70028,-0.4168461375464896,-1.8075183802782255,-0.01191639966555184,0.08536563498919077,-0.43258660000000004,0.6660461,1.0986327,2.4513784096583797,19.826700284718044,-0.9832728762541804,20.81978054889161,-359.70028,2.39743,362.09771,-17.278991406765304,298.7084858195922,1.5260298970447703,20.787115718662985,0.0,359.70028154233427,359.70028154233427,17.281952283804966,298.77603747369733,0.0,0.0,0.0,0.0,1.0,0.0,0.0,0.0,0.0
40285,1.198883,1277.3535,-176.63577,1706.6487,-215.96875,76561199780519055,0,1331.8680353279562,0.0,0.0,0.15503722,0.0,0.03331000000000017,0.03329470000000012,-0.06658999999999082,-0.03332519999999972,-0.13317999999998165,0.0,0.0,0.15503722,0.502549032433677,0.45879869023662656,701.7446119999998,13505.37632199997,0.03331000000000017,-1.0,1.0,1,6.0,0.136860535392599,0.2514039716153141,-176.802289,1.50193479,0,0,2.674600063666667,1.5173661432028158,0.9990692,6.3603973,5.3613281,0.6357582395503996,-0.8522966457076624,21.335084873333326,160.01046855597536,-179.79916,179.90112,359.70028,-0.4168461375464896,-1.8075183802782255,-0.01191639966555184,0.08536563498919077,-0.43258660000000004,0.6660461,1.0986327,2.4513784096583797,19.826700284718044,-0.9832728762541804,20.81978054889161,-359.70028,2.39743,362.09771,-17.278991406765304,298.7084858195922,1.5260298970447703,20.787115718662985,0.0,359.70028154233427,359.70028154233427,17.281952283804966,298.77603747369733,0.0,0.0,0.0,0.0,1.0,0.0,0.0,0.0,0.0
40286,1.2654877,1277.3944,-176.63577,1705.9468,-215.96875,76561199780519055,0,1331.8680353279562,0.0,0.0,0.15503722,0.06660470000000007,0.0,0.06660470000000007,-0.03331000000000017,0.03330999999999995,0.03327999999999065,0.0,0.0,0.15503722,0.7030906200483902,0.4510696718359008,703.0100996999998,13328.740551999968,0.06660470000000007,-1.0,1.0,0,5.0,0.08195447590753681,0.23189765946208662,-176.752335,1.4453201100000002,0,0,2.674600063666667,1.5173661432028158,0.9990692,6.3603973,5.3613281,0.6357582395503996,-0.8522966457076624,21.335084873333326,160.01046855597536,-179.79916,179.90112,359.70028,-0.4168461375464896,-1.8075183802782255,-0.01191639966555184,0.08536563498919077,-0.43258660000000004,0.6660461,1.0986327,2.4513784096583797,19.826700284718044,-0.9832728762541804,20.81978054889161,-359.70028,2.39743,362.09771,-17.278991406765304,298.7084858195922,1.5260298970447703,20.787115718662985,0.0,359.70028154233427,359.70028154233427,17.281952283804966,298.77603747369733,0.0,0.0,0.0,0.0,1.0,0.0,0.0,0.0,0.0
40287,1.6651154,1277.4469,-176.66908,1705.0447,-215.96875,76561199780519055,0,1331.8680353279562,0.0,0.0,0.15503722,0.3996276999999999,-0.03331000000000017,0.33302299999999985,-0.03331000000000017,0.2664182999999998,0.0,0.0,0.0,0.15503722,0.9036263940368466,0.42923656668532767,704.6752150999998,13152.071471999969,0.40101353431934184,-1.0,1.0,0,5.0,0.0743863918644504,0.21835143378653124,-176.73235300000002,1.43533019,1,0,2.674600063666667,1.5173661432028158,0.9990692,6.3603973,5.3613281,0.6357582395503996,-0.8522966457076624,21.335084873333326,160.01046855597536,-179.79916,179.90112,359.70028,-0.4168461375464896,-1.8075183802782255,-0.01191639966555184,0.08536563498919077,-0.43258660000000004,0.6660461,1.0986327,2.4513784096583797,19.826700284718044,-0.9832728762541804,20.81978054889161,-359.70028,2.39743,362.09771,-17.278991406765304,298.7084858195922,1.5260298970447703,20.787115718662985,0.0,359.70028154233427,359.70028154233427,17.281952283804966,298.77603747369733,0.0,0.0,0.0,0.0,1.0,0.0,0.0,0.0,0.0
40288,1.7650146,1277.5105,-176.76898,1703.9424,-215.96875,76561199780519055,0,1331.8680353279562,0.0,0.0,0.15503722,0.09989920000000008,-0.099899999999991,-0.29972849999999984,-0.06658999999999082,-0.6327514999999997,-0.03327999999999065,0.0,0.0,0.15503722,1.1041332573562184,0.41636637370053947,706.4402296999998,12975.302491999968,0.14127936919677345,-1.0,-1.0,0,4.0,0.07160029112410057,0.2235646005113017,-176.72902200000001,1.43865965,0,0,2.674600063666667,1.5173661432028158,0.9990692,6.3603973,5.3613281,0.6357582395503996,-0.8522966457076624,21.335084873333326,160.01046855597536,-179.79916,179.90112,359.70028,-0.4168461375464896,-1.8075183802782255,-0.01191639966555184,0.08536563498919077,-0.43258660000000004,0.6660461,1.0986327,2.4513784096583797,19.826700284718044,-0.9832728762541804,20.81978054889161,-359.70028,2.39743,362.09771,-17.278991406765304,298.7084858195922,1.5260298970447703,20.787115718662985,0.0,359.70028154233427,359.70028154233427,17.281952283804966,298.77603747369733,0.0,0.0,0.0,0.0,1.0,0.0,0.0,0.0,0.0
40289,1.7983246,1277.5851,-176.8356,1702.6398,-215.96875,76561199780519055,0,1331.8680353279562,0.0,0.0,0.15503722,0.03330999999999995,-0.06662000000000035,-0.06658920000000013,0.03327999999999065,0.23313929999999972,0.09986999999998147,0.0,0.0,0.15503722,1.3047344250842567,0.42547097301107667,708.2385542999998,12798.466891999968,0.07448342433051829,1.0,-1.0,1,5.0,0.07920130628237008,0.23821392620465515,-176.739013,1.44864958,0,1,2.674600063666667,1.5173661432028158,0.9990692,6.3603973,5.3613281,0.6357582395503996,-0.8522966457076624,21.335084873333326,160.01046855597536,-179.79916,179.90112,359.70028,-0.4168461375464896,-1.8075183802782255,-0.01191639966555184,0.08536563498919077,-0.43258660000000004,0.6660461,1.0986327,2.4513784096583797,19.826700284718044,-0.9832728762541804,20.81978054889161,-359.70028,2.39743,362.09771,-17.278991406765304,298.7084858195922,1.5260298970447703,20.787115718662985,0.0,359.70028154233427,359.70028154233427,17.281952283804966,298.77603747369733,0.0,0.0,0.0,0.0,1.0,0.0,0.0,0.0,0.0
40290,1.8649292,1277.6685,-176.96881,1701.1597,-215.96875,76561199780519055,0,1331.8680353279562,0.0,0.0,0.15503722,0.06660460000000001,-0.13320999999999117,0.03329460000000006,-0.06658999999999082,0.09988380000000019,-0.09986999999998147,0.0,0.0,0.15503722,1.4824478304479982,0.4660403481119588,710.1034834999998,12621.498081999967,0.14893312875635714,-1.0,1.0,1,6.0,0.10768836699863901,0.26965932350240984,-176.758996,1.47529143,1,0,2.674600063666667,1.5173661432028158,0.9990692,6.3603973,5.3613281,0.6357582395503996,-0.8522966457076624,21.335084873333326,160.01046855597536,-179.79916,179.90112,359.70028,-0.4168461375464896,-1.8075183802782255,-0.01191639966555184,0.08536563498919077,-0.43258660000000004,0.6660461,1.0986327,2.4513784096583797,19.826700284718044,-0.9832728762541804,20.81978054889161,-359.70028,2.39743,362.09771,-17.278991406765304,298.7084858195922,1.5260298970447703,20.787115718662985,0.0,359.70028154233427,359.70028154233427,17.281952283804966,298.77603747369733,0.0,0.0,0.0,0.0,1.0,0.0,0.0,0.0,0.0
40291,1.8982239,1277.7452,-177.0021,1699.7997,-215.96875,76561199780519055,0,1331.8680353279562,0.0,0.0,0.15503722,0.03329470000000012,-0.033290000000022246,-0.03330989999999989,0.09991999999996892,-0.06660449999999996,0.16650999999995975,0.0,0.0,0.15503722,1.3621611101480393,0.5024367423068348,712.0017073999998,12444.495981999968,0.04708249301058185,1.0,-1.0,1,7.0,0.1311615697787817,0.29994589017925233,-176.775646,1.52191314,0,0,2.674600063666667,1.5173661432028158,0.9990692,6.3603973,5.3613281,0.6357582395503996,-0.8522966457076624,21.335084873333326,160.01046855597536,-179.79916,179.90112,359.70028,-0.4168461375464896,-1.8075183802782255,-0.01191639966555184,0.08536563498919077,-0.43258660000000004,0.6660461,1.0986327,2.4513784096583797,19.826700284718044,-0.9832728762541804,20.81978054889161,-359.70028,2.39743,362.09771,-17.278991406765304,298.7084858195922,1.5260298970447703,20.787115718662985,0.0,359.70028154233427,359.70028154233427,17.281952283804966,298.77603747369733,0.0,0.0,0.0,0.0,1.0,0.0,0.0,0.0,0.0
40292,1.9648438,1277.8154,-177.0021,1698.5532,-215.96875,76561199780519055,0,1331.8680353279562,0.0,0.0,0.15503722,0.06661989999999984,0.0,0.03332519999999972,0.033290000000022246,0.06663509999999961,-0.06662999999994668,0.0,0.0,0.15503722,1.2484751859768406,0.49924741570394526,713.9665511999998,12267.493881999968,0.06661989999999984,1.0,1.0,0,6.0,0.1495955006199188,0.3214249533135084,-176.79562700000002,1.58518829,1,0,2.674600063666667,1.5173661432028158,0.9990692,6.3603973,5.3613281,0.6357582395503996,-0.8522966457076624,21.335084873333326,160.01046855597536,-179.79916,179.90112,359.70028,-0.4168461375464896,-1.8075183802782255,-0.01191639966555184,0.08536563498919077,-0.43258660000000004,0.6660461,1.0986327,2.4513784096583797,19.826700284718044,-0.9832728762541804,20.81978054889161,-359.70028,2.39743,362.09771,-17.278991406765304,298.7084858195922,1.5260298970447703,20.787115718662985,0.0,359.70028154233427,359.70028154233427,17.281952283804966,298.77603747369733,0.0,0.0,0.0,0.0,1.0,0.0,0.0,0.0,0.0
40293,1.9981384,1277.8798,-177.0021,1697.4083,-215.96875,76561199780519055,0,1331.8680353279562,0.0,0.0,0.15503722,0.03329460000000006,0.0,-0.03332529999999978,0.0,-0.0666504999999995,-0.033290000000022246,0.0,0.0,0.15503722,1.1467098019987503,0.391929898918996,715.9646895999998,12090.491781999968,0.03329460000000006,0.0,-1.0,1,6.0,0.16258190002153822,0.31921218001262835,-176.818939,1.66178436,0,0,2.674600063666667,1.5173661432028158,0.9990692,6.3603973,5.3613281,0.6357582395503996,-0.8522966457076624,21.335084873333326,160.01046855597536,-179.79916,179.90112,359.70028,-0.4168461375464896,-1.8075183802782255,-0.01191639966555184,0.08536563498919077,-0.43258660000000004,0.6660461,1.0986327,2.4513784096583797,19.826700284718044,-0.9832728762541804,20.81978054889161,-359.70028,2.39743,362.09771,-17.278991406765304,298.7084858195922,1.5260298970447703,20.787115718662985,0.0,359.70028154233427,359.70028154233427,17.281952283804966,298.77603747369733,0.0,0.0,0.0,0.0,1.0,0.0,0.0,0.0,0.0
40294,1.9981384,1277.9382,-177.0354,1696.365,-215.96875,76561199780519055,0,1331.8680353279562,0.0,0.0,0.15503722,0.0,-0.033299999999997,-0.03329460000000006,-0.033299999999997,3.0699999999717065e-05,-0.033299999999997,0.0,0.0,0.15503722,1.0449332275318397,0.3042929910825598,717.9628279999998,11913.456381999968,0.033299999999997,-1.0,-1.0,1,6.0,0.16629106955761136,0.2890680801217144,-176.855571,1.7417099,0,0,2.674600063666667,1.5173661432028158,0.9990692,6.3603973,5.3613281,0.6357582395503996,-0.8522966457076624,21.335084873333326,160.01046855597536,-179.79916,179.90112,359.70028,-0.4168461375464896,-1.8075183802782255,-0.01191639966555184,0.08536563498919077,-0.43258660000000004,0.6660461,1.0986327,2.4513784096583797,19.826700284718044,-0.9832728762541804,20.81978054889161,-359.70028,2.39743,362.09771,-17.278991406765304,298.7084858195922,1.5260298970447703,20.787115718662985,0.0,359.70028154233427,359.70028154233427,17.281952283804966,298.77603747369733,0.0,0.0,0.0,0.0,1.0,0.0,0.0,0.0,0.0
40295,1.9981384,1277.991,-177.10202,1695.4232,-215.96875,76561199780519055,0,1331.8680353279562,0.0,0.0,0.15503722,0.0,-0.06662000000000035,0.0,-0.03332000000000335,0.03329460000000006,-2.0000000006348273e-05,0.0,0.0,0.15503722,0.9432788983116824,0.2354462907698737,719.9609663999998,11736.354361999967,0.06662000000000035,-1.0,0.0,0,5.0,0.1631496252869841,0.22589496263947445,-176.902196,1.82163544,0,0,2.674600063666667,1.5173661432028158,0.9990692,6.3603973,5.3613281,0.6357582395503996,-0.8522966457076624,21.335084873333326,160.01046855597536,-179.79916,179.90112,359.70028,-0.4168461375464896,-1.8075183802782255,-0.01191639966555184,0.08536563498919077,-0.43258660000000004,0.6660461,1.0986327,2.4513784096583797,19.826700284718044,-0.9832728762541804,20.81978054889161,-359.70028,2.39743,362.09771,-17.278991406765304,298.7084858195922,1.5260298970447703,20.787115718662985,0.0,359.70028154233427,359.70028154233427,17.281952283804966,298.77603747369733,0.0,0.0,0.0,0.0,1.0,0.0,0.0,0.0,0.0
40296,2.064743,1278.0378,-177.30148,1694.583,-215.96875,76561199780519055,0,1331.8680353279562,0.0,0.0,0.15503722,0.06660460000000001,-0.19945999999998776,0.06660460000000001,-0.1328399999999874,0.06660460000000001,-0.09951999999998407,0.0,0.0,0.15503722,0.8415023945300365,0.21069715262729222,722.0257093999999,11559.052881999967,0.21028662425640657,-1.0,1.0,0,5.0,0.17754126933432215,0.12700694682542196,-176.968767,1.9015609699999998,0,0,2.674600063666667,1.5173661432028158,0.9990692,6.3603973,5.3613281,0.6357582395503996,-0.8522966457076624,21.335084873333326,160.01046855597536,-179.79916,179.90112,359.70028,-0.4168461375464896,-1.8075183802782255,-0.01191639966555184,0.08536563498919077,-0.43258660000000004,0.6660461,1.0986327,2.4513784096583797,19.826700284718044,-0.9832728762541804,20.81978054889161,-359.70028,2.39743,362.09771,-17.278991406765304,298.7084858195922,1.5260298970447703,20.787115718662985,0.0,359.70028154233427,359.70028154233427,17.281952283804966,298.77603747369733,0.0,0.0,0.0,0.0,1.0,0.0,0.0,0.0,0.0
40297,2.1646423,1278.0789,-177.4347,1693.8444,-215.96875,76561199780519055,0,1331.8680353279562,0.0,0.0,0.15503722,0.09989930000000014,-0.13321999999999434,0.03329470000000012,0.06623999999999342,-0.03330989999999989,0.19907999999998083,0.0,0.0,0.15503722,0.7397426376789361,0.23584302649476338,724.1903516999998,11381.618181999967,0.16651558047368578,1.0,1.0,1,6.0,0.19786414669655675,0.1218056042848701,-177.04532899999998,1.9515136599999998,0,0,2.674600063666667,1.5173661432028158,0.9990692,6.3603973,5.3613281,0.6357582395503996,-0.8522966457076624,21.335084873333326,160.01046855597536,-179.79916,179.90112,359.70028,-0.4168461375464896,-1.8075183802782255,-0.01191639966555184,0.08536563498919077,-0.43258660000000004,0.6660461,1.0986327,2.4513784096583797,19.826700284718044,-0.9832728762541804,20.81978054889161,-359.70028,2.39743,362.09771,-17.278991406765304,298.7084858195922,1.5260298970447703,20.787115718662985,0.0,359.70028154233427,359.70028154233427,17.281952283804966,298.77603747369733,0.0,0.0,0.0,0.0,1.0,0.0,0.0,0.0,0.0
40298,2.264557,1278.114,-177.5013,1693.2073,-215.96875,76561199780519055,0,1331.8680353279562,0.0,0.0,0.15503722,0.0999146999999998,-0.066599999999994,1.539999999966568e-05,0.06662000000000035,-0.033279300000000456,0.00038000000000693035,0.0,0.0,0.15503722,0.6380661564445337,0.28138011706916083,726.4549086999998,11204.116881999968,0.12007708888913472,1.0,1.0,0,6.0,0.218648248648024,0.13815829066469595,-177.118561,2.0014678999999997,1,0,2.674600063666667,1.5173661432028158,0.9990692,6.3603973,5.3613281,0.6357582395503996,-0.8522966457076624,21.335084873333326,160.01046855597536,-179.79916,179.90112,359.70028,-0.4168461375464896,-1.8075183802782255,-0.01191639966555184,0.08536563498919077,-0.43258660000000004,0.6660461,1.0986327,2.4513784096583797,19.826700284718044,-0.9832728762541804,20.81978054889161,-359.70028,2.39743,362.09771,-17.278991406765304,298.7084858195922,1.5260298970447703,20.787115718662985,0.0,359.70028154233427,359.70028154233427,17.281952283804966,298.77603747369733,0.0,0.0,0.0,0.0,1.0,0.0,0.0,0.0,0.0
40299,2.264557,1278.1438,-177.5013,1692.6718,-215.96875,76561199780519055,0,1331.8680353279562,0.0,0.0,0.15503722,0.0,0.0,-0.0999146999999998,0.066599999999994,-0.09993009999999947,-2.0000000006348273e-05,0.0,0.0,0.15503722,0.536328528049697,0.3146837074627913,728.7194656999998,11026.615581999968,0.0,1.0,-1.0,0,5.0,0.22419487439172073,0.14063381474100195,-177.185131,2.04809114,0,0,2.674600063666667,1.5173661432028158,0.9990692,6.3603973,5.3613281,0.6357582395503996,-0.8522966457076624,21.335084873333326,160.01046855597536,-179.79916,179.90112,359.70028,-0.4168461375464896,-1.8075183802782255,-0.01191639966555184,0.08536563498919077,-0.43258660000000004,0.6660461,1.0986327,2.4513784096583797,19.826700284718044,-0.9832728762541804,20.81978054889161,-359.70028,2.39743,362.09771,-17.278991406765304,298.7084858195922,1.5260298970447703,20.787115718662985,0.0,359.70028154233427,359.70028154233427,17.281952283804966,298.77603747369733,0.0,0.0,0.0,0.0,1.0,0.0,0.0,0.0,0.0
40300,2.2978516,1278.1677,-177.5013,1692.2378,-215.96875,76561199780519055,0,1331.8680353279562,0.0,0.0,0.15503722,0.03329460000000006,0.0,0.03329460000000006,0.0,0.13320929999999986,-0.066599999999994,0.0,0.0,0.15503722,0.43465757787017695,0.30999553136143987,731.0173172999997,10849.114281999968,0.03329460000000006,0.0,1.0,1,5.0,0.2302615847831697,0.14456472572293586,-177.23838,2.09138338,1,0,2.674600063666667,1.5173661432028158,0.9990692,6.3603973,5.3613281,0.6357582395503996,-0.8522966457076624,21.335084873333326,160.01046855597536,-179.79916,179.90112,359.70028,-0.4168461375464896,-1.8075183802782255,-0.01191639966555184,0.08536563498919077,-0.43258660000000004,0.6660461,1.0986327,2.4513784096583797,19.826700284718044,-0.9832728762541804,20.81978054889161,-359.70028,2.39743,362.09771,-17.278991406765304,298.7084858195922,1.5260298970447703,20.787115718662985,0.0,359.70028154233427,359.70028154233427,17.281952283804966,298.77603747369733,0.0,0.0,0.0,0.0,1.0,0.0,0.0,0.0,0.0
40301,2.2978516,1278.1863,-177.5013,1691.9054,-215.96875,76561199780519055,0,1331.8680353279562,0.0,0.0,0.15503722,0.0,0.0,-0.03329460000000006,0.0,-0.06658920000000013,0.0,0.0,0.0,0.15503722,0.3329199903880939,0.30799064828867484,733.3151688999997,10671.612981999968,0.0,0.0,-1.0,0,4.0,0.22744039532779295,0.14041167670876364,-177.2883,2.13134615,0,0,2.674600063666667,1.5173661432028158,0.9990692,6.3603973,5.3613281,0.6357582395503996,-0.8522966457076624,21.335084873333326,160.01046855597536,-179.79916,179.90112,359.70028,-0.4168461375464896,-1.8075183802782255,-0.01191639966555184,0.08536563498919077,-0.43258660000000004,0.6660461,1.0986327,2.4513784096583797,19.826700284718044,-0.9832728762541804,20.81978054889161,-359.70028,2.39743,362.09771,-17.278991406765304,298.7084858195922,1.5260298970447703,20.787115718662985,0.0,359.70028154233427,359.70028154233427,17.281952283804966,298.77603747369733,0.0,0.0,0.0,0.0,1.0,0.0,0.0,0.0,0.0
40302,2.3311615,1278.199,-177.5013,1691.6746,-215.96875,76561199780519055,0,1331.8680353279562,0.0,0.0,0.15503722,0.03330989999999989,0.0,0.03330989999999989,0.0,0.06660449999999996,0.0,0.0,0.0,0.15503722,0.23114915098269456,0.30798439788400267,735.6463303999997,10494.111681999968,0.03330989999999989,0.0,1.0,0,4.0,0.2118963837040863,0.13992983416788546,-177.33822,2.16797792,0,0,2.674600063666667,1.5173661432028158,0.9990692,6.3603973,5.3613281,0.6357582395503996,-0.8522966457076624,21.335084873333326,160.01046855597536,-179.79916,179.90112,359.70028,-0.4168461375464896,-1.8075183802782255,-0.01191639966555184,0.08536563498919077,-0.43258660000000004,0.6660461,1.0986327,2.4513784096583797,19.826700284718044,-0.9832728762541804,20.81978054889161,-359.70028,2.39743,362.09771,-17.278991406765304,298.7084858195922,1.5260298970447703,20.787115718662985,0.0,359.70028154233427,359.70028154233427,17.281952283804966,298.77603747369733,0.0,0.0,0.0,0.0,1.0,0.0,0.0,0.0,0.0
40303,2.4976807,1278.2062,-177.5346,1691.5453,-215.96875,76561199780519055,0,1331.8680353279562,0.0,0.0,0.15503722,0.1665192000000002,-0.03330000000002542,0.1332093000000003,-0.03330000000002542,0.09989940000000042,-0.03330000000002542,0.0,0.0,0.15503722,0.12950030887999855,0.30797093182923085,738.1440110999997,10316.577081999967,0.16981617699336468,-1.0,1.0,1,4.0,0.18297951368084195,0.16025238290800173,-177.39146999999997,2.21793215,0,0,2.674600063666667,1.5173661432028158,0.9990692,6.3603973,5.3613281,0.6357582395503996,-0.8522966457076624,21.335084873333326,160.01046855597536,-179.79916,179.90112,359.70028,-0.4168461375464896,-1.8075183802782255,-0.01191639966555184,0.08536563498919077,-0.43258660000000004,0.6660461,1.0986327,2.4513784096583797,19.826700284718044,-0.9832728762541804,20.81978054889161,-359.70028,2.39743,362.09771,-17.278991406765304,298.7084858195922,1.5260298970447703,20.787115718662985,0.0,359.70028154233427,359.70028154233427,17.281952283804966,298.77603747369733,0.0,0.0,0.0,0.0,1.0,0.0,0.0,0.0,0.0
40304,2.8969574,1278.2076,-177.5346,1691.5176,-215.96875,76561199780519055,0,1331.8680353279562,0.0,0.0,0.15503722,0.3992766999999997,0.0,0.2327574999999995,0.03330000000002542,0.0995481999999992,0.06660000000005084,0.0,0.0,0.15503722,0.02773535649680626,0.30797596009006173,741.0409684999997,10139.042481999966,0.3992766999999997,1.0,1.0,1,4.0,0.13748285139203922,0.250134602469158,-177.44139,2.30781405,1,0,2.674600063666667,1.5173661432028158,0.9990692,6.3603973,5.3613281,0.6357582395503996,-0.8522966457076624,21.335084873333326,160.01046855597536,-179.79916,179.90112,359.70028,-0.4168461375464896,-1.8075183802782255,-0.01191639966555184,0.08536563498919077,-0.43258660000000004,0.6660461,1.0986327,2.4513784096583797,19.826700284718044,-0.9832728762541804,20.81978054889161,-359.70028,2.39743,362.09771,-17.278991406765304,298.7084858195922,1.5260298970447703,20.787115718662985,0.0,359.70028154233427,359.70028154233427,17.281952283804966,298.77603747369733,0.0,0.0,0.0,0.0,1.0,0.0,0.0,0.0,0.0
40305,2.9968567,1278.2076,-177.5013,1691.5176,-215.96875,76561199780519055,0,1331.8680353279562,0.0,0.0,0.15503722,0.09989930000000014,0.03330000000002542,-0.29937739999999957,0.03330000000002542,-0.5321348999999991,0.0,0.0,0.0,0.15503722,0.0,0.2964215279507678,744.0378251999997,9961.541181999966,0.10530318200553923,1.0,-1.0,0,4.0,0.06878999378303906,0.3059126264533428,-177.481318,2.40768588,0,1,2.674600063666667,1.5173661432028158,0.9990692,6.3603973,5.3613281,0.6357582395503996,-0.8522966457076624,21.335084873333326,160.01046855597536,-179.79916,179.90112,359.70028,-0.4168461375464896,-1.8075183802782255,-0.01191639966555184,0.08536563498919077,-0.43258660000000004,0.6660461,1.0986327,2.4513784096583797,19.826700284718044,-0.9832728762541804,20.81978054889161,-359.70028,2.39743,362.09771,-17.278991406765304,298.7084858195922,1.5260298970447703,20.787115718662985,0.0,359.70028154233427,359.70028154233427,17.281952283804966,298.77603747369733,0.0,0.0,0.0,0.0,1.0,0.0,0.0,0.0,0.0
40306,2.9968567,1278.2076,-177.5013,1691.5176,-215.96875,76561199780519055,0,1331.8680353279562,0.0,0.0,0.15503722,0.0,0.0,-0.09989930000000014,-0.03330000000002542,0.19947809999999944,-0.06660000000005084,0.0,0.0,0.15503722,0.0,0.27288115016458336,747.0346818999997,9784.039881999966,0.0,-1.0,-1.0,1,5.0,0.02718933623083537,0.330802333801429,-177.5013,2.50089725,0,0,2.674600063666667,1.5173661432028158,0.9990692,6.3603973,5.3613281,0.6357582395503996,-0.8522966457076624,21.335084873333326,160.01046855597536,-179.79916,179.90112,359.70028,-0.4168461375464896,-1.8075183802782255,-0.01191639966555184,0.08536563498919077,-0.43258660000000004,0.6660461,1.0986327,2.4513784096583797,19.826700284718044,-0.9832728762541804,20.81978054889161,-359.70028,2.39743,362.09771,-17.278991406765304,298.7084858195922,1.5260298970447703,20.787115718662985,0.0,359.70028154233427,359.70028154233427,17.281952283804966,298.77603747369733,0.0,0.0,0.0,0.0,1.0,0.0,0.0,0.0,0.0
40307,2.9968567,1278.2076,-177.5013,1691.5176,-215.96875,76561199780519055,0,1331.8680353279562,0.0,0.0,0.15503722,0.0,0.0,0.0,0.0,0.09989930000000014,0.03330000000002542,0.0,0.0,0.15503722,0.0,0.24093630856027706,750.0315385999996,9606.538581999966,0.0,0.0,0.0,1,5.0,0.014040512977607436,0.34132453769987653,-177.50796,2.58411869,0,0,2.674600063666667,1.5173661432028158,0.9990692,6.3603973,5.3613281,0.6357582395503996,-0.8522966457076624,21.335084873333326,160.01046855597536,-179.79916,179.90112,359.70028,-0.4168461375464896,-1.8075183802782255,-0.01191639966555184,0.08536563498919077,-0.43258660000000004,0.6660461,1.0986327,2.4513784096583797,19.826700284718044,-0.9832728762541804,20.81978054889161,-359.70028,2.39743,362.09771,-17.278991406765304,298.7084858195922,1.5260298970447703,20.787115718662985,0.0,359.70028154233427,359.70028154233427,17.281952283804966,298.77603747369733,0.0,0.0,0.0,0.0,1.0,0.0,0.0,0.0,0.0
40308,2.9968567,1278.2076,-177.5013,1691.5176,-215.96875,76561199780519055,0,1331.8680353279562,0.0,0.0,0.15503722,0.0,0.0,0.0,0.0,0.0,0.0,0.0,0.0,0.15503722,0.0,0.2033048823511453,753.0283952999996,9429.037281999967,0.0,0.0,0.0,0,5.0,0.014040512977607436,0.3436937697759774,-177.50795999999997,2.6573486600000003,0,0,2.674600063666667,1.5173661432028158,0.9990692,6.3603973,5.3613281,0.6357582395503996,-0.8522966457076624,21.335084873333326,160.01046855597536,-179.79916,179.90112,359.70028,-0.4168461375464896,-1.8075183802782255,-0.01191639966555184,0.08536563498919077,-0.43258660000000004,0.6660461,1.0986327,2.4513784096583797,19.826700284718044,-0.9832728762541804,20.81978054889161,-359.70028,2.39743,362.09771,-17.278991406765304,298.7084858195922,1.5260298970447703,20.787115718662985,0.0,359.70028154233427,359.70028154233427,17.281952283804966,298.77603747369733,0.0,0.0,0.0,0.0,1.0,0.0,0.0,0.0,0.0
40309,2.9968567,1278.2076,-177.5013,1691.5176,-215.96875,76561199780519055,0,1331.8680353279562,0.0,0.0,0.15503722,0.0,0.0,0.0,0.0,0.0,0.0,0.0,0.0,0.15503722,0.0,0.1623122972458179,756.0252519999996,9251.535981999967,0.0,0.0,0.0,0,5.0,0.014040512977607436,0.32837695183067983,-177.50796,2.73057863,0,0,2.674600063666667,1.5173661432028158,0.9990692,6.3603973,5.3613281,0.6357582395503996,-0.8522966457076624,21.335084873333326,160.01046855597536,-179.79916,179.90112,359.70028,-0.4168461375464896,-1.8075183802782255,-0.01191639966555184,0.08536563498919077,-0.43258660000000004,0.6660461,1.0986327,2.4513784096583797,19.826700284718044,-0.9832728762541804,20.81978054889161,-359.70028,2.39743,362.09771,-17.278991406765304,298.7084858195922,1.5260298970447703,20.787115718662985,0.0,359.70028154233427,359.70028154233427,17.281952283804966,298.77603747369733,0.0,0.0,0.0,0.0,1.0,0.0,0.0,0.0,0.0
40310,2.9968567,1278.2174,-177.5013,1691.2947,-215.96875,76561199780519055,0,1331.8680353279562,0.0,0.0,0.15503722,0.0,0.0,0.0,0.0,0.0,0.0,0.0,0.0,0.15503722,0.22311532892204544,0.12578320888393252,759.0221086999995,9074.034681999967,0.0,0.0,0.0,0,4.0,0.014040512977607436,0.29912340774153523,-177.50796,2.8004791399999998,0,0,2.674600063666667,1.5173661432028158,0.9990692,6.3603973,5.3613281,0.6357582395503996,-0.8522966457076624,21.335084873333326,160.01046855597536,-179.79916,179.90112,359.70028,-0.4168461375464896,-1.8075183802782255,-0.01191639966555184,0.08536563498919077,-0.43258660000000004,0.6660461,1.0986327,2.4513784096583797,19.826700284718044,-0.9832728762541804,20.81978054889161,-359.70028,2.39743,362.09771,-17.278991406765304,298.7084858195922,1.5260298970447703,20.787115718662985,0.0,359.70028154233427,359.70028154233427,17.281952283804966,298.77603747369733,0.0,0.0,0.0,0.0,1.0,0.0,0.0,0.0,0.0
40311,3.1966858,1278.2369,-177.5346,1690.8447,-215.96875,76561199780519055,0,1331.8680353279562,0.0,0.0,0.15503722,0.1998291000000001,-0.03330000000002542,0.1998291000000001,-0.03330000000002542,0.1998291000000001,-0.03330000000002542,0.0,0.0,0.15503722,0.4504223018455464,0.15306581069326197,762.2187944999995,8896.500081999966,0.20258469637860538,-1.0,1.0,1,5.0,0.016085428333590612,0.26432898253735837,-177.51128999999997,2.89036256,1,0,2.674600063666667,1.5173661432028158,0.9990692,6.3603973,5.3613281,0.6357582395503996,-0.8522966457076624,21.335084873333326,160.01046855597536,-179.79916,179.90112,359.70028,-0.4168461375464896,-1.8075183802782255,-0.01191639966555184,0.08536563498919077,-0.43258660000000004,0.6660461,1.0986327,2.4513784096583797,19.826700284718044,-0.9832728762541804,20.81978054889161,-359.70028,2.39743,362.09771,-17.278991406765304,298.7084858195922,1.5260298970447703,20.787115718662985,0.0,359.70028154233427,359.70028154233427,17.281952283804966,298.77603747369733,0.0,0.0,0.0,0.0,1.0,0.0,0.0,0.0,0.0
40312,3.2299805,1278.2662,-177.5346,1690.1699,-215.96875,76561199780519055,0,1331.8680353279562,0.0,0.0,0.15503722,0.0332946999999999,0.0,-0.1665344000000002,0.03330000000002542,-0.3663635000000003,0.06660000000005084,0.0,0.0,0.15503722,0.6754358074606363,0.23559551580849117,765.4487749999995,8718.965481999965,0.0332946999999999,1.0,-1.0,1,6.0,0.017196046193114524,0.19739280051931785,-177.51462,2.9802444599999998,0,1,2.674600063666667,1.5173661432028158,0.9990692,6.3603973,5.3613281,0.6357582395503996,-0.8522966457076624,21.335084873333326,160.01046855597536,-179.79916,179.90112,359.70028,-0.4168461375464896,-1.8075183802782255,-0.01191639966555184,0.08536563498919077,-0.43258660000000004,0.6660461,1.0986327,2.4513784096583797,19.826700284718044,-0.9832728762541804,20.81978054889161,-359.70028,2.39743,362.09771,-17.278991406765304,298.7084858195922,1.5260298970447703,20.787115718662985,0.0,359.70028154233427,359.70028154233427,17.281952283804966,298.77603747369733,0.0,0.0,0.0,0.0,1.0,0.0,0.0,0.0,0.0
40313,3.2299805,1278.3042,-177.5679,1689.2949,-215.96875,76561199780519055,0,1331.8680353279562,0.0,0.0,0.15503722,0.0,-0.033299999999997,-0.0332946999999999,-0.033299999999997,0.1332397000000003,-0.06660000000002242,0.0,0.0,0.15503722,0.875824754160329,0.3281804620622392,768.6787554999995,8541.397581999965,0.033299999999997,-1.0,-1.0,1,6.0,0.02354665591281567,0.11857921251836046,-177.51795,3.0534744399999996,0,0,2.674600063666667,1.5173661432028158,0.9990692,6.3603973,5.3613281,0.6357582395503996,-0.8522966457076624,21.335084873333326,160.01046855597536,-179.79916,179.90112,359.70028,-0.4168461375464896,-1.8075183802782255,-0.01191639966555184,0.08536563498919077,-0.43258660000000004,0.6660461,1.0986327,2.4513784096583797,19.826700284718044,-0.9832728762541804,20.81978054889161,-359.70028,2.39743,362.09771,-17.278991406765304,298.7084858195922,1.5260298970447703,20.787115718662985,0.0,359.70028154233427,359.70028154233427,17.281952283804966,298.77603747369733,0.0,0.0,0.0,0.0,1.0,0.0,0.0,0.0,0.0
40314,3.0634766,1278.35,-177.66782,1688.2197,-215.96875,76561199780519055,0,1331.8680353279562,0.0,0.0,0.15503722,-0.16650389999999993,-0.09991999999999734,-0.16650389999999993,-0.06662000000000035,-0.13320920000000003,-0.03332000000000335,0.0,0.0,0.15503722,1.076175022940032,0.4142534775778617,771.7422320999995,8363.729761999964,0.19418433282633654,-1.0,-1.0,0,5.0,0.05312359028416625,0.10508137681007557,-177.531272,3.07012636,0,0,2.674600063666667,1.5173661432028158,0.9990692,6.3603973,5.3613281,0.6357582395503996,-0.8522966457076624,21.335084873333326,160.01046855597536,-179.79916,179.90112,359.70028,-0.4168461375464896,-1.8075183802782255,-0.01191639966555184,0.08536563498919077,-0.43258660000000004,0.6660461,1.0986327,2.4513784096583797,19.826700284718044,-0.9832728762541804,20.81978054889161,-359.70028,2.39743,362.09771,-17.278991406765304,298.7084858195922,1.5260298970447703,20.787115718662985,0.0,359.70028154233427,359.70028154233427,17.281952283804966,298.77603747369733,0.0,0.0,0.0,0.0,1.0,0.0,0.0,0.0,0.0
40315,2.63089,1278.4026,-177.86761,1686.9443,-215.96875,76561199780519055,0,1331.8680353279562,0.0,0.0,0.15503722,-0.43258660000000004,-0.19979000000000724,-0.2660827000000001,-0.0998700000000099,-0.09957880000000019,-0.03325000000000955,0.0,0.0,0.15503722,1.2764842028007923,0.49082653515620916,774.3731220999995,8185.862151999964,0.47649471203735616,-1.0,-1.0,0,5.0,0.11747608288602929,0.17433869848001676,-177.567903,3.03352969,0,0,2.674600063666667,1.5173661432028158,0.9990692,6.3603973,5.3613281,0.6357582395503996,-0.8522966457076624,21.335084873333326,160.01046855597536,-179.79916,179.90112,359.70028,-0.4168461375464896,-1.8075183802782255,-0.01191639966555184,0.08536563498919077,-0.43258660000000004,0.6660461,1.0986327,2.4513784096583797,19.826700284718044,-0.9832728762541804,20.81978054889161,-359.70028,2.39743,362.09771,-17.278991406765304,298.7084858195922,1.5260298970447703,20.787115718662985,0.0,359.70028154233427,359.70028154233427,17.281952283804966,298.77603747369733,0.0,0.0,0.0,0.0,1.0,0.0,0.0,0.0,0.0
40316,2.59758,1278.4617,-177.93423,1685.4705,-215.96875,76561199780519055,0,1331.8680353279562,0.0,0.0,0.15503722,-0.03331000000000017,-0.06662000000000035,0.39927659999999987,0.1331700000000069,0.6653593,0.2330400000000168,0.0,0.0,0.15503722,1.4749844914441101,0.5553659227256577,776.9707020999995,8007.927921999964,0.07448342433051838,1.0,1.0,1,5.0,0.16166575370268307,0.2226883402098158,-177.611196,2.99360202,0,0,2.674600063666667,1.5173661432028158,0.9990692,6.3603973,5.3613281,0.6357582395503996,-0.8522966457076624,21.335084873333326,160.01046855597536,-179.79916,179.90112,359.70028,-0.4168461375464896,-1.8075183802782255,-0.01191639966555184,0.08536563498919077,-0.43258660000000004,0.6660461,1.0986327,2.4513784096583797,19.826700284718044,-0.9832728762541804,20.81978054889161,-359.70028,2.39743,362.09771,-17.278991406765304,298.7084858195922,1.5260298970447703,20.787115718662985,0.0,359.70028154233427,359.70028154233427,17.281952283804966,298.77603747369733,0.0,0.0,0.0,0.0,1.0,0.0,0.0,0.0,0.0
40317,2.59758,1278.5267,-178.00082,1683.8143,-215.96875,76561199780519055,0,1331.8680353279562,0.0,0.0,0.15503722,0.0,-0.06658999999999082,0.03331000000000017,3.000000000952241e-05,-0.3659665999999997,-0.13313999999999737,0.0,0.0,0.15503722,1.6574750194194912,0.6001878053116034,779.5682820999995,7829.927101999964,0.06658999999999082,1.0,1.0,0,4.0,0.19720267374861475,0.2554280787782898,-177.661148,2.95367435,0,1,2.674600063666667,1.5173661432028158,0.9990692,6.3603973,5.3613281,0.6357582395503996,-0.8522966457076624,21.335084873333326,160.01046855597536,-179.79916,179.90112,359.70028,-0.4168461375464896,-1.8075183802782255,-0.01191639966555184,0.08536563498919077,-0.43258660000000004,0.6660461,1.0986327,2.4513784096583797,19.826700284718044,-0.9832728762541804,20.81978054889161,-359.70028,2.39743,362.09771,-17.278991406765304,298.7084858195922,1.5260298970447703,20.787115718662985,0.0,359.70028154233427,359.70028154233427,17.281952283804966,298.77603747369733,0.0,0.0,0.0,0.0,1.0,0.0,0.0,0.0,0.0
40318,2.7307892,1278.5963,-178.16734,1681.9908,-215.96875,76561199780519055,0,1331.8680353279562,0.0,0.0,0.15503722,0.13320920000000003,-0.16651999999999134,0.13320920000000003,-0.09993000000000052,0.09989919999999985,-0.09996000000001004,0.0,0.0,0.15503722,1.8248277754352287,0.6169072748745048,782.2990712999995,7651.759761999964,0.21324540174324305,-1.0,1.0,1,5.0,0.24411246961699104,0.2641391498052768,-177.727752,2.9270676,0,0,2.674600063666667,1.5173661432028158,0.9990692,6.3603973,5.3613281,0.6357582395503996,-0.8522966457076624,21.335084873333326,160.01046855597536,-179.79916,179.90112,359.70028,-0.4168461375464896,-1.8075183802782255,-0.01191639966555184,0.08536563498919077,-0.43258660000000004,0.6660461,1.0986327,2.4513784096583797,19.826700284718044,-0.9832728762541804,20.81978054889161,-359.70028,2.39743,362.09771,-17.278991406765304,298.7084858195922,1.5260298970447703,20.787115718662985,0.0,359.70028154233427,359.70028154233427,17.281952283804966,298.77603747369733,0.0,0.0,0.0,0.0,1.0,0.0,0.0,0.0,0.0
40319,2.930603,1278.6669,-178.73349,1680.0265,-215.96875,76561199780519055,0,1331.8680353279562,0.0,0.0,0.15503722,0.19981380000000026,-0.5661499999999933,0.06660460000000024,-0.39963000000000193,-0.06660459999999979,-0.2997000000000014,0.0,0.0,0.15503722,1.965568327481996,0.5919877811058795,785.2296742999995,7473.026271999965,0.600376029810012,-1.0,1.0,0,5.0,0.38653981786166647,0.2630226942968718,-177.85097100000002,2.92044223,1,0,2.674600063666667,1.5173661432028158,0.9990692,6.3603973,5.3613281,0.6357582395503996,-0.8522966457076624,21.335084873333326,160.01046855597536,-179.79916,179.90112,359.70028,-0.4168461375464896,-1.8075183802782255,-0.01191639966555184,0.08536563498919077,-0.43258660000000004,0.6660461,1.0986327,2.4513784096583797,19.826700284718044,-0.9832728762541804,20.81978054889161,-359.70028,2.39743,362.09771,-17.278991406765304,298.7084858195922,1.5260298970447703,20.787115718662985,0.0,359.70028154233427,359.70028154233427,17.281952283804966,298.77603747369733,0.0,0.0,0.0,0.0,1.0,0.0,0.0,0.0,0.0
40320,2.930603,1278.7317,-178.73349,1678.2207,-215.96875,76561199780519055,0,1331.8680353279562,0.0,0.0,0.15503722,0.0,0.0,-0.19981380000000026,0.5661499999999933,-0.2664184000000005,0.9657799999999952,0.0,0.0,0.15503722,1.8069622796283042,0.5244652053843513,788.1602772999995,7294.292781999965,0.0,1.0,-1.0,1,6.0,0.4533159352841607,0.26171518747208017,-177.97419,2.91381686,0,0,2.674600063666667,1.5173661432028158,0.9990692,6.3603973,5.3613281,0.6357582395503996,-0.8522966457076624,21.335084873333326,160.01046855597536,-179.79916,179.90112,359.70028,-0.4168461375464896,-1.8075183802782255,-0.01191639966555184,0.08536563498919077,-0.43258660000000004,0.6660461,1.0986327,2.4513784096583797,19.826700284718044,-0.9832728762541804,20.81978054889161,-359.70028,2.39743,362.09771,-17.278991406765304,298.7084858195922,1.5260298970447703,20.787115718662985,0.0,359.70028154233427,359.70028154233427,17.281952283804966,298.77603747369733,0.0,0.0,0.0,0.0,1.0,0.0,0.0,0.0,0.0
40321,2.930603,1278.7896,-178.73349,1676.6471,-215.96875,76561199780519055,0,1331.8680353279562,0.0,0.0,0.15503722,0.0,0.0,0.0,0.0,0.19981380000000026,-0.5661499999999933,0.0,0.0,0.15503722,1.574664843705014,0.4325527456914802,791.0908802999995,7115.559291999965,0.0,0.0,0.0,1,6.0,0.4817815818320364,0.24258801056196472,-178.09407900000002,2.8872085800000002,0,0,2.674600063666667,1.5173661432028158,0.9990692,6.3603973,5.3613281,0.6357582395503996,-0.8522966457076624,21.335084873333326,160.01046855597536,-179.79916,179.90112,359.70028,-0.4168461375464896,-1.8075183802782255,-0.01191639966555184,0.08536563498919077,-0.43258660000000004,0.6660461,1.0986327,2.4513784096583797,19.826700284718044,-0.9832728762541804,20.81978054889161,-359.70028,2.39743,362.09771,-17.278991406765304,298.7084858195922,1.5260298970447703,20.787115718662985,0.0,359.70028154233427,359.70028154233427,17.281952283804966,298.77603747369733,0.0,0.0,0.0,0.0,1.0,0.0,0.0,0.0,0.0
40322,2.8969574,1278.8362,-178.73349,1675.4951,-215.96875,76561199780519055,0,1331.8680353279562,0.0,0.0,0.15503722,-0.033645600000000275,0.0,-0.033645600000000275,0.0,-0.033645600000000275,0.0,0.0,0.0,0.15503722,1.1529421321122613,0.3616716263118927,793.9878376999995,6936.825801999966,0.033645600000000275,0.0,-1.0,0,5.0,0.47622559845371937,0.2111220020254884,-178.21396800000002,2.85390627,0,0,2.674600063666667,1.5173661432028158,0.9990692,6.3603973,5.3613281,0.6357582395503996,-0.8522966457076624,21.335084873333326,160.01046855597536,-179.79916,179.90112,359.70028,-0.4168461375464896,-1.8075183802782255,-0.01191639966555184,0.08536563498919077,-0.43258660000000004,0.6660461,1.0986327,2.4513784096583797,19.826700284718044,-0.9832728762541804,20.81978054889161,-359.70028,2.39743,362.09771,-17.278991406765304,298.7084858195922,1.5260298970447703,20.787115718662985,0.0,359.70028154233427,359.70028154233427,17.281952283804966,298.77603747369733,0.0,0.0,0.0,0.0,1.0,0.0,0.0,0.0,0.0
40323,2.7973938,1278.8696,-178.76678,1674.8438,-215.96875,76561199780519055,0,1331.8680353279562,0.0,0.0,0.15503722,-0.09956359999999975,-0.033290000000022246,-0.06591799999999948,-0.033290000000022246,-0.0322723999999992,-0.033290000000022246,0.0,0.0,0.15503722,0.6521558479381991,0.40653672697052806,796.7852314999996,6758.059021999966,0.10498159145755713,-1.0,-1.0,1,5.0,0.44541906695750916,0.16472239446581805,-178.33385600000003,2.8106476000000002,0,0,2.674600063666667,1.5173661432028158,0.9990692,6.3603973,5.3613281,0.6357582395503996,-0.8522966457076624,21.335084873333326,160.01046855597536,-179.79916,179.90112,359.70028,-0.4168461375464896,-1.8075183802782255,-0.01191639966555184,0.08536563498919077,-0.43258660000000004,0.6660461,1.0986327,2.4513784096583797,19.826700284718044,-0.9832728762541804,20.81978054889161,-359.70028,2.39743,362.09771,-17.278991406765304,298.7084858195922,1.5260298970447703,20.787115718662985,0.0,359.70028154233427,359.70028154233427,17.281952283804966,298.77603747369733,0.0,0.0,0.0,0.0,1.0,0.0,0.0,0.0,0.0
40324,2.7973938,1278.8914,-178.76678,1674.5956,-215.96875,76561199780519055,0,1331.8680353279562,0.0,0.0,0.15503722,0.0,0.0,0.09956359999999975,0.033290000000022246,0.16548159999999923,0.06658000000004449,0.0,0.0,0.15503722,0.24915553375351288,0.5492509574005391,799.5826252999996,6579.292241999966,0.0,1.0,1.0,1,6.0,0.39561923826997997,0.13879415592677352,-178.443752,2.7840393199999998,0,0,2.674600063666667,1.5173661432028158,0.9990692,6.3603973,5.3613281,0.6357582395503996,-0.8522966457076624,21.335084873333326,160.01046855597536,-179.79916,179.90112,359.70028,-0.4168461375464896,-1.8075183802782255,-0.01191639966555184,0.08536563498919077,-0.43258660000000004,0.6660461,1.0986327,2.4513784096583797,19.826700284718044,-0.9832728762541804,20.81978054889161,-359.70028,2.39743,362.09771,-17.278991406765304,298.7084858195922,1.5260298970447703,20.787115718662985,0.0,359.70028154233427,359.70028154233427,17.281952283804966,298.77603747369733,0.0,0.0,0.0,0.0,1.0,0.0,0.0,0.0,0.0
40325,2.7973938,1278.8977,-178.76678,1674.7505,-215.96875,76561199780519055,0,1331.8680353279562,0.0,0.0,0.15503722,0.0,0.0,0.0,0.0,-0.09956359999999975,-0.033290000000022246,0.0,0.0,0.15503722,0.15502806197588698,0.6701745429475154,802.3800190999996,6400.525461999966,0.0,0.0,0.0,1,7.0,0.3496328313680607,0.12794340582764333,-178.533669,2.8006897000000004,0,0,2.674600063666667,1.5173661432028158,0.9990692,6.3603973,5.3613281,0.6357582395503996,-0.8522966457076624,21.335084873333326,160.01046855597536,-179.79916,179.90112,359.70028,-0.4168461375464896,-1.8075183802782255,-0.01191639966555184,0.08536563498919077,-0.43258660000000004,0.6660461,1.0986327,2.4513784096583797,19.826700284718044,-0.9832728762541804,20.81978054889161,-359.70028,2.39743,362.09771,-17.278991406765304,298.7084858195922,1.5260298970447703,20.787115718662985,0.0,359.70028154233427,359.70028154233427,17.281952283804966,298.77603747369733,0.0,0.0,0.0,0.0,1.0,0.0,0.0,0.0,0.0
