tick,pitch,X,yaw,Y,Z,steamid,label,kill_distance,pitch_delta_at_kill,yaw_delta_at_kill,player_speed,pitch_velocity,yaw_velocity,pitch_acceleration,yaw_acceleration,pitch_jerk,yaw_jerk,snap_magnitude,speed_rolling_std,speed_rolling_mean,position_delta,position_jumpiness,cumulative_pitch,cumulative_yaw,angle_magnitude,yaw_change_sign,pitch_change_sign,direction_flips,flip_rate,yaw_rolling_std,pitch_rolling_std,yaw_rolling_mean,pitch_rolling_mean,pitch_peaks,yaw_peaks,pitch_mean,pitch_std,pitch_min,pitch_max,pitch_range,pitch_skew,pitch_kurtosis,yaw_mean,yaw_std,yaw_min,yaw_max,yaw_range,yaw_skew,yaw_kurtosis,pitch_velocity_mean,pitch_velocity_std,pitch_velocity_min,pitch_velocity_max,pitch_velocity_range,pitch_velocity_skew,pitch_velocity_kurtosis,yaw_velocity_mean,yaw_velocity_std,yaw_velocity_min,yaw_velocity_max,yaw_velocity_range,yaw_velocity_skew,yaw_velocity_kurtosis,angle_magnitude_mean,angle_magnitude_std,angle_magnitude_min,angle_magnitude_max,angle_magnitude_range,angle_magnitude_skew,angle_magnitude_kurtosis,weapon_grenade,weapon_lmg,weapon_melee,weapon_pistol,weapon_rifle,weapon_shotgun,weapon_smg,weapon_sniper,weapon_unknown
202792,0.65986633,1512.9564,-127.42149,863.32764,143.89702,76561198430571269,0,258.3605307457736,0.4676056,0.77007294,1.3390555,-0.3299407700000001,-0.05492999999999881,-0.10987847000000006,0.08274000000000115,-0.49475086999999984,-0.27466000000001145,0.900925818295604,0.0,1.3390555,0.0,0.034952999985163574,17.379364029999998,-1265.55186,0.3344820123836151,1.0,-1.0,0,3.0,0.6070088712000435,0.5685232213558755,-126.555186,1.7379364029999997,0,0,2.1571134401500003,1.7357476034741433,-1.4299316,9.350052,10.7799836,1.041824707260905,3.238238946047161,-108.25336873333333,9.84427314109908,-128.35635,-96.04385,32.312499999999986,-1.2878905898096684,-0.17353547396337587,0.024005035451505015,0.15775988893229026,-0.6049346999999998,1.1824036000000002,1.7873383,2.9134700621413234,15.822812087435683,0.09988280936454848,0.4500078875720971,-0.9623339999999985,2.970085999999995,3.9324199999999934,3.9626914469349197,17.818505113418716,0.18023584516475133,0.4531992289165691,0.0,3.042580768133405,3.042580768133405,3.918402551164779,16.46445259426117,0.0,0.0,0.0,0.0,1.0,0.0,0.0,0.0,0.0
202793,0.43978882,1512.9564,-127.39403,863.32764,143.89702,76561198430571269,0,258.3605307457736,0.4676056,0.77007294,1.3390555,-0.22007750999999992,0.027460000000004925,0.10986326000000018,0.08239000000000374,0.21974173000000025,-0.00034999999999740794,0.900925818295604,0.0,1.3390555,0.0,0.033252131639831026,17.81915285,-1392.94589,0.22178404362758006,1.0,1.0,0,3.0,0.6129534517001319,0.6753619847195867,-126.703708,1.564660645,0,0,2.1571134401500003,1.7357476034741433,-1.4299316,9.350052,10.7799836,1.041824707260905,3.238238946047161,-108.25336873333333,9.84427314109908,-128.35635,-96.04385,32.312499999999986,-1.2878905898096684,-0.17353547396337587,0.024005035451505015,0.15775988893229026,-0.6049346999999998,1.1824036000000002,1.7873383,2.9134700621413234,15.822812087435683,0.09988280936454848,0.4500078875720971,-0.9623339999999985,2.970085999999995,3.9324199999999934,3.9626914469349197,17.818505113418716,0.18023584516475133,0.4531992289165691,0.0,3.042580768133405,3.042580768133405,3.918402551164779,16.46445259426117,0.0,0.0,0.0,0.0,1.0,0.0,0.0,0.0,0.0
202794,0.30245972,1512.9564,-127.31129,863.32764,143.89702,76561198430571269,0,258.3605307457736,0.4676056,0.77007294,1.3390555,-0.13732910000000004,0.08274000000000115,0.08274840999999988,0.05527999999999622,-0.0271148500000003,-0.027110000000007517,0.900925818295604,0.0,1.3390555,0.0,0.0066576046743503986,18.12161257,-1520.25718,0.16032837960514104,1.0,1.0,0,3.0,0.569795815947348,0.7437837169580211,-126.843956,1.377651977,0,1,2.1571134401500003,1.7357476034741433,-1.4299316,9.350052,10.7799836,1.041824707260905,3.238238946047161,-108.25336873333333,9.84427314109908,-128.35635,-96.04385,32.312499999999986,-1.2878905898096684,-0.17353547396337587,0.024005035451505015,0.15775988893229026,-0.6049346999999998,1.1824036000000002,1.7873383,2.9134700621413234,15.822812087435683,0.09988280936454848,0.4500078875720971,-0.9623339999999985,2.970085999999995,3.9324199999999934,3.9626914469349197,17.818505113418716,0.18023584516475133,0.4531992289165691,0.0,3.042580768133405,3.042580768133405,3.918402551164779,16.46445259426117,0.0,0.0,0.0,0.0,1.0,0.0,0.0,0.0,0.0
202795,0.24752808,1512.9564,-127.28382,863.32764,143.89702,76561198430571269,0,258.3605307457736,0.4676056,0.77007294,1.3390555,-0.054931639999999976,0.027469999999993888,0.08239746000000006,-0.05527000000000726,-0.00035094999999982224,-0.11055000000000348,0.900925818295604,0.0,1.3390555,0.0,0.0,18.36914065,-1647.5410000000002,0.06141731004439434,-1.0,1.0,1,4.0,0.49070843120373947,0.764030342920388,-126.975929,1.1851501450000002,0,0,2.1571134401500003,1.7357476034741433,-1.4299316,9.350052,10.7799836,1.041824707260905,3.238238946047161,-108.25336873333333,9.84427314109908,-128.35635,-96.04385,32.312499999999986,-1.2878905898096684,-0.17353547396337587,0.024005035451505015,0.15775988893229026,-0.6049346999999998,1.1824036000000002,1.7873383,2.9134700621413234,15.822812087435683,0.09988280936454848,0.4500078875720971,-0.9623339999999985,2.970085999999995,3.9324199999999934,3.9626914469349197,17.818505113418716,0.18023584516475133,0.4531992289165691,0.0,3.042580768133405,3.042580768133405,3.918402551164779,16.46445259426117,0.0,0.0,0.0,0.0,1.0,0.0,0.0,0.0,0.0
202796,0.24752808,1512.9564,-127.28382,863.32764,143.89702,76561198430571269,0,258.3605307457736,0.4676056,0.77007294,1.3390555,0.0,0.0,0.054931639999999976,-0.027469999999993888,-0.027465820000000085,0.02780000000001337,0.900925818295604,0.0,1.3390555,0.0,0.0,18.616668729999997,-1774.8248200000003,0.0,-1.0,1.0,0,4.0,0.39596143179325627,0.7341873349985103,-127.091423,0.995394893,1,0,2.1571134401500003,1.7357476034741433,-1.4299316,9.350052,10.7799836,1.041824707260905,3.238238946047161,-108.25336873333333,9.84427314109908,-128.35635,-96.04385,32.312499999999986,-1.2878905898096684,-0.17353547396337587,0.024005035451505015,0.15775988893229026,-0.6049346999999998,1.1824036000000002,1.7873383,2.9134700621413234,15.822812087435683,0.09988280936454848,0.4500078875720971,-0.9623339999999985,2.970085999999995,3.9324199999999934,3.9626914469349197,17.818505113418716,0.18023584516475133,0.4531992289165691,0.0,3.042580768133405,3.042580768133405,3.918402551164779,16.46445259426117,0.0,0.0,0.0,0.0,1.0,0.0,0.0,0.0,0.0
202797,0.22006226,1512.9564,-127.28382,863.32764,143.89702,76561198430571269,0,258.3605307457736,0.4676056,0.77007294,1.3390555,-0.027465820000000002,0.0,-0.027465820000000002,0.0,-0.08239745999999998,0.027469999999993888,0.900925818295604,0.0,1.3390555,0.0,0.0,18.836730989999996,-1902.1086400000004,0.027465820000000002,0.0,-1.0,1,5.0,0.2911053603536923,0.6587084829156058,-127.18765599999999,0.8084197989999999,0,0,2.1571134401500003,1.7357476034741433,-1.4299316,9.350052,10.7799836,1.041824707260905,3.238238946047161,-108.25336873333333,9.84427314109908,-128.35635,-96.04385,32.312499999999986,-1.2878905898096684,-0.17353547396337587,0.024005035451505015,0.15775988893229026,-0.6049346999999998,1.1824036000000002,1.7873383,2.9134700621413234,15.822812087435683,0.09988280936454848,0.4500078875720971,-0.9623339999999985,2.970085999999995,3.9324199999999934,3.9626914469349197,17.818505113418716,0.18023584516475133,0.4531992289165691,0.0,3.042580768133405,3.042580768133405,3.918402551164779,16.46445259426117,0.0,0.0,0.0,0.0,1.0,0.0,0.0,0.0,0.0
202798,0.22006226,1512.9564,-127.28382,863.32764,143.89702,76561198430571269,0,258.3605307457736,0.4676056,0.77007294,1.3390555,0.0,0.0,0.027465820000000002,0.0,0.054931640000000004,0.0,0.900925818295604,0.0,1.3390555,0.0,0.0,19.056793249999995,-2029.3924600000005,0.0,0.0,1.0,0,5.0,0.19382812771452584,0.5418307151469022,-127.25913600000001,0.6351776150000001,0,0,2.1571134401500003,1.7357476034741433,-1.4299316,9.350052,10.7799836,1.041824707260905,3.238238946047161,-108.25336873333333,9.84427314109908,-128.35635,-96.04385,32.312499999999986,-1.2878905898096684,-0.17353547396337587,0.024005035451505015,0.15775988893229026,-0.6049346999999998,1.1824036000000002,1.7873383,2.9134700621413234,15.822812087435683,0.09988280936454848,0.4500078875720971,-0.9623339999999985,2.970085999999995,3.9324199999999934,3.9626914469349197,17.818505113418716,0.18023584516475133,0.4531992289165691,0.0,3.042580768133405,3.042580768133405,3.918402551164779,16.46445259426117,0.0,0.0,0.0,0.0,1.0,0.0,0.0,0.0,0.0
202799,0.22006226,1512.9564,-127.28382,863.32764,143.89702,76561198430571269,0,258.3605307457736,0.4676056,0.77007294,1.3390555,0.0,0.0,0.0,0.0,-0.027465820000000002,0.0,0.900925818295604,0.0,1.3390555,0.0,0.0,19.276855509999994,-2156.6762800000006,0.0,0.0,0.0,0,4.0,0.06011700428688505,0.36035579256372813,-127.314136,0.47570343100000007,0,0,2.1571134401500003,1.7357476034741433,-1.4299316,9.350052,10.7799836,1.041824707260905,3.238238946047161,-108.25336873333333,9.84427314109908,-128.35635,-96.04385,32.312499999999986,-1.2878905898096684,-0.17353547396337587,0.024005035451505015,0.15775988893229026,-0.6049346999999998,1.1824036000000002,1.7873383,2.9134700621413234,15.822812087435683,0.09988280936454848,0.4500078875720971,-0.9623339999999985,2.970085999999995,3.9324199999999934,3.9626914469349197,17.818505113418716,0.18023584516475133,0.4531992289165691,0.0,3.042580768133405,3.042580768133405,3.918402551164779,16.46445259426117,0.0,0.0,0.0,0.0,1.0,0.0,0.0,0.0,0.0
202800,0.22006226,1512.9564,-127.28382,863.32764,143.89702,76561198430571269,0,258.3605307457736,0.4676056,0.77007294,1.3390555,0.0,0.0,0.0,0.0,0.0,0.0,0.900925818295604,0.0,1.3390555,0.0,0.0,19.496917769999992,-2283.9601000000007,0.0,0.0,0.0,0,3.0,0.05362103307250714,0.2575714778768837,-127.319629,0.376722717,0,0,2.1571134401500003,1.7357476034741433,-1.4299316,9.350052,10.7799836,1.041824707260905,3.238238946047161,-108.25336873333333,9.84427314109908,-128.35635,-96.04385,32.312499999999986,-1.2878905898096684,-0.17353547396337587,0.024005035451505015,0.15775988893229026,-0.6049346999999998,1.1824036000000002,1.7873383,2.9134700621413234,15.822812087435683,0.09988280936454848,0.4500078875720971,-0.9623339999999985,2.970085999999995,3.9324199999999934,3.9626914469349197,17.818505113418716,0.18023584516475133,0.4531992289165691,0.0,3.042580768133405,3.042580768133405,3.918402551164779,16.46445259426117,0.0,0.0,0.0,0.0,1.0,0.0,0.0,0.0,0.0
202801,0.22006226,1512.9564,-127.28382,863.32764,143.89702,76561198430571269,0,258.3605307457736,0.4676056,0.77007294,1.3390555,0.0,0.0,0.0,0.0,0.0,0.0,0.900925818295604,0.0,1.3390555,0.0,0.0,19.71698002999999,-2411.243920000001,0.0,0.0,0.0,0,2.0,0.05193169835879941,0.1439548240013874,-127.311355,0.299748233,0,0,2.1571134401500003,1.7357476034741433,-1.4299316,9.350052,10.7799836,1.041824707260905,3.238238946047161,-108.25336873333333,9.84427314109908,-128.35635,-96.04385,32.312499999999986,-1.2878905898096684,-0.17353547396337587,0.024005035451505015,0.15775988893229026,-0.6049346999999998,1.1824036000000002,1.7873383,2.9134700621413234,15.822812087435683,0.09988280936454848,0.4500078875720971,-0.9623339999999985,2.970085999999995,3.9324199999999934,3.9626914469349197,17.818505113418716,0.18023584516475133,0.4531992289165691,0.0,3.042580768133405,3.042580768133405,3.918402551164779,16.46445259426117,0.0,0.0,0.0,0.0,1.0,0.0,0.0,0.0,0.0
202802,0.22006226,1512.9564,-127.28382,863.32764,143.89702,76561198430571269,0,258.3605307457736,0.4676056,0.77007294,1.3390555,0.0,0.0,0.0,0.0,0.0,0.0,0.900925818295604,0.0,1.3390555,0.0,0.0,19.93704228999999,-2538.527740000001,0.0,0.0,0.0,0,2.0,0.03496866336825322,0.06978456585698649,-127.29758799999999,0.25576782600000003,0,0,2.1571134401500003,1.7357476034741433,-1.4299316,9.350052,10.7799836,1.041824707260905,3.238238946047161,-108.25336873333333,9.84427314109908,-128.35635,-96.04385,32.312499999999986,-1.2878905898096684,-0.17353547396337587,0.024005035451505015,0.15775988893229026,-0.6049346999999998,1.1824036000000002,1.7873383,2.9134700621413234,15.822812087435683,0.09988280936454848,0.4500078875720971,-0.9623339999999985,2.970085999999995,3.9324199999999934,3.9626914469349197,17.818505113418716,0.18023584516475133,0.4531992289165691,0.0,3.042580768133405,3.042580768133405,3.918402551164779,16.46445259426117,0.0,0.0,0.0,0.0,1.0,0.0,0.0,0.0,0.0
202803,0.22006226,1512.9564,-127.28382,863.32764,143.89702,76561198430571269,0,258.3605307457736,0.4676056,0.77007294,1.3390555,0.0,0.0,0.0,0.0,0.0,0.0,0.900925818295604,0.0,1.3390555,0.0,0.0,20.15710454999999,-2665.811560000001,0.0,0.0,0.0,0,2.0,0.008686776731573958,0.02669197919542658,-127.28656700000002,0.23379517,0,0,2.1571134401500003,1.7357476034741433,-1.4299316,9.350052,10.7799836,1.041824707260905,3.238238946047161,-108.25336873333333,9.84427314109908,-128.35635,-96.04385,32.312499999999986,-1.2878905898096684,-0.17353547396337587,0.024005035451505015,0.15775988893229026,-0.6049346999999998,1.1824036000000002,1.7873383,2.9134700621413234,15.822812087435683,0.09988280936454848,0.4500078875720971,-0.9623339999999985,2.970085999999995,3.9324199999999934,3.9626914469349197,17.818505113418716,0.18023584516475133,0.4531992289165691,0.0,3.042580768133405,3.042580768133405,3.918402551164779,16.46445259426117,0.0,0.0,0.0,0.0,1.0,0.0,0.0,0.0,0.0
202804,0.22006226,1512.9564,-127.28382,863.32764,143.89702,76561198430571269,0,258.3605307457736,0.4676056,0.77007294,1.3390555,0.0,0.0,0.0,0.0,0.0,0.0,0.900925818295604,0.0,1.3390555,0.0,0.0,20.377166809999988,-2793.095380000001,0.0,0.0,0.0,0,2.0,0.0,0.011580606533924774,-127.28382,0.22555542400000003,0,0,2.1571134401500003,1.7357476034741433,-1.4299316,9.350052,10.7799836,1.041824707260905,3.238238946047161,-108.25336873333333,9.84427314109908,-128.35635,-96.04385,32.312499999999986,-1.2878905898096684,-0.17353547396337587,0.024005035451505015,0.15775988893229026,-0.6049346999999998,1.1824036000000002,1.7873383,2.9134700621413234,15.822812087435683,0.09988280936454848,0.4500078875720971,-0.9623339999999985,2.970085999999995,3.9324199999999934,3.9626914469349197,17.818505113418716,0.18023584516475133,0.4531992289165691,0.0,3.042580768133405,3.042580768133405,3.918402551164779,16.46445259426117,0.0,0.0,0.0,0.0,1.0,0.0,0.0,0.0,0.0
202805,0.22006226,1512.9564,-127.28382,863.32764,143.89702,76561198430571269,0,258.3605307457736,0.4676056,0.77007294,1.3390555,0.0,0.0,0.0,0.0,0.0,0.0,0.900925818295604,0.0,1.3390555,0.0,0.0,20.597229069999987,-2920.379200000001,0.0,0.0,0.0,0,1.0,0.0,0.0086854549004615,-127.28382,0.22280884199999998,0,0,2.1571134401500003,1.7357476034741433,-1.4299316,9.350052,10.7799836,1.041824707260905,3.238238946047161,-108.25336873333333,9.84427314109908,-128.35635,-96.04385,32.312499999999986,-1.2878905898096684,-0.17353547396337587,0.024005035451505015,0.15775988893229026,-0.6049346999999998,1.1824036000000002,1.7873383,2.9134700621413234,15.822812087435683,0.09988280936454848,0.4500078875720971,-0.9623339999999985,2.970085999999995,3.9324199999999934,3.9626914469349197,17.818505113418716,0.18023584516475133,0.4531992289165691,0.0,3.042580768133405,3.042580768133405,3.918402551164779,16.46445259426117,0.0,0.0,0.0,0.0,1.0,0.0,0.0,0.0,0.0
202806,0.22006226,1512.9564,-127.28382,863.32764,143.89702,76561198430571269,0,258.3605307457736,0.4676056,0.77007294,1.3390555,0.0,0.0,0.0,0.0,0.0,0.0,0.900925818295604,0.0,1.3390555,0.0,0.0,20.817291329999986,-3047.6630200000013,0.0,0.0,0.0,0,1.0,0.0,0.0,-127.28382,0.22006226,0,0,2.1571134401500003,1.7357476034741433,-1.4299316,9.350052,10.7799836,1.041824707260905,3.238238946047161,-108.25336873333333,9.84427314109908,-128.35635,-96.04385,32.312499999999986,-1.2878905898096684,-0.17353547396337587,0.024005035451505015,0.15775988893229026,-0.6049346999999998,1.1824036000000002,1.7873383,2.9134700621413234,15.822812087435683,0.09988280936454848,0.4500078875720971,-0.9623339999999985,2.970085999999995,3.9324199999999934,3.9626914469349197,17.818505113418716,0.18023584516475133,0.4531992289165691,0.0,3.042580768133405,3.042580768133405,3.918402551164779,16.46445259426117,0.0,0.0,0.0,0.0,1.0,0.0,0.0,0.0,0.0
202807,0.22006226,1512.9564,-127.31129,863.32764,143.89702,76561198430571269,0,258.3605307457736,0.4676056,0.77007294,1.3390555,0.0,-0.027469999999993888,0.0,-0.027469999999993888,0.0,-0.027469999999993888,0.900925818295604,0.0,1.3390555,0.0,0.0,21.037353589999984,-3174.9743100000014,0.027469999999993888,-1.0,0.0,1,1.0,0.008686776731573958,0.0,-127.28656700000002,0.22006226,0,0,2.1571134401500003,1.7357476034741433,-1.4299316,9.350052,10.7799836,1.041824707260905,3.238238946047161,-108.25336873333333,9.84427314109908,-128.35635,-96.04385,32.312499999999986,-1.2878905898096684,-0.17353547396337587,0.024005035451505015,0.15775988893229026,-0.6049346999999998,1.1824036000000002,1.7873383,2.9134700621413234,15.822812087435683,0.09988280936454848,0.4500078875720971,-0.9623339999999985,2.970085999999995,3.9324199999999934,3.9626914469349197,17.818505113418716,0.18023584516475133,0.4531992289165691,0.0,3.042580768133405,3.042580768133405,3.918402551164779,16.46445259426117,0.0,0.0,0.0,0.0,1.0,0.0,0.0,0.0,0.0
202808,0.24752808,1512.9568,-127.31129,863.2301,143.88942,76561198430571269,0,258.3605307457736,0.4676056,0.77007294,1.3390555,0.027465820000000002,0.0,0.027465820000000002,0.027469999999993888,0.027465820000000002,0.054939999999987776,0.900925818295604,0.0,1.3390555,0.09783645332899253,0.030938603071237934,21.284881669999983,-3302.2856000000015,0.027465820000000002,1.0,1.0,1,2.0,0.011582368975964192,0.0086854549004615,-127.28931400000002,0.222808842,1,1,2.1571134401500003,1.7357476034741433,-1.4299316,9.350052,10.7799836,1.041824707260905,3.238238946047161,-108.25336873333333,9.84427314109908,-128.35635,-96.04385,32.312499999999986,-1.2878905898096684,-0.17353547396337587,0.024005035451505015,0.15775988893229026,-0.6049346999999998,1.1824036000000002,1.7873383,2.9134700621413234,15.822812087435683,0.09988280936454848,0.4500078875720971,-0.9623339999999985,2.970085999999995,3.9324199999999934,3.9626914469349197,17.818505113418716,0.18023584516475133,0.4531992289165691,0.0,3.042580768133405,3.042580768133405,3.918402551164779,16.46445259426117,0.0,0.0,0.0,0.0,1.0,0.0,0.0,0.0,0.0
202809,0.24752808,1512.9563,-127.36656,863.12604,143.88133,76561198430571269,0,258.3605307457736,0.4676056,0.77007294,1.3390555,0.0,-0.05527000000000726,-0.027465820000000002,-0.05527000000000726,-0.054931640000000004,-0.08274000000000115,0.900925818295604,0.0,1.3390555,0.10437519676628579,0.042657809180307156,21.53240974999998,-3429.6521600000015,0.05527000000000726,-1.0,-1.0,1,3.0,0.02679040284185688,0.011580606533924774,-127.29758799999999,0.225555424,0,0,2.1571134401500003,1.7357476034741433,-1.4299316,9.350052,10.7799836,1.041824707260905,3.238238946047161,-108.25336873333333,9.84427314109908,-128.35635,-96.04385,32.312499999999986,-1.2878905898096684,-0.17353547396337587,0.024005035451505015,0.15775988893229026,-0.6049346999999998,1.1824036000000002,1.7873383,2.9134700621413234,15.822812087435683,0.09988280936454848,0.4500078875720971,-0.9623339999999985,2.970085999999995,3.9324199999999934,3.9626914469349197,17.818505113418716,0.18023584516475133,0.4531992289165691,0.0,3.042580768133405,3.042580768133405,3.918402551164779,16.46445259426117,0.0,0.0,0.0,0.0,1.0,0.0,0.0,0.0,0.0
202810,0.24752808,1512.9558,-127.50389,863.0171,143.87285,76561198430571269,0,258.3605307457736,0.4676056,0.77007294,1.3390555,0.0,-0.13732999999999151,0.0,-0.08205999999998426,0.027465820000000002,-0.026789999999977,0.900925818295604,0.0,1.3390555,0.10927069140438139,0.05022627952396755,21.77993782999998,-3557.1560500000014,0.13732999999999151,-1.0,0.0,0,3.0,0.0699105842009509,0.013267251508794231,-127.319595,0.228302006,0,0,2.1571134401500003,1.7357476034741433,-1.4299316,9.350052,10.7799836,1.041824707260905,3.238238946047161,-108.25336873333333,9.84427314109908,-128.35635,-96.04385,32.312499999999986,-1.2878905898096684,-0.17353547396337587,0.024005035451505015,0.15775988893229026,-0.6049346999999998,1.1824036000000002,1.7873383,2.9134700621413234,15.822812087435683,0.09988280936454848,0.4500078875720971,-0.9623339999999985,2.970085999999995,3.9324199999999934,3.9626914469349197,17.818505113418716,0.18023584516475133,0.4531992289165691,0.0,3.042580768133405,3.042580768133405,3.918402551164779,16.46445259426117,0.0,0.0,0.0,0.0,1.0,0.0,0.0,0.0,0.0
202811,0.24752808,1512.9553,-127.64156,862.9029,143.86395,76561198430571269,0,258.3605307457736,0.4676056,0.77007294,1.3390555,0.0,-0.13766999999999996,0.0,-0.00034000000000844466,0.0,0.08171999999997581,0.900925818295604,0.0,1.3390555,0.11454737011383581,0.05515352893135552,22.02746590999998,-3684.7976100000014,0.13766999999999996,-1.0,0.0,0,3.0,0.12182465901170719,0.014183288460015736,-127.355369,0.231048588,0,0,2.1571134401500003,1.7357476034741433,-1.4299316,9.350052,10.7799836,1.041824707260905,3.238238946047161,-108.25336873333333,9.84427314109908,-128.35635,-96.04385,32.312499999999986,-1.2878905898096684,-0.17353547396337587,0.024005035451505015,0.15775988893229026,-0.6049346999999998,1.1824036000000002,1.7873383,2.9134700621413234,15.822812087435683,0.09988280936454848,0.4500078875720971,-0.9623339999999985,2.970085999999995,3.9324199999999934,3.9626914469349197,17.818505113418716,0.18023584516475133,0.4531992289165691,0.0,3.042580768133405,3.042580768133405,3.918402551164779,16.46445259426117,0.0,0.0,0.0,0.0,1.0,0.0,0.0,0.0,0.0
202812,0.24752808,1512.9548,-127.833824,862.7834,143.85464,76561198430571269,0,258.3605307457736,0.4676056,0.77007294,1.3390555,0.0,-0.19226400000000865,0.0,-0.05459400000000869,0.0,-0.054254000000000246,0.900925818295604,0.0,1.3390555,0.11986315572353333,0.05782599486490517,22.274993989999977,-3812.6314340000013,0.19226400000000865,-1.0,0.0,0,3.0,0.1906482262388803,0.014475758167392112,-127.41036940000001,0.23379517000000005,0,0,2.1571134401500003,1.7357476034741433,-1.4299316,9.350052,10.7799836,1.041824707260905,3.238238946047161,-108.25336873333333,9.84427314109908,-128.35635,-96.04385,32.312499999999986,-1.2878905898096684,-0.17353547396337587,0.024005035451505015,0.15775988893229026,-0.6049346999999998,1.1824036000000002,1.7873383,2.9134700621413234,15.822812087435683,0.09988280936454848,0.4500078875720971,-0.9623339999999985,2.970085999999995,3.9324199999999934,3.9626914469349197,17.818505113418716,0.18023584516475133,0.4531992289165691,0.0,3.042580768133405,3.042580768133405,3.918402551164779,16.46445259426117,0.0,0.0,0.0,0.0,1.0,0.0,0.0,0.0,0.0
202813,0.24752808,1512.9543,-127.99896,862.6581,143.84488,76561198430571269,0,258.3605307457736,0.4676056,0.77007294,1.3390555,0.0,-0.16513599999998974,0.0,0.027128000000018915,0.0,0.0817220000000276,0.900925818295604,0.0,1.3390555,0.1256805378728524,0.05829906340154722,22.522522069999976,-3940.630394000001,0.16513599999998974,1.0,0.0,1,4.0,0.25957279803560207,0.014183288460015696,-127.48188339999999,0.23654175200000002,0,0,2.1571134401500003,1.7357476034741433,-1.4299316,9.350052,10.7799836,1.041824707260905,3.238238946047161,-108.25336873333333,9.84427314109908,-128.35635,-96.04385,32.312499999999986,-1.2878905898096684,-0.17353547396337587,0.024005035451505015,0.15775988893229026,-0.6049346999999998,1.1824036000000002,1.7873383,2.9134700621413234,15.822812087435683,0.09988280936454848,0.4500078875720971,-0.9623339999999985,2.970085999999995,3.9324199999999934,3.9626914469349197,17.818505113418716,0.18023584516475133,0.4531992289165691,0.0,3.042580768133405,3.042580768133405,3.918402551164779,16.46445259426117,0.0,0.0,0.0,0.0,1.0,0.0,0.0,0.0,0.0
202814,0.24752808,1512.9539,-128.13629,862.5266,143.83464,76561198430571269,0,258.3605307457736,0.4676056,0.77007294,1.3390555,0.0,-0.13733000000000573,0.0,0.02780599999998401,0.0,0.0006779999999650954,0.900925818295604,0.0,1.3390555,0.1318987020405781,0.0563033804856807,22.770050149999975,-4068.766684000001,0.13733000000000573,1.0,0.0,0,4.0,0.3201997145765742,0.013267251508794145,-127.56713040000002,0.239288334,0,0,2.1571134401500003,1.7357476034741433,-1.4299316,9.350052,10.7799836,1.041824707260905,3.238238946047161,-108.25336873333333,9.84427314109908,-128.35635,-96.04385,32.312499999999986,-1.2878905898096684,-0.17353547396337587,0.024005035451505015,0.15775988893229026,-0.6049346999999998,1.1824036000000002,1.7873383,2.9134700621413234,15.822812087435683,0.09988280936454848,0.4500078875720971,-0.9623339999999985,2.970085999999995,3.9324199999999934,3.9626914469349197,17.818505113418716,0.18023584516475133,0.4531992289165691,0.0,3.042580768133405,3.042580768133405,3.918402551164779,16.46445259426117,0.0,0.0,0.0,0.0,1.0,0.0,0.0,0.0,0.0
202815,0.24752808,1512.9534,-128.24649,862.38855,143.8239,76561198430571269,0,258.3605307457736,0.4676056,0.77007294,1.3390555,0.0,-0.11019999999999186,0.0,0.027130000000013865,0.0,-0.0006759999999701449,0.900925818295604,0.0,1.3390555,0.13846804721669786,0.05113778038053645,23.017578229999973,-4197.0131740000015,0.11019999999999186,1.0,0.0,0,4.0,0.36686995052868165,0.011580606533924627,-127.66339740000001,0.24203491600000002,0,0,2.1571134401500003,1.7357476034741433,-1.4299316,9.350052,10.7799836,1.041824707260905,3.238238946047161,-108.25336873333333,9.84427314109908,-128.35635,-96.04385,32.312499999999986,-1.2878905898096684,-0.17353547396337587,0.024005035451505015,0.15775988893229026,-0.6049346999999998,1.1824036000000002,1.7873383,2.9134700621413234,15.822812087435683,0.09988280936454848,0.4500078875720971,-0.9623339999999985,2.970085999999995,3.9324199999999934,3.9626914469349197,17.818505113418716,0.18023584516475133,0.4531992289165691,0.0,3.042580768133405,3.042580768133405,3.918402551164779,16.46445259426117,0.0,0.0,0.0,0.0,1.0,0.0,0.0,0.0,0.0
202816,0.24752808,1512.9529,-128.32889,862.2439,143.81264,76561198430571269,0,258.3605307457736,0.4676056,0.77007294,1.3390555,0.0,-0.08240000000000691,0.0,0.027799999999984948,0.0,0.0006699999999710826,0.900925818295604,0.0,1.3390555,0.14508845612242155,0.04102616885185715,23.26510630999997,-4325.342064000001,0.08240000000000691,1.0,0.0,0,4.0,0.39453577685711894,0.008685454900461239,-127.76790440000002,0.244781498,0,0,2.1571134401500003,1.7357476034741433,-1.4299316,9.350052,10.7799836,1.041824707260905,3.238238946047161,-108.25336873333333,9.84427314109908,-128.35635,-96.04385,32.312499999999986,-1.2878905898096684,-0.17353547396337587,0.024005035451505015,0.15775988893229026,-0.6049346999999998,1.1824036000000002,1.7873383,2.9134700621413234,15.822812087435683,0.09988280936454848,0.4500078875720971,-0.9623339999999985,2.970085999999995,3.9324199999999934,3.9626914469349197,17.818505113418716,0.18023584516475133,0.4531992289165691,0.0,3.042580768133405,3.042580768133405,3.918402551164779,16.46445259426117,0.0,0.0,0.0,0.0,1.0,0.0,0.0,0.0,0.0
202817,0.24752808,1512.9524,-128.35635,862.09235,143.80083,76561198430571269,0,258.3605307457736,0.4676056,0.77007294,1.3390555,0.0,-0.027459999999990714,0.0,0.0549400000000162,0.0,0.02714000000003125,0.900925818295604,0.0,1.3390555,0.15201029109903394,0.017940727751315905,23.51263438999997,-4453.698414000001,0.027459999999990714,1.0,0.0,0,3.0,0.39853659897377247,0.0,-127.87241039999999,0.24752808,0,0,2.1571134401500003,1.7357476034741433,-1.4299316,9.350052,10.7799836,1.041824707260905,3.238238946047161,-108.25336873333333,9.84427314109908,-128.35635,-96.04385,32.312499999999986,-1.2878905898096684,-0.17353547396337587,0.024005035451505015,0.15775988893229026,-0.6049346999999998,1.1824036000000002,1.7873383,2.9134700621413234,15.822812087435683,0.09988280936454848,0.4500078875720971,-0.9623339999999985,2.970085999999995,3.9324199999999934,3.9626914469349197,17.818505113418716,0.18023584516475133,0.4531992289165691,0.0,3.042580768133405,3.042580768133405,3.918402551164779,16.46445259426117,0.0,0.0,0.0,0.0,1.0,0.0,0.0,0.0,0.0
202818,0.24752808,1512.9519,-128.35635,861.93396,143.7885,76561198430571269,0,258.3605307457736,0.4676056,0.77007294,1.3390555,0.0,0.0,0.0,0.027459999999990714,0.0,-0.027480000000025484,0.900925818295604,0.0,1.3390555,0.15886998143141068,0.01846147499144895,23.76016246999997,-4582.054764000001,0.0,1.0,0.0,0,2.0,0.3711257916852761,0.0,-127.97691639999998,0.24752808,0,0,2.1571134401500003,1.7357476034741433,-1.4299316,9.350052,10.7799836,1.041824707260905,3.238238946047161,-108.25336873333333,9.84427314109908,-128.35635,-96.04385,32.312499999999986,-1.2878905898096684,-0.17353547396337587,0.024005035451505015,0.15775988893229026,-0.6049346999999998,1.1824036000000002,1.7873383,2.9134700621413234,15.822812087435683,0.09988280936454848,0.4500078875720971,-0.9623339999999985,2.970085999999995,3.9324199999999934,3.9626914469349197,17.818505113418716,0.18023584516475133,0.4531992289165691,0.0,3.042580768133405,3.042580768133405,3.918402551164779,16.46445259426117,0.0,0.0,0.0,0.0,1.0,0.0,0.0,0.0,0.0
202819,0.24752808,1512.9685,-128.35635,861.8106,143.7789,76561198430571269,0,258.3605307457736,0.4676056,0.77007294,1.3390555,0.0,0.0,0.0,0.0,0.0,-0.027459999999990714,0.900925818295604,0.0,1.3390555,0.12484153795905198,0.016313696130196054,24.007690549999968,-4710.411114000001,0.0,0.0,0.0,1,2.0,0.31851664471843183,0.0,-128.07589539999998,0.24752808,0,0,2.1571134401500003,1.7357476034741433,-1.4299316,9.350052,10.7799836,1.041824707260905,3.238238946047161,-108.25336873333333,9.84427314109908,-128.35635,-96.04385,32.312499999999986,-1.2878905898096684,-0.17353547396337587,0.024005035451505015,0.15775988893229026,-0.6049346999999998,1.1824036000000002,1.7873383,2.9134700621413234,15.822812087435683,0.09988280936454848,0.4500078875720971,-0.9623339999999985,2.970085999999995,3.9324199999999934,3.9626914469349197,17.818505113418716,0.18023584516475133,0.4531992289165691,0.0,3.042580768133405,3.042580768133405,3.918402551164779,16.46445259426117,0.0,0.0,0.0,0.0,1.0,0.0,0.0,0.0,0.0
202820,0.24752808,1512.9684,-128.32889,861.7814,143.77661,76561198430571269,0,258.3605307457736,0.4676056,0.77007294,1.3390555,0.0,0.027459999999990714,0.0,0.027459999999990714,0.0,0.027459999999990714,0.900925818295604,0.0,1.3390555,0.02928982929283533,0.03620453052290823,24.255218629999966,-4838.740004000001,0.027459999999990714,1.0,0.0,1,3.0,0.25425911251324074,0.0,-128.1583954,0.24752808,0,0,2.1571134401500003,1.7357476034741433,-1.4299316,9.350052,10.7799836,1.041824707260905,3.238238946047161,-108.25336873333333,9.84427314109908,-128.35635,-96.04385,32.312499999999986,-1.2878905898096684,-0.17353547396337587,0.024005035451505015,0.15775988893229026,-0.6049346999999998,1.1824036000000002,1.7873383,2.9134700621413234,15.822812087435683,0.09988280936454848,0.4500078875720971,-0.9623339999999985,2.970085999999995,3.9324199999999934,3.9626914469349197,17.818505113418716,0.18023584516475133,0.4531992289165691,0.0,3.042580768133405,3.042580768133405,3.918402551164779,16.46445259426117,0.0,0.0,0.0,0.0,1.0,0.0,0.0,0.0,0.0
202821,0.24752808,1512.9684,-128.24649,861.7814,143.77661,76561198430571269,0,258.3605307457736,0.4676056,0.77007294,1.3390555,0.0,0.08240000000000691,0.0,0.0549400000000162,0.0,0.027480000000025484,0.900925818295604,0.0,1.3390555,0.0,0.05352489707344843,24.502746709999965,-4966.986494000001,0.08240000000000691,1.0,0.0,0,3.0,0.17822490910525718,0.0,-128.2188884,0.24752808,0,0,2.1571134401500003,1.7357476034741433,-1.4299316,9.350052,10.7799836,1.041824707260905,3.238238946047161,-108.25336873333333,9.84427314109908,-128.35635,-96.04385,32.312499999999986,-1.2878905898096684,-0.17353547396337587,0.024005035451505015,0.15775988893229026,-0.6049346999999998,1.1824036000000002,1.7873383,2.9134700621413234,15.822812087435683,0.09988280936454848,0.4500078875720971,-0.9623339999999985,2.970085999999995,3.9324199999999934,3.9626914469349197,17.818505113418716,0.18023584516475133,0.4531992289165691,0.0,3.042580768133405,3.042580768133405,3.918402551164779,16.46445259426117,0.0,0.0,0.0,0.0,1.0,0.0,0.0,0.0,0.0
202822,0.22006226,1512.9684,-128.0539,861.7814,143.77661,76561198430571269,0,258.3605307457736,0.4676056,0.77007294,1.3390555,-0.027465820000000002,0.1925899999999956,-0.027465820000000002,0.11018999999998869,-0.027465820000000002,0.05524999999997249,0.900925818295604,0.0,1.3390555,0.0,0.06409521828343684,24.722808969999964,-5095.040394000001,0.19453863207155206,1.0,-1.0,0,3.0,0.13332512451389072,0.008685454900461239,-128.240896,0.244781498,0,0,2.1571134401500003,1.7357476034741433,-1.4299316,9.350052,10.7799836,1.041824707260905,3.238238946047161,-108.25336873333333,9.84427314109908,-128.35635,-96.04385,32.312499999999986,-1.2878905898096684,-0.17353547396337587,0.024005035451505015,0.15775988893229026,-0.6049346999999998,1.1824036000000002,1.7873383,2.9134700621413234,15.822812087435683,0.09988280936454848,0.4500078875720971,-0.9623339999999985,2.970085999999995,3.9324199999999934,3.9626914469349197,17.818505113418716,0.18023584516475133,0.4531992289165691,0.0,3.042580768133405,3.042580768133405,3.918402551164779,16.46445259426117,0.0,0.0,0.0,0.0,1.0,0.0,0.0,0.0,0.0
202823,0.16479492,1512.9684,-127.72396,861.7814,143.77661,76561198430571269,0,258.3605307457736,0.4676056,0.77007294,1.3390555,-0.05526734,0.32993999999999346,-0.027801519999999996,0.13734999999999786,-0.00033569999999999434,0.027160000000009177,0.900925818295604,0.0,1.3390555,0.0,0.0706236068157884,24.887603889999962,-5222.764354000001,0.334536817810344,1.0,-1.0,0,2.0,0.20030743022769046,0.026634909241153443,-128.21339600000002,0.23650818199999998,0,0,2.1571134401500003,1.7357476034741433,-1.4299316,9.350052,10.7799836,1.041824707260905,3.238238946047161,-108.25336873333333,9.84427314109908,-128.35635,-96.04385,32.312499999999986,-1.2878905898096684,-0.17353547396337587,0.024005035451505015,0.15775988893229026,-0.6049346999999998,1.1824036000000002,1.7873383,2.9134700621413234,15.822812087435683,0.09988280936454848,0.4500078875720971,-0.9623339999999985,2.970085999999995,3.9324199999999934,3.9626914469349197,17.818505113418716,0.18023584516475133,0.4531992289165691,0.0,3.042580768133405,3.042580768133405,3.918402551164779,16.46445259426117,0.0,0.0,0.0,0.0,1.0,0.0,0.0,0.0,0.0
202824,0.1373291,1512.9684,-127.36656,861.7814,143.77661,76561198430571269,0,258.3605307457736,0.4676056,0.77007294,1.3390555,-0.027465820000000002,0.3573999999999984,0.027801519999999996,0.027460000000004925,0.05560303999999999,-0.10988999999999294,0.900925818295604,0.0,1.3390555,0.0,0.07377046760080923,25.02493298999996,-5350.130914000001,0.35845380632415,1.0,1.0,0,2.0,0.33550046328991917,0.040668628569736416,-128.13642299999998,0.225488284,1,1,2.1571134401500003,1.7357476034741433,-1.4299316,9.350052,10.7799836,1.041824707260905,3.238238946047161,-108.25336873333333,9.84427314109908,-128.35635,-96.04385,32.312499999999986,-1.2878905898096684,-0.17353547396337587,0.024005035451505015,0.15775988893229026,-0.6049346999999998,1.1824036000000002,1.7873383,2.9134700621413234,15.822812087435683,0.09988280936454848,0.4500078875720971,-0.9623339999999985,2.970085999999995,3.9324199999999934,3.9626914469349197,17.818505113418716,0.18023584516475133,0.4531992289165691,0.0,3.042580768133405,3.042580768133405,3.918402551164779,16.46445259426117,0.0,0.0,0.0,0.0,1.0,0.0,0.0,0.0,0.0
202825,0.10986328,1512.9684,-127.20142,861.7814,143.77661,76561198430571269,0,258.3605307457736,0.4676056,0.77007294,1.3390555,-0.027465820000000016,0.16514000000000806,-1.3877787807814457e-17,-0.19225999999999033,-0.02780152000000001,-0.21971999999999525,0.900925818295604,0.0,1.3390555,0.0,0.07349871555771385,25.13479626999996,-5477.3323340000015,0.16740845518752948,-1.0,-1.0,1,3.0,0.4429627251486092,0.05361764362809343,-128.031916,0.211721804,0,0,2.1571134401500003,1.7357476034741433,-1.4299316,9.350052,10.7799836,1.041824707260905,3.238238946047161,-108.25336873333333,9.84427314109908,-128.35635,-96.04385,32.312499999999986,-1.2878905898096684,-0.17353547396337587,0.024005035451505015,0.15775988893229026,-0.6049346999999998,1.1824036000000002,1.7873383,2.9134700621413234,15.822812087435683,0.09988280936454848,0.4500078875720971,-0.9623339999999985,2.970085999999995,3.9324199999999934,3.9626914469349197,17.818505113418716,0.18023584516475133,0.4531992289165691,0.0,3.042580768133405,3.042580768133405,3.918402551164779,16.46445259426117,0.0,0.0,0.0,0.0,1.0,0.0,0.0,0.0,0.0
202826,0.08239746,1512.9684,-127.064095,861.7814,143.77661,76561198430571269,0,258.3605307457736,0.4676056,0.77007294,1.3390555,-0.027465819999999988,0.13732500000000414,2.7755575615628914e-17,-0.02781500000000392,4.163336342344337e-17,0.1644449999999864,0.900925818295604,0.0,1.3390555,0.0,0.06925518094274354,25.21719372999996,-5604.396429000001,0.14004473175836904,-1.0,1.0,0,3.0,0.5222235658968539,0.06548074335927302,-127.9054365,0.195208742,1,0,2.1571134401500003,1.7357476034741433,-1.4299316,9.350052,10.7799836,1.041824707260905,3.238238946047161,-108.25336873333333,9.84427314109908,-128.35635,-96.04385,32.312499999999986,-1.2878905898096684,-0.17353547396337587,0.024005035451505015,0.15775988893229026,-0.6049346999999998,1.1824036000000002,1.7873383,2.9134700621413234,15.822812087435683,0.09988280936454848,0.4500078875720971,-0.9623339999999985,2.970085999999995,3.9324199999999934,3.9626914469349197,17.818505113418716,0.18023584516475133,0.4531992289165691,0.0,3.042580768133405,3.042580768133405,3.918402551164779,16.46445259426117,0.0,0.0,0.0,0.0,1.0,0.0,0.0,0.0,0.0
202827,0.05493164,1512.9684,-126.95389,861.7814,143.77661,76561198430571269,0,258.3605307457736,0.4676056,0.77007294,1.3390555,-0.02746582000000001,0.11020499999999345,-2.0816681711721685e-17,-0.02712000000001069,-4.85722573273506e-17,0.0006949999999932288,0.900925818295604,0.0,1.3390555,0.0,0.05952216232654229,25.27212536999996,-5731.350319000001,0.11357602428889188,-1.0,-1.0,0,3.0,0.5734772519969958,0.07588043453328373,-127.76519049999999,0.175949098,0,0,2.1571134401500003,1.7357476034741433,-1.4299316,9.350052,10.7799836,1.041824707260905,3.238238946047161,-108.25336873333333,9.84427314109908,-128.35635,-96.04385,32.312499999999986,-1.2878905898096684,-0.17353547396337587,0.024005035451505015,0.15775988893229026,-0.6049346999999998,1.1824036000000002,1.7873383,2.9134700621413234,15.822812087435683,0.09988280936454848,0.4500078875720971,-0.9623339999999985,2.970085999999995,3.9324199999999934,3.9626914469349197,17.818505113418716,0.18023584516475133,0.4531992289165691,0.0,3.042580768133405,3.042580768133405,3.918402551164779,16.46445259426117,0.0,0.0,0.0,0.0,1.0,0.0,0.0,0.0,0.0
202828,0.05493164,1512.9684,-126.95389,861.7814,143.77661,76561198430571269,0,258.3605307457736,0.4676056,0.77007294,1.3390555,0.0,0.0,0.02746582000000001,-0.11020499999999345,0.02746582000000003,-0.08308499999998276,0.900925818295604,0.0,1.3390555,0.0,0.03953571643026819,25.327057009999958,-5858.304209000001,0.0,-1.0,1.0,0,3.0,0.5842312107683113,0.08002284306593527,-127.62494450000001,0.156689454,0,0,2.1571134401500003,1.7357476034741433,-1.4299316,9.350052,10.7799836,1.041824707260905,3.238238946047161,-108.25336873333333,9.84427314109908,-128.35635,-96.04385,32.312499999999986,-1.2878905898096684,-0.17353547396337587,0.024005035451505015,0.15775988893229026,-0.6049346999999998,1.1824036000000002,1.7873383,2.9134700621413234,15.822812087435683,0.09988280936454848,0.4500078875720971,-0.9623339999999985,2.970085999999995,3.9324199999999934,3.9626914469349197,17.818505113418716,0.18023584516475133,0.4531992289165691,0.0,3.042580768133405,3.042580768133405,3.918402551164779,16.46445259426117,0.0,0.0,0.0,0.0,1.0,0.0,0.0,0.0,0.0
202829,0.05493164,1512.9684,-126.95389,861.7814,143.77661,76561198430571269,0,258.3605307457736,0.4676056,0.77007294,1.3390555,0.0,0.0,0.0,0.0,-0.02746582000000001,0.11020499999999345,0.900925818295604,0.0,1.3390555,0.0,0.009262257284287619,25.381988649999958,-5985.258099000001,0.0,0.0,0.0,1,3.0,0.5568368701975196,0.07889976522822494,-127.48469850000001,0.13742981,0,0,2.1571134401500003,1.7357476034741433,-1.4299316,9.350052,10.7799836,1.041824707260905,3.238238946047161,-108.25336873333333,9.84427314109908,-128.35635,-96.04385,32.312499999999986,-1.2878905898096684,-0.17353547396337587,0.024005035451505015,0.15775988893229026,-0.6049346999999998,1.1824036000000002,1.7873383,2.9134700621413234,15.822812087435683,0.09988280936454848,0.4500078875720971,-0.9623339999999985,2.970085999999995,3.9324199999999934,3.9626914469349197,17.818505113418716,0.18023584516475133,0.4531992289165691,0.0,3.042580768133405,3.042580768133405,3.918402551164779,16.46445259426117,0.0,0.0,0.0,0.0,1.0,0.0,0.0,0.0,0.0
202830,0.05493164,1512.9684,-126.95389,861.7814,143.77661,76561198430571269,0,258.3605307457736,0.4676056,0.77007294,1.3390555,0.0,0.0,0.0,0.0,0.0,0.0,0.900925818295604,0.0,1.3390555,0.0,0.0,25.436920289999957,-6112.211989,0.0,0.0,0.0,0,2.0,0.49110324498377933,0.07226612600036815,-127.34719850000002,0.11817016600000001,0,0,2.1571134401500003,1.7357476034741433,-1.4299316,9.350052,10.7799836,1.041824707260905,3.238238946047161,-108.25336873333333,9.84427314109908,-128.35635,-96.04385,32.312499999999986,-1.2878905898096684,-0.17353547396337587,0.024005035451505015,0.15775988893229026,-0.6049346999999998,1.1824036000000002,1.7873383,2.9134700621413234,15.822812087435683,0.09988280936454848,0.4500078875720971,-0.9623339999999985,2.970085999999995,3.9324199999999934,3.9626914469349197,17.818505113418716,0.18023584516475133,0.4531992289165691,0.0,3.042580768133405,3.042580768133405,3.918402551164779,16.46445259426117,0.0,0.0,0.0,0.0,1.0,0.0,0.0,0.0,0.0
202831,0.0,1512.9684,-126.87149,861.7814,143.77661,76561198430571269,0,258.3605307457736,0.4676056,0.77007294,1.3390555,-0.05493164,0.08240000000000691,-0.05493164,0.08240000000000691,-0.05493164,0.08240000000000691,0.900925818295604,0.0,1.3390555,0.0,0.0,25.436920289999957,-6239.083479000001,0.09903153575044032,1.0,-1.0,1,3.0,0.39428591573211896,0.06506854495504236,-127.20969850000002,0.093417358,0,0,2.1571134401500003,1.7357476034741433,-1.4299316,9.350052,10.7799836,1.041824707260905,3.238238946047161,-108.25336873333333,9.84427314109908,-128.35635,-96.04385,32.312499999999986,-1.2878905898096684,-0.17353547396337587,0.024005035451505015,0.15775988893229026,-0.6049346999999998,1.1824036000000002,1.7873383,2.9134700621413234,15.822812087435683,0.09988280936454848,0.4500078875720971,-0.9623339999999985,2.970085999999995,3.9324199999999934,3.9626914469349197,17.818505113418716,0.18023584516475133,0.4531992289165691,0.0,3.042580768133405,3.042580768133405,3.918402551164779,16.46445259426117,0.0,0.0,0.0,0.0,1.0,0.0,0.0,0.0,0.0
202832,-0.16513062,1512.9684,-126.65142,861.7814,143.77661,76561198430571269,0,258.3605307457736,0.4676056,0.77007294,1.3390555,-0.16513062,0.22006999999999266,-0.11019898,0.13766999999998575,-0.055267340000000005,0.055269999999978836,0.900925818295604,0.0,1.3390555,0.0,0.0,25.271789669999958,-6365.734899000001,0.2751343790978895,1.0,-1.0,0,3.0,0.2984136104325454,0.09072302790369205,-127.06945049999999,0.05489807,0,0,2.1571134401500003,1.7357476034741433,-1.4299316,9.350052,10.7799836,1.041824707260905,3.238238946047161,-108.25336873333333,9.84427314109908,-128.35635,-96.04385,32.312499999999986,-1.2878905898096684,-0.17353547396337587,0.024005035451505015,0.15775988893229026,-0.6049346999999998,1.1824036000000002,1.7873383,2.9134700621413234,15.822812087435683,0.09988280936454848,0.4500078875720971,-0.9623339999999985,2.970085999999995,3.9324199999999934,3.9626914469349197,17.818505113418716,0.18023584516475133,0.4531992289165691,0.0,3.042580768133405,3.042580768133405,3.918402551164779,16.46445259426117,0.0,0.0,0.0,0.0,1.0,0.0,0.0,0.0,0.0
202833,-0.41267395,1512.9684,-126.21128,861.7814,143.77661,76561198430571269,0,258.3605307457736,0.4676056,0.77007294,1.3390555,-0.24754333,0.44013999999999953,-0.08241271,0.22007000000000687,0.027786270000000002,0.08240000000002112,0.900925818295604,0.0,1.3390555,0.0,0.0,24.85911571999996,-6491.946179000001,0.5049761576822103,1.0,-1.0,0,3.0,0.31282050040496434,0.16575593061056737,-126.91818249999999,-0.0028488170000000035,0,0,2.1571134401500003,1.7357476034741433,-1.4299316,9.350052,10.7799836,1.041824707260905,3.238238946047161,-108.25336873333333,9.84427314109908,-128.35635,-96.04385,32.312499999999986,-1.2878905898096684,-0.17353547396337587,0.024005035451505015,0.15775988893229026,-0.6049346999999998,1.1824036000000002,1.7873383,2.9134700621413234,15.822812087435683,0.09988280936454848,0.4500078875720971,-0.9623339999999985,2.970085999999995,3.9324199999999934,3.9626914469349197,17.818505113418716,0.18023584516475133,0.4531992289165691,0.0,3.042580768133405,3.042580768133405,3.918402551164779,16.46445259426117,0.0,0.0,0.0,0.0,1.0,0.0,0.0,0.0,0.0
202834,-0.87994385,1512.9684,-125.35881,861.7814,143.77661,76561198430571269,0,258.3605307457736,0.4676056,0.77007294,1.3390555,-0.46726989999999996,0.8524699999999967,-0.21972656999999995,0.4123299999999972,-0.13731385999999995,0.19225999999999033,0.900925818295604,0.0,1.3390555,0.0,0.0,23.97917186999996,-6617.304989000001,0.9721348982245234,1.0,-1.0,0,3.0,0.5485540785923307,0.3150725983028566,-126.7174075,-0.10457611200000001,0,1,2.1571134401500003,1.7357476034741433,-1.4299316,9.350052,10.7799836,1.041824707260905,3.238238946047161,-108.25336873333333,9.84427314109908,-128.35635,-96.04385,32.312499999999986,-1.2878905898096684,-0.17353547396337587,0.024005035451505015,0.15775988893229026,-0.6049346999999998,1.1824036000000002,1.7873383,2.9134700621413234,15.822812087435683,0.09988280936454848,0.4500078875720971,-0.9623339999999985,2.970085999999995,3.9324199999999934,3.9626914469349197,17.818505113418716,0.18023584516475133,0.4531992289165691,0.0,3.042580768133405,3.042580768133405,3.918402551164779,16.46445259426117,0.0,0.0,0.0,0.0,1.0,0.0,0.0,0.0,0.0
202835,-1.1824036,1512.9684,-124.533806,861.7814,143.77661,76561198430571269,0,258.3605307457736,0.4676056,0.77007294,1.3390555,-0.30245975,0.825004000000007,0.16481014999999993,-0.027465999999989776,0.3845367199999999,-0.439795999999987,0.900925818295604,0.0,1.3390555,0.0,0.0,22.79676826999996,-6741.8387950000015,0.8786998921054184,-1.0,1.0,1,3.0,0.8518238706582577,0.45242177371027803,-126.45064610000001,-0.23380279999999995,0,0,2.1571134401500003,1.7357476034741433,-1.4299316,9.350052,10.7799836,1.041824707260905,3.238238946047161,-108.25336873333333,9.84427314109908,-128.35635,-96.04385,32.312499999999986,-1.2878905898096684,-0.17353547396337587,0.024005035451505015,0.15775988893229026,-0.6049346999999998,1.1824036000000002,1.7873383,2.9134700621413234,15.822812087435683,0.09988280936454848,0.4500078875720971,-0.9623339999999985,2.970085999999995,3.9324199999999934,3.9626914469349197,17.818505113418716,0.18023584516475133,0.4531992289165691,0.0,3.042580768133405,3.042580768133405,3.918402551164779,16.46445259426117,0.0,0.0,0.0,0.0,1.0,0.0,0.0,0.0,0.0
202836,-1.2926025,1512.9684,-124.14894,861.7814,143.77661,76561198430571269,0,258.3605307457736,0.4676056,0.77007294,1.3390555,-0.1101989000000001,0.3848660000000024,0.19226084999999993,-0.4401380000000046,0.027450699999999995,-0.4126720000000148,0.900925818295604,0.0,1.3390555,0.0,0.0,21.504165769999958,-6865.9877350000015,0.40033190669394797,-1.0,1.0,0,3.0,1.0853649519387198,0.5450974289305648,-126.1591306,-0.371302796,0,0,2.1571134401500003,1.7357476034741433,-1.4299316,9.350052,10.7799836,1.041824707260905,3.238238946047161,-108.25336873333333,9.84427314109908,-128.35635,-96.04385,32.312499999999986,-1.2878905898096684,-0.17353547396337587,0.024005035451505015,0.15775988893229026,-0.6049346999999998,1.1824036000000002,1.7873383,2.9134700621413234,15.822812087435683,0.09988280936454848,0.4500078875720971,-0.9623339999999985,2.970085999999995,3.9324199999999934,3.9626914469349197,17.818505113418716,0.18023584516475133,0.4531992289165691,0.0,3.042580768133405,3.042580768133405,3.918402551164779,16.46445259426117,0.0,0.0,0.0,0.0,1.0,0.0,0.0,0.0,0.0
202837,-1.375,1512.9684,-124.01127,861.7814,143.77661,76561198430571269,0,258.3605307457736,0.4676056,0.77007294,1.3390555,-0.0823974999999999,0.13766999999999996,0.027801400000000198,-0.2471960000000024,-0.16445944999999973,0.19294200000000217,0.900925818295604,0.0,1.3390555,0.0,0.0,20.129165769999958,-6989.9990050000015,0.16044431091892905,-1.0,1.0,0,3.0,1.2345901306720948,0.6051118075399399,-125.8648686,-0.51429596,0,0,2.1571134401500003,1.7357476034741433,-1.4299316,9.350052,10.7799836,1.041824707260905,3.238238946047161,-108.25336873333333,9.84427314109908,-128.35635,-96.04385,32.312499999999986,-1.2878905898096684,-0.17353547396337587,0.024005035451505015,0.15775988893229026,-0.6049346999999998,1.1824036000000002,1.7873383,2.9134700621413234,15.822812087435683,0.09988280936454848,0.4500078875720971,-0.9623339999999985,2.970085999999995,3.9324199999999934,3.9626914469349197,17.818505113418716,0.18023584516475133,0.4531992289165691,0.0,3.042580768133405,3.042580768133405,3.918402551164779,16.46445259426117,0.0,0.0,0.0,0.0,1.0,0.0,0.0,0.0,0.0
202838,-1.4299316,1512.9684,-123.92887,861.7814,143.77661,76561198430571269,0,258.3605307457736,0.4676056,0.77007294,1.3390555,-0.05493159999999997,0.0823999999999927,0.027465899999999932,-0.05527000000000726,-0.00033550000000026614,0.19192599999999516,0.900925818295604,0.0,1.3390555,0.0,0.0,18.699234169999958,-7113.927875000001,0.09903151356289974,-1.0,1.0,0,3.0,1.3066055889755963,0.6315175177568886,-125.56236659999999,-0.662782284,0,0,2.1571134401500003,1.7357476034741433,-1.4299316,9.350052,10.7799836,1.041824707260905,3.238238946047161,-108.25336873333333,9.84427314109908,-128.35635,-96.04385,32.312499999999986,-1.2878905898096684,-0.17353547396337587,0.024005035451505015,0.15775988893229026,-0.6049346999999998,1.1824036000000002,1.7873383,2.9134700621413234,15.822812087435683,0.09988280936454848,0.4500078875720971,-0.9623339999999985,2.970085999999995,3.9324199999999934,3.9626914469349197,17.818505113418716,0.18023584516475133,0.4531992289165691,0.0,3.042580768133405,3.042580768133405,3.918402551164779,16.46445259426117,0.0,0.0,0.0,0.0,1.0,0.0,0.0,0.0,0.0
202839,-1.4299316,1512.9684,-123.92887,861.7814,143.77661,76561198430571269,0,258.3605307457736,0.4676056,0.77007294,1.3390555,0.0,0.0,0.05493159999999997,-0.0823999999999927,0.027465700000000037,-0.027129999999985444,0.900925818295604,0.0,1.3390555,0.0,0.0,17.269302569999958,-7237.856745000001,0.0,-1.0,1.0,0,2.0,1.2987969927635303,0.618443592082384,-125.25986459999999,-0.811268608,0,0,2.1571134401500003,1.7357476034741433,-1.4299316,9.350052,10.7799836,1.041824707260905,3.238238946047161,-108.25336873333333,9.84427314109908,-128.35635,-96.04385,32.312499999999986,-1.2878905898096684,-0.17353547396337587,0.024005035451505015,0.15775988893229026,-0.6049346999999998,1.1824036000000002,1.7873383,2.9134700621413234,15.822812087435683,0.09988280936454848,0.4500078875720971,-0.9623339999999985,2.970085999999995,3.9324199999999934,3.9626914469349197,17.818505113418716,0.18023584516475133,0.4531992289165691,0.0,3.042580768133405,3.042580768133405,3.918402551164779,16.46445259426117,0.0,0.0,0.0,0.0,1.0,0.0,0.0,0.0,0.0
202840,-1.4299316,1512.9684,-123.92887,861.7814,143.77661,76561198430571269,0,258.3605307457736,0.4676056,0.77007294,1.3390555,0.0,0.0,0.0,0.0,-0.05493159999999997,0.0823999999999927,0.900925818295604,0.0,1.3390555,0.0,0.0,15.839370969999958,-7361.785615000001,0.0,0.0,0.0,1,3.0,1.2096194362529524,0.563147053340487,-124.95736259999998,-0.9597549319999998,0,0,2.1571134401500003,1.7357476034741433,-1.4299316,9.350052,10.7799836,1.041824707260905,3.238238946047161,-108.25336873333333,9.84427314109908,-128.35635,-96.04385,32.312499999999986,-1.2878905898096684,-0.17353547396337587,0.024005035451505015,0.15775988893229026,-0.6049346999999998,1.1824036000000002,1.7873383,2.9134700621413234,15.822812087435683,0.09988280936454848,0.4500078875720971,-0.9623339999999985,2.970085999999995,3.9324199999999934,3.9626914469349197,17.818505113418716,0.18023584516475133,0.4531992289165691,0.0,3.042580768133405,3.042580768133405,3.918402551164779,16.46445259426117,0.0,0.0,0.0,0.0,1.0,0.0,0.0,0.0,0.0
202841,-1.4299316,1512.9684,-123.92887,861.7814,143.77661,76561198430571269,0,258.3605307457736,0.4676056,0.77007294,1.3390555,0.0,0.0,0.0,0.0,0.0,0.0,0.900925818295604,0.0,1.3390555,0.0,0.0,14.409439369999959,-7485.714485,0.0,0.0,0.0,0,2.0,1.037980127375177,0.46543618308708395,-124.66310059999998,-1.102748092,0,0,2.1571134401500003,1.7357476034741433,-1.4299316,9.350052,10.7799836,1.041824707260905,3.238238946047161,-108.25336873333333,9.84427314109908,-128.35635,-96.04385,32.312499999999986,-1.2878905898096684,-0.17353547396337587,0.024005035451505015,0.15775988893229026,-0.6049346999999998,1.1824036000000002,1.7873383,2.9134700621413234,15.822812087435683,0.09988280936454848,0.4500078875720971,-0.9623339999999985,2.970085999999995,3.9324199999999934,3.9626914469349197,17.818505113418716,0.18023584516475133,0.4531992289165691,0.0,3.042580768133405,3.042580768133405,3.918402551164779,16.46445259426117,0.0,0.0,0.0,0.0,1.0,0.0,0.0,0.0,0.0
202842,-1.4299316,1512.9684,-123.901405,861.7814,143.77661,76561198430571269,0,258.3605307457736,0.4676056,0.77007294,1.3390555,0.0,0.027465000000006512,0.0,0.027465000000006512,0.0,0.027465000000006512,0.900925818295604,0.0,1.3390555,0.0,0.0,12.979507769999959,-7609.61589,0.027465000000006512,1.0,0.0,1,3.0,0.7864923962373476,0.3362584880294525,-124.3880991,-1.22922819,0,0,2.1571134401500003,1.7357476034741433,-1.4299316,9.350052,10.7799836,1.041824707260905,3.238238946047161,-108.25336873333333,9.84427314109908,-128.35635,-96.04385,32.312499999999986,-1.2878905898096684,-0.17353547396337587,0.024005035451505015,0.15775988893229026,-0.6049346999999998,1.1824036000000002,1.7873383,2.9134700621413234,15.822812087435683,0.09988280936454848,0.4500078875720971,-0.9623339999999985,2.970085999999995,3.9324199999999934,3.9626914469349197,17.818505113418716,0.18023584516475133,0.4531992289165691,0.0,3.042580768133405,3.042580768133405,3.918402551164779,16.46445259426117,0.0,0.0,0.0,0.0,1.0,0.0,0.0,0.0,0.0
202843,-1.4299316,1512.9684,-123.81901,861.7814,143.77661,76561198430571269,0,258.3605307457736,0.4676056,0.77007294,1.3390555,0.0,0.08239499999999111,0.0,0.0549299999999846,0.0,0.02746499999997809,0.900925818295604,0.0,1.3390555,0.0,0.0,11.549576169999959,-7733.4349,0.08239499999999111,1.0,0.0,0,3.0,0.47078077445597993,0.1787821940618061,-124.14887209999999,-1.330953955,0,0,2.1571134401500003,1.7357476034741433,-1.4299316,9.350052,10.7799836,1.041824707260905,3.238238946047161,-108.25336873333333,9.84427314109908,-128.35635,-96.04385,32.312499999999986,-1.2878905898096684,-0.17353547396337587,0.024005035451505015,0.15775988893229026,-0.6049346999999998,1.1824036000000002,1.7873383,2.9134700621413234,15.822812087435683,0.09988280936454848,0.4500078875720971,-0.9623339999999985,2.970085999999995,3.9324199999999934,3.9626914469349197,17.818505113418716,0.18023584516475133,0.4531992289165691,0.0,3.042580768133405,3.042580768133405,3.918402551164779,16.46445259426117,0.0,0.0,0.0,0.0,1.0,0.0,0.0,0.0,0.0
202844,-1.375,1512.9684,-123.6264,861.7814,143.77661,76561198430571269,0,258.3605307457736,0.4676056,0.77007294,1.3390555,0.05493159999999997,0.19261000000000195,0.05493159999999997,0.11021500000001083,0.05493159999999997,0.05528500000002623,0.900925818295604,0.0,1.3390555,0.0,0.0,10.174576169999959,-7857.0613,0.20029002166498644,1.0,1.0,0,3.0,0.23655250086473503,0.08279126116305882,-123.97563110000002,-1.38045957,0,0,2.1571134401500003,1.7357476034741433,-1.4299316,9.350052,10.7799836,1.041824707260905,3.238238946047161,-108.25336873333333,9.84427314109908,-128.35635,-96.04385,32.312499999999986,-1.2878905898096684,-0.17353547396337587,0.024005035451505015,0.15775988893229026,-0.6049346999999998,1.1824036000000002,1.7873383,2.9134700621413234,15.822812087435683,0.09988280936454848,0.4500078875720971,-0.9623339999999985,2.970085999999995,3.9324199999999934,3.9626914469349197,17.818505113418716,0.18023584516475133,0.4531992289165691,0.0,3.042580768133405,3.042580768133405,3.918402551164779,16.46445259426117,0.0,0.0,0.0,0.0,1.0,0.0,0.0,0.0,0.0
202845,-1.2651367,1512.9684,-123.1588,861.7814,143.77661,76561198430571269,0,258.3605307457736,0.4676056,0.77007294,1.3390555,0.1098633,0.46760000000000446,0.05493170000000003,0.2749900000000025,1.0000000005838672e-07,0.16477499999999168,0.900925818295604,0.0,1.3390555,0.0,0.0,8.90943946999996,-7980.2201000000005,0.48033291026838265,1.0,1.0,0,2.0,0.2728865144507632,0.06243063424808486,-123.83813049999999,-1.3887328799999998,0,0,2.1571134401500003,1.7357476034741433,-1.4299316,9.350052,10.7799836,1.041824707260905,3.238238946047161,-108.25336873333333,9.84427314109908,-128.35635,-96.04385,32.312499999999986,-1.2878905898096684,-0.17353547396337587,0.024005035451505015,0.15775988893229026,-0.6049346999999998,1.1824036000000002,1.7873383,2.9134700621413234,15.822812087435683,0.09988280936454848,0.4500078875720971,-0.9623339999999985,2.970085999999995,3.9324199999999934,3.9626914469349197,17.818505113418716,0.18023584516475133,0.4531992289165691,0.0,3.042580768133405,3.042580768133405,3.918402551164779,16.46445259426117,0.0,0.0,0.0,0.0,1.0,0.0,0.0,0.0,0.0
202846,-1.1549377,1512.9684,-122.471466,861.7814,143.77661,76561198430571269,0,258.3605307457736,0.4676056,0.77007294,1.3390555,0.11019899999999994,0.6873339999999928,0.0003356999999999388,0.21973399999998833,-0.05459600000000009,-0.05525600000001418,0.900925818295604,0.0,1.3390555,0.0,0.0,7.75450176999996,-8102.691566,0.6961119501610283,1.0,1.0,0,2.0,0.4898957775922118,0.09345363279898473,-123.67038309999998,-1.3749664,0,0,2.1571134401500003,1.7357476034741433,-1.4299316,9.350052,10.7799836,1.041824707260905,3.238238946047161,-108.25336873333333,9.84427314109908,-128.35635,-96.04385,32.312499999999986,-1.2878905898096684,-0.17353547396337587,0.024005035451505015,0.15775988893229026,-0.6049346999999998,1.1824036000000002,1.7873383,2.9134700621413234,15.822812087435683,0.09988280936454848,0.4500078875720971,-0.9623339999999985,2.970085999999995,3.9324199999999934,3.9626914469349197,17.818505113418716,0.18023584516475133,0.4531992289165691,0.0,3.042580768133405,3.042580768133405,3.918402551164779,16.46445259426117,0.0,0.0,0.0,0.0,1.0,0.0,0.0,0.0,0.0
202847,-0.9352112,1512.9684,-120.93132,861.7814,143.77661,76561198430571269,0,258.3605307457736,0.4676056,0.77007294,1.3390555,0.21972650000000005,1.5401460000000071,0.10952750000000011,0.8528120000000143,0.10919180000000017,0.633078000000026,0.900925818295604,0.0,1.3390555,0.0,0.0,6.81929056999996,-8223.622886000001,1.5557407997858357,1.0,1.0,0,2.0,0.977390769291384,0.16754616255676563,-123.3623881,-1.33098752,0,0,2.1571134401500003,1.7357476034741433,-1.4299316,9.350052,10.7799836,1.041824707260905,3.238238946047161,-108.25336873333333,9.84427314109908,-128.35635,-96.04385,32.312499999999986,-1.2878905898096684,-0.17353547396337587,0.024005035451505015,0.15775988893229026,-0.6049346999999998,1.1824036000000002,1.7873383,2.9134700621413234,15.822812087435683,0.09988280936454848,0.4500078875720971,-0.9623339999999985,2.970085999999995,3.9324199999999934,3.9626914469349197,17.818505113418716,0.18023584516475133,0.4531992289165691,0.0,3.042580768133405,3.042580768133405,3.918402551164779,16.46445259426117,0.0,0.0,0.0,0.0,1.0,0.0,0.0,0.0,0.0
202848,-0.55000305,1512.9684,-118.67638,861.7814,143.77661,76561198430571269,0,258.3605307457736,0.4676056,0.77007294,1.3390555,0.38520814999999997,2.254940000000005,0.16548164999999992,0.7147939999999977,0.055954149999999814,-0.13801800000001663,0.900925818295604,0.0,1.3390555,0.0,0.0,6.26928751999996,-8342.299266000002,2.287605674592202,1.0,1.0,0,2.0,1.7472689640086885,0.2935160104266711,-122.83713909999999,-1.2429946649999999,0,1,2.1571134401500003,1.7357476034741433,-1.4299316,9.350052,10.7799836,1.041824707260905,3.238238946047161,-108.25336873333333,9.84427314109908,-128.35635,-96.04385,32.312499999999986,-1.2878905898096684,-0.17353547396337587,0.024005035451505015,0.15775988893229026,-0.6049346999999998,1.1824036000000002,1.7873383,2.9134700621413234,15.822812087435683,0.09988280936454848,0.4500078875720971,-0.9623339999999985,2.970085999999995,3.9324199999999934,3.9626914469349197,17.818505113418716,0.18023584516475133,0.4531992289165691,0.0,3.042580768133405,3.042580768133405,3.918402551164779,16.46445259426117,0.0,0.0,0.0,0.0,1.0,0.0,0.0,0.0,0.0
202849,-0.110198975,1512.9684,-116.531296,861.7814,143.77661,76561198430571269,0,258.3605307457736,0.4676056,0.77007294,1.3390555,0.43980407500000007,2.145083999999997,0.0545959250000001,-0.10985600000000773,-0.11088572499999982,-0.8246500000000054,0.900925818295604,0.0,1.3390555,0.0,0.0,6.1590885449999595,-8458.830562000001,2.1897061427147237,-1.0,1.0,1,3.0,2.5943509192206,0.45331814592912184,-122.0973817,-1.1110214025,0,0,2.1571134401500003,1.7357476034741433,-1.4299316,9.350052,10.7799836,1.041824707260905,3.238238946047161,-108.25336873333333,9.84427314109908,-128.35635,-96.04385,32.312499999999986,-1.2878905898096684,-0.17353547396337587,0.024005035451505015,0.15775988893229026,-0.6049346999999998,1.1824036000000002,1.7873383,2.9134700621413234,15.822812087435683,0.09988280936454848,0.4500078875720971,-0.9623339999999985,2.970085999999995,3.9324199999999934,3.9626914469349197,17.818505113418716,0.18023584516475133,0.4531992289165691,0.0,3.042580768133405,3.042580768133405,3.918402551164779,16.46445259426117,0.0,0.0,0.0,0.0,1.0,0.0,0.0,0.0,0.0
202850,0.412323,1512.9684,-114.248886,861.7814,143.77661,76561198430571269,0,258.3605307457736,0.4676056,0.77007294,1.3390555,0.522521975,2.2824099999999987,0.0827178999999999,0.1373260000000016,0.0281219749999998,0.24718200000000934,0.900925818295604,0.0,1.3390555,0.0,0.0,6.571411544999959,-8573.079448,2.3414577985643676,1.0,1.0,1,3.0,3.4872822363618274,0.6436838705014913,-121.12938330000001,-0.9267959425000001,0,0,2.1571134401500003,1.7357476034741433,-1.4299316,9.350052,10.7799836,1.041824707260905,3.238238946047161,-108.25336873333333,9.84427314109908,-128.35635,-96.04385,32.312499999999986,-1.2878905898096684,-0.17353547396337587,0.024005035451505015,0.15775988893229026,-0.6049346999999998,1.1824036000000002,1.7873383,2.9134700621413234,15.822812087435683,0.09988280936454848,0.4500078875720971,-0.9623339999999985,2.970085999999995,3.9324199999999934,3.9626914469349197,17.818505113418716,0.18023584516475133,0.4531992289165691,0.0,3.042580768133405,3.042580768133405,3.918402551164779,16.46445259426117,0.0,0.0,0.0,0.0,1.0,0.0,0.0,0.0,0.0
202851,1.0725403,1512.9684,-111.2788,861.7814,143.77661,76561198430571269,0,258.3605307457736,0.4676056,0.77007294,1.3390555,0.6602173,2.970085999999995,0.13769532500000004,0.6876759999999962,0.054977425000000135,0.5503499999999946,0.900925818295604,0.0,1.3390555,0.0,0.0,7.643951844999959,-8684.358248,3.042580768133405,1.0,1.0,0,3.0,4.504869896144175,0.8722209000267414,-119.8643763,-0.6765487524999999,1,1,2.1571134401500003,1.7357476034741433,-1.4299316,9.350052,10.7799836,1.041824707260905,3.238238946047161,-108.25336873333333,9.84427314109908,-128.35635,-96.04385,32.312499999999986,-1.2878905898096684,-0.17353547396337587,0.024005035451505015,0.15775988893229026,-0.6049346999999998,1.1824036000000002,1.7873383,2.9134700621413234,15.822812087435683,0.09988280936454848,0.4500078875720971,-0.9623339999999985,2.970085999999995,3.9324199999999934,3.9626914469349197,17.818505113418716,0.18023584516475133,0.4531992289165691,0.0,3.042580768133405,3.042580768133405,3.918402551164779,16.46445259426117,0.0,0.0,0.0,0.0,1.0,0.0,0.0,0.0,0.0
202852,1.5123291,1512.9684,-108.72139,861.7814,143.77661,76561198430571269,0,258.3605307457736,0.4676056,0.77007294,1.3390555,0.4397888000000001,2.5574100000000044,-0.22042849999999992,-0.4126759999999905,-0.35812382499999995,-1.1003519999999867,0.900925818295604,0.0,1.3390555,0.0,0.0,9.15628094499996,-8793.079638000001,2.5949489584008125,-1.0,-1.0,1,3.0,5.451502672026571,1.064833550976786,-118.3463748,-0.3823226825,0,0,2.1571134401500003,1.7357476034741433,-1.4299316,9.350052,10.7799836,1.041824707260905,3.238238946047161,-108.25336873333333,9.84427314109908,-128.35635,-96.04385,32.312499999999986,-1.2878905898096684,-0.17353547396337587,0.024005035451505015,0.15775988893229026,-0.6049346999999998,1.1824036000000002,1.7873383,2.9134700621413234,15.822812087435683,0.09988280936454848,0.4500078875720971,-0.9623339999999985,2.970085999999995,3.9324199999999934,3.9626914469349197,17.818505113418716,0.18023584516475133,0.4531992289165691,0.0,3.042580768133405,3.042580768133405,3.918402551164779,16.46445259426117,0.0,0.0,0.0,0.0,1.0,0.0,0.0,0.0,0.0
202853,1.97995,1512.9684,-106.026306,861.7814,143.77661,76561198430571269,0,258.3605307457736,0.4676056,0.77007294,1.3390555,0.4676209,2.6950839999999943,0.027832099999999915,0.13767399999998986,0.24826059999999983,0.5503499999999804,0.900925818295604,0.0,1.3390555,0.0,0.0,11.13623094499996,-8899.105944,2.735351361922775,1.0,1.0,1,4.0,6.30384591683969,1.225876237700602,-116.56710440000002,-0.04133452249999996,1,1,2.1571134401500003,1.7357476034741433,-1.4299316,9.350052,10.7799836,1.041824707260905,3.238238946047161,-108.25336873333333,9.84427314109908,-128.35635,-96.04385,32.312499999999986,-1.2878905898096684,-0.17353547396337587,0.024005035451505015,0.15775988893229026,-0.6049346999999998,1.1824036000000002,1.7873383,2.9134700621413234,15.822812087435683,0.09988280936454848,0.4500078875720971,-0.9623339999999985,2.970085999999995,3.9324199999999934,3.9626914469349197,17.818505113418716,0.18023584516475133,0.4531992289165691,0.0,3.042580768133405,3.042580768133405,3.918402551164779,16.46445259426117,0.0,0.0,0.0,0.0,1.0,0.0,0.0,0.0,0.0
202854,2.3648071,1512.9684,-104.2115,861.7814,143.77661,76561198430571269,0,258.3605307457736,0.4676056,0.77007294,1.3390555,0.38485710000000006,1.8148060000000044,-0.08276379999999994,-0.8802779999999899,-0.11059589999999986,-1.0179519999999798,0.900925818295604,0.0,1.3390555,0.0,0.0,13.50103804499996,-9003.317444,1.8551646301761,-1.0,-1.0,1,5.0,6.853869398695952,1.3390374295059633,-114.62561439999999,0.3326461875000001,0,0,2.1571134401500003,1.7357476034741433,-1.4299316,9.350052,10.7799836,1.041824707260905,3.238238946047161,-108.25336873333333,9.84427314109908,-128.35635,-96.04385,32.312499999999986,-1.2878905898096684,-0.17353547396337587,0.024005035451505015,0.15775988893229026,-0.6049346999999998,1.1824036000000002,1.7873383,2.9134700621413234,15.822812087435683,0.09988280936454848,0.4500078875720971,-0.9623339999999985,2.970085999999995,3.9324199999999934,3.9626914469349197,17.818505113418716,0.18023584516475133,0.4531992289165691,0.0,3.042580768133405,3.042580768133405,3.918402551164779,16.46445259426117,0.0,0.0,0.0,0.0,1.0,0.0,0.0,0.0,0.0
202855,2.7225494,1512.9684,-102.64389,861.7814,143.77661,76561198430571269,0,258.3605307457736,0.4676056,0.77007294,1.3390555,0.35774229999999996,1.567610000000002,-0.027114800000000105,-0.2471960000000024,0.05564899999999984,0.6330819999999875,0.900925818295604,0.0,1.3390555,0.0,0.0,16.22358744499996,-9105.961334,1.6079118960034147,-1.0,-1.0,0,5.0,7.082372809322882,1.4026068707500845,-112.5741234,0.7314147975,0,0,2.1571134401500003,1.7357476034741433,-1.4299316,9.350052,10.7799836,1.041824707260905,3.238238946047161,-108.25336873333333,9.84427314109908,-128.35635,-96.04385,32.312499999999986,-1.2878905898096684,-0.17353547396337587,0.024005035451505015,0.15775988893229026,-0.6049346999999998,1.1824036000000002,1.7873383,2.9134700621413234,15.822812087435683,0.09988280936454848,0.4500078875720971,-0.9623339999999985,2.970085999999995,3.9324199999999934,3.9626914469349197,17.818505113418716,0.18023584516475133,0.4531992289165691,0.0,3.042580768133405,3.042580768133405,3.918402551164779,16.46445259426117,0.0,0.0,0.0,0.0,1.0,0.0,0.0,0.0,0.0
202856,2.9148102,1512.9684,-101.70902,861.7814,143.77661,76561198430571269,0,258.3605307457736,0.4676056,0.77007294,1.3390555,0.19226079999999968,0.9348700000000036,-0.16548150000000028,-0.6327399999999983,-0.13836670000000018,-0.3855439999999959,0.900925818295604,0.0,1.3390555,0.0,0.0,19.138397644999962,-9207.670354,0.9544349805600414,-1.0,-1.0,0,5.0,6.899478293101018,1.3847727148748317,-110.4978788,1.1383895875,0,0,2.1571134401500003,1.7357476034741433,-1.4299316,9.350052,10.7799836,1.041824707260905,3.238238946047161,-108.25336873333333,9.84427314109908,-128.35635,-96.04385,32.312499999999986,-1.2878905898096684,-0.17353547396337587,0.024005035451505015,0.15775988893229026,-0.6049346999999998,1.1824036000000002,1.7873383,2.9134700621413234,15.822812087435683,0.09988280936454848,0.4500078875720971,-0.9623339999999985,2.970085999999995,3.9324199999999934,3.9626914469349197,17.818505113418716,0.18023584516475133,0.4531992289165691,0.0,3.042580768133405,3.042580768133405,3.918402551164779,16.46445259426117,0.0,0.0,0.0,0.0,1.0,0.0,0.0,0.0,0.0
202857,2.9148102,1512.9642,-101.70902,861.7822,143.77669,76561198430571269,0,258.3605307457736,0.4676056,0.77007294,1.3390555,0.0,0.0,-0.19226079999999968,-0.9348700000000036,-0.026779299999999395,-0.30213000000000534,0.900925818295604,0.0,1.3390555,0.004276260048305727,0.0013522721619811003,22.05320784499996,-9309.379374,0.0,-1.0,-1.0,0,5.0,6.323350627776637,1.2750574163675386,-108.5756488,1.5233917275,0,0,2.1571134401500003,1.7357476034741433,-1.4299316,9.350052,10.7799836,1.041824707260905,3.238238946047161,-108.25336873333333,9.84427314109908,-128.35635,-96.04385,32.312499999999986,-1.2878905898096684,-0.17353547396337587,0.024005035451505015,0.15775988893229026,-0.6049346999999998,1.1824036000000002,1.7873383,2.9134700621413234,15.822812087435683,0.09988280936454848,0.4500078875720971,-0.9623339999999985,2.970085999999995,3.9324199999999934,3.9626914469349197,17.818505113418716,0.18023584516475133,0.4531992289165691,0.0,3.042580768133405,3.042580768133405,3.918402551164779,16.46445259426117,0.0,0.0,0.0,0.0,1.0,0.0,0.0,0.0,0.0
202858,2.9148102,1512.7916,-101.70902,861.8181,143.77948,76561198430571269,0,258.3605307457736,0.4676056,0.77007294,1.3390555,0.0,0.0,0.0,0.0,0.19226079999999968,0.9348700000000036,0.900925818295604,0.0,1.3390555,0.17631606307978478,0.05562201980298738,24.96801804499996,-9411.088394,0.0,0.0,0.0,1,6.0,5.53975087909199,1.1089799673482317,-106.8789128,1.8698730525000002,0,0,2.1571134401500003,1.7357476034741433,-1.4299316,9.350052,10.7799836,1.041824707260905,3.238238946047161,-108.25336873333333,9.84427314109908,-128.35635,-96.04385,32.312499999999986,-1.2878905898096684,-0.17353547396337587,0.024005035451505015,0.15775988893229026,-0.6049346999999998,1.1824036000000002,1.7873383,2.9134700621413234,15.822812087435683,0.09988280936454848,0.4500078875720971,-0.9623339999999985,2.970085999999995,3.9324199999999934,3.9626914469349197,17.818505113418716,0.18023584516475133,0.4531992289165691,0.0,3.042580768133405,3.042580768133405,3.918402551164779,16.46445259426117,0.0,0.0,0.0,0.0,1.0,0.0,0.0,0.0,0.0
202859,2.9148102,1512.5382,-101.70902,861.87067,143.78357,76561198430571269,0,258.3605307457736,0.4676056,0.77007294,1.3390555,0.0,0.0,0.0,0.0,0.0,0.0,0.900925818295604,0.0,1.3390555,0.25882792160050005,0.09356430845636274,27.882828244999956,-9512.797414,0.0,0.0,0.0,0,5.0,4.567869206186426,0.9021375522779972,-105.39668520000001,2.1723739699999998,0,0,2.1571134401500003,1.7357476034741433,-1.4299316,9.350052,10.7799836,1.041824707260905,3.238238946047161,-108.25336873333333,9.84427314109908,-128.35635,-96.04385,32.312499999999986,-1.2878905898096684,-0.17353547396337587,0.024005035451505015,0.15775988893229026,-0.6049346999999998,1.1824036000000002,1.7873383,2.9134700621413234,15.822812087435683,0.09988280936454848,0.4500078875720971,-0.9623339999999985,2.970085999999995,3.9324199999999934,3.9626914469349197,17.818505113418716,0.18023584516475133,0.4531992289165691,0.0,3.042580768133405,3.042580768133405,3.918402551164779,16.46445259426117,0.0,0.0,0.0,0.0,1.0,0.0,0.0,0.0,0.0
202860,2.9148102,1512.2135,-101.70902,861.938,143.78882,76561198430571269,0,258.3605307457736,0.4676056,0.77007294,1.3390555,0.0,0.0,0.0,0.0,0.0,0.0,0.900925818295604,0.0,1.3390555,0.3316488827056811,0.1285101617130774,30.797638444999954,-9614.506434,0.0,0.0,0.0,0,4.0,3.4528804956861787,0.6792035686558445,-104.14269859999999,2.42262269,0,0,2.1571134401500003,1.7357476034741433,-1.4299316,9.350052,10.7799836,1.041824707260905,3.238238946047161,-108.25336873333333,9.84427314109908,-128.35635,-96.04385,32.312499999999986,-1.2878905898096684,-0.17353547396337587,0.024005035451505015,0.15775988893229026,-0.6049346999999998,1.1824036000000002,1.7873383,2.9134700621413234,15.822812087435683,0.09988280936454848,0.4500078875720971,-0.9623339999999985,2.970085999999995,3.9324199999999934,3.9626914469349197,17.818505113418716,0.18023584516475133,0.4531992289165691,0.0,3.042580768133405,3.042580768133405,3.918402551164779,16.46445259426117,0.0,0.0,0.0,0.0,1.0,0.0,0.0,0.0,0.0
202861,2.9148102,1511.8175,-101.70902,862.01996,143.7952,76561198430571269,0,258.3605307457736,0.4676056,0.77007294,1.3390555,0.0,0.0,0.0,0.0,0.0,0.0,0.900925818295604,0.0,1.3390555,0.40444300710973335,0.16106581920784924,33.71244864499995,-9716.215454000001,0.0,0.0,0.0,0,4.0,2.429957312601419,0.49799460459379774,-103.1857206,2.60684968,0,0,2.1571134401500003,1.7357476034741433,-1.4299316,9.350052,10.7799836,1.041824707260905,3.238238946047161,-108.25336873333333,9.84427314109908,-128.35635,-96.04385,32.312499999999986,-1.2878905898096684,-0.17353547396337587,0.024005035451505015,0.15775988893229026,-0.6049346999999998,1.1824036000000002,1.7873383,2.9134700621413234,15.822812087435683,0.09988280936454848,0.4500078875720971,-0.9623339999999985,2.970085999999995,3.9324199999999934,3.9626914469349197,17.818505113418716,0.18023584516475133,0.4531992289165691,0.0,3.042580768133405,3.042580768133405,3.918402551164779,16.46445259426117,0.0,0.0,0.0,0.0,1.0,0.0,0.0,0.0,0.0
202862,2.9148102,1511.3503,-101.70902,862.11664,143.80272,76561198430571269,0,258.3605307457736,0.4676056,0.77007294,1.3390555,0.0,0.0,0.0,0.0,0.0,0.0,0.900925818295604,0.0,1.3390555,0.47715763936045635,0.19038275352042833,36.62725884499995,-9817.924474000001,0.0,0.0,0.0,0,3.0,1.4818122734543597,0.32182754078857706,-102.4844836,2.74709779,0,0,2.1571134401500003,1.7357476034741433,-1.4299316,9.350052,10.7799836,1.041824707260905,3.238238946047161,-108.25336873333333,9.84427314109908,-128.35635,-96.04385,32.312499999999986,-1.2878905898096684,-0.17353547396337587,0.024005035451505015,0.15775988893229026,-0.6049346999999998,1.1824036000000002,1.7873383,2.9134700621413234,15.822812087435683,0.09988280936454848,0.4500078875720971,-0.9623339999999985,2.970085999999995,3.9324199999999934,3.9626914469349197,17.818505113418716,0.18023584516475133,0.4531992289165691,0.0,3.042580768133405,3.042580768133405,3.918402551164779,16.46445259426117,0.0,0.0,0.0,0.0,1.0,0.0,0.0,0.0,0.0
202863,2.9148102,1510.8119,-101.70902,862.22797,143.81139,76561198430571269,0,258.3605307457736,0.4676056,0.77007294,1.3390555,0.0,0.0,0.0,0.0,0.0,0.0,0.900925818295604,0.0,1.3390555,0.549858252461635,0.2151416073213366,39.54206904499995,-9919.633494000002,0.0,0.0,0.0,0,2.0,0.8134187499576025,0.17775515479380583,-102.052755,2.84058381,0,0,2.1571134401500003,1.7357476034741433,-1.4299316,9.350052,10.7799836,1.041824707260905,3.238238946047161,-108.25336873333333,9.84427314109908,-128.35635,-96.04385,32.312499999999986,-1.2878905898096684,-0.17353547396337587,0.024005035451505015,0.15775988893229026,-0.6049346999999998,1.1824036000000002,1.7873383,2.9134700621413234,15.822812087435683,0.09988280936454848,0.4500078875720971,-0.9623339999999985,2.970085999999995,3.9324199999999934,3.9626914469349197,17.818505113418716,0.18023584516475133,0.4531992289165691,0.0,3.042580768133405,3.042580768133405,3.918402551164779,16.46445259426117,0.0,0.0,0.0,0.0,1.0,0.0,0.0,0.0,0.0
202864,2.9148102,1510.2021,-101.70902,862.35394,143.8212,76561198430571269,0,258.3605307457736,0.4676056,0.77007294,1.3390555,0.0,0.0,0.0,0.0,0.0,0.0,0.900925818295604,0.0,1.3390555,0.6227525327125727,0.23363929101388156,42.456879244999946,-10021.342514000002,0.0,0.0,0.0,0,1.0,0.2956318516148945,0.06079820327661006,-101.80250699999999,2.89558412,0,0,2.1571134401500003,1.7357476034741433,-1.4299316,9.350052,10.7799836,1.041824707260905,3.238238946047161,-108.25336873333333,9.84427314109908,-128.35635,-96.04385,32.312499999999986,-1.2878905898096684,-0.17353547396337587,0.024005035451505015,0.15775988893229026,-0.6049346999999998,1.1824036000000002,1.7873383,2.9134700621413234,15.822812087435683,0.09988280936454848,0.4500078875720971,-0.9623339999999985,2.970085999999995,3.9324199999999934,3.9626914469349197,17.818505113418716,0.18023584516475133,0.4531992289165691,0.0,3.042580768133405,3.042580768133405,3.918402551164779,16.46445259426117,0.0,0.0,0.0,0.0,1.0,0.0,0.0,0.0,0.0
202865,2.9148102,1509.521,-101.70902,862.495,143.83218,76561198430571269,0,258.3605307457736,0.4676056,0.77007294,1.3390555,0.0,0.0,0.0,0.0,0.0,0.0,0.900925818295604,0.0,1.3390555,0.695640491920957,0.24352368759135135,45.371689444999944,-10123.051534000002,0.0,0.0,0.0,0,1.0,0.0,0.0,-101.70902,2.9148102,0,0,2.1571134401500003,1.7357476034741433,-1.4299316,9.350052,10.7799836,1.041824707260905,3.238238946047161,-108.25336873333333,9.84427314109908,-128.35635,-96.04385,32.312499999999986,-1.2878905898096684,-0.17353547396337587,0.024005035451505015,0.15775988893229026,-0.6049346999999998,1.1824036000000002,1.7873383,2.9134700621413234,15.822812087435683,0.09988280936454848,0.4500078875720971,-0.9623339999999985,2.970085999999995,3.9324199999999934,3.9626914469349197,17.818505113418716,0.18023584516475133,0.4531992289165691,0.0,3.042580768133405,3.042580768133405,3.918402551164779,16.46445259426117,0.0,0.0,0.0,0.0,1.0,0.0,0.0,0.0,0.0
202866,2.8324127,1508.7687,-101.90128,862.6513,143.84436,76561198430571269,0,258.3605307457736,0.4676056,0.77007294,1.3390555,-0.0823974999999999,-0.19226000000000454,-0.0823974999999999,-0.19226000000000454,-0.0823974999999999,-0.19226000000000454,0.900925818295604,0.0,1.3390555,0.768461666187593,0.24131019811976737,48.20410214499994,-10224.952814000002,0.20917278887621052,-1.0,-1.0,1,2.0,0.06079795028822927,0.026056377350372462,-101.72824599999998,2.90657045,0,0,2.1571134401500003,1.7357476034741433,-1.4299316,9.350052,10.7799836,1.041824707260905,3.238238946047161,-108.25336873333333,9.84427314109908,-128.35635,-96.04385,32.312499999999986,-1.2878905898096684,-0.17353547396337587,0.024005035451505015,0.15775988893229026,-0.6049346999999998,1.1824036000000002,1.7873383,2.9134700621413234,15.822812087435683,0.09988280936454848,0.4500078875720971,-0.9623339999999985,2.970085999999995,3.9324199999999934,3.9626914469349197,17.818505113418716,0.18023584516475133,0.4531992289165691,0.0,3.042580768133405,3.042580768133405,3.918402551164779,16.46445259426117,0.0,0.0,0.0,0.0,1.0,0.0,0.0,0.0,0.0
202867,2.777481,1507.945,-101.68156,862.82245,143.85768,76561198430571269,0,258.3605307457736,0.4676056,0.77007294,1.3390555,-0.05493170000000003,0.21971999999999525,0.027465799999999874,0.4119799999999998,0.10986329999999978,0.6042400000000043,0.900925818295604,0.0,1.3390555,0.8413984994639827,0.2220569887795794,50.981583144999945,-10326.634374000003,0.22648260433174092,1.0,1.0,1,3.0,0.06236278733102256,0.048097903522804485,-101.72549999999998,2.89283753,0,0,2.1571134401500003,1.7357476034741433,-1.4299316,9.350052,10.7799836,1.041824707260905,3.238238946047161,-108.25336873333333,9.84427314109908,-128.35635,-96.04385,32.312499999999986,-1.2878905898096684,-0.17353547396337587,0.024005035451505015,0.15775988893229026,-0.6049346999999998,1.1824036000000002,1.7873383,2.9134700621413234,15.822812087435683,0.09988280936454848,0.4500078875720971,-0.9623339999999985,2.970085999999995,3.9324199999999934,3.9626914469349197,17.818505113418716,0.18023584516475133,0.4531992289165691,0.0,3.042580768133405,3.042580768133405,3.918402551164779,16.46445259426117,0.0,0.0,0.0,0.0,1.0,0.0,0.0,0.0,0.0
202868,2.777481,1507.0498,-101.43402,863.0075,143.8721,76561198430571269,0,258.3605307457736,0.4676056,0.77007294,1.3390555,0.0,0.24754000000000076,0.05493170000000003,0.027820000000005507,0.027465900000000154,-0.3841599999999943,0.900925818295604,0.0,1.3390555,0.9142398366401974,0.220475182549861,53.75906414499995,-10428.068394000004,0.24754000000000076,1.0,1.0,0,2.0,0.11161867386242097,0.059403586478940874,-101.698,2.8791046099999997,0,0,2.1571134401500003,1.7357476034741433,-1.4299316,9.350052,10.7799836,1.041824707260905,3.238238946047161,-108.25336873333333,9.84427314109908,-128.35635,-96.04385,32.312499999999986,-1.2878905898096684,-0.17353547396337587,0.024005035451505015,0.15775988893229026,-0.6049346999999998,1.1824036000000002,1.7873383,2.9134700621413234,15.822812087435683,0.09988280936454848,0.4500078875720971,-0.9623339999999985,2.970085999999995,3.9324199999999934,3.9626914469349197,17.818505113418716,0.18023584516475133,0.4531992289165691,0.0,3.042580768133405,3.042580768133405,3.918402551164779,16.46445259426117,0.0,0.0,0.0,0.0,1.0,0.0,0.0,0.0,0.0
202869,2.804947,1506.0828,-101.15902,863.206,143.88756,76561198430571269,0,258.3605307457736,0.4676056,0.77007294,1.3390555,0.02746599999999999,0.2750000000000057,0.02746599999999999,0.027460000000004925,-0.027465700000000037,-0.0003600000000005821,0.900925818295604,0.0,1.3390555,0.9872842861102255,0.22054507466829418,56.564011144999945,-10529.227414000003,0.2763681985250892,1.0,1.0,0,2.0,0.20337610347805662,0.06216156768301368,-101.643,2.86811829,1,1,2.1571134401500003,1.7357476034741433,-1.4299316,9.350052,10.7799836,1.041824707260905,3.238238946047161,-108.25336873333333,9.84427314109908,-128.35635,-96.04385,32.312499999999986,-1.2878905898096684,-0.17353547396337587,0.024005035451505015,0.15775988893229026,-0.6049346999999998,1.1824036000000002,1.7873383,2.9134700621413234,15.822812087435683,0.09988280936454848,0.4500078875720971,-0.9623339999999985,2.970085999999995,3.9324199999999934,3.9626914469349197,17.818505113418716,0.18023584516475133,0.4531992289165691,0.0,3.042580768133405,3.042580768133405,3.918402551164779,16.46445259426117,0.0,0.0,0.0,0.0,1.0,0.0,0.0,0.0,0.0
202870,2.8324127,1505.044,-101.07662,863.4176,143.90402,76561198430571269,0,258.3605307457736,0.4676056,0.77007294,1.3390555,0.027465700000000037,0.0823999999999927,-2.9999999995311555e-07,-0.19260000000001298,-0.027466299999999944,-0.2200600000000179,0.900925818295604,0.0,1.3390555,1.0602598415480966,0.22063143244273925,59.396423844999944,-10630.304034000003,0.08685692071728539,-1.0,-1.0,1,3.0,0.2684712364467552,0.06072923913062706,-101.57976,2.85987854,0,0,2.1571134401500003,1.7357476034741433,-1.4299316,9.350052,10.7799836,1.041824707260905,3.238238946047161,-108.25336873333333,9.84427314109908,-128.35635,-96.04385,32.312499999999986,-1.2878905898096684,-0.17353547396337587,0.024005035451505015,0.15775988893229026,-0.6049346999999998,1.1824036000000002,1.7873383,2.9134700621413234,15.822812087435683,0.09988280936454848,0.4500078875720971,-0.9623339999999985,2.970085999999995,3.9324199999999934,3.9626914469349197,17.818505113418716,0.18023584516475133,0.4531992289165691,0.0,3.042580768133405,3.042580768133405,3.918402551164779,16.46445259426117,0.0,0.0,0.0,0.0,1.0,0.0,0.0,0.0,0.0
202871,2.8598785,1503.9333,-101.02135,863.6424,143.92154,76561198430571269,0,258.3605307457736,0.4676056,0.77007294,1.3390555,0.027465800000000318,0.05527000000000726,1.0000000028043132e-07,-0.027129999999985444,4.0000000023354687e-07,0.16547000000002754,0.900925818295604,0.0,1.3390555,1.1333562901402097,0.22074313700308862,62.256302344999945,-10731.325384000003,0.06171825556219829,-1.0,1.0,0,3.0,0.31561506456146615,0.05761281486654485,-101.51099300000001,2.85438537,1,0,2.1571134401500003,1.7357476034741433,-1.4299316,9.350052,10.7799836,1.041824707260905,3.238238946047161,-108.25336873333333,9.84427314109908,-128.35635,-96.04385,32.312499999999986,-1.2878905898096684,-0.17353547396337587,0.024005035451505015,0.15775988893229026,-0.6049346999999998,1.1824036000000002,1.7873383,2.9134700621413234,15.822812087435683,0.09988280936454848,0.4500078875720971,-0.9623339999999985,2.970085999999995,3.9324199999999934,3.9626914469349197,17.818505113418716,0.18023584516475133,0.4531992289165691,0.0,3.042580768133405,3.042580768133405,3.918402551164779,16.46445259426117,0.0,0.0,0.0,0.0,1.0,0.0,0.0,0.0,0.0
202872,2.8598785,1502.751,-100.966415,863.8803,143.94006,76561198430571269,0,258.3605307457736,0.4676056,0.77007294,1.3390555,0.0,0.0549350000000004,-0.027465800000000318,-0.0003350000000068576,-0.027465900000000598,0.026794999999978586,0.900925818295604,0.0,1.3390555,1.2061395816404912,0.22080131751005436,65.11618084499995,-10832.291799000004,0.0549350000000004,-1.0,-1.0,0,3.0,0.349399501932443,0.053697085749393934,-101.4367325,2.8488922000000003,0,0,2.1571134401500003,1.7357476034741433,-1.4299316,9.350052,10.7799836,1.041824707260905,3.238238946047161,-108.25336873333333,9.84427314109908,-128.35635,-96.04385,32.312499999999986,-1.2878905898096684,-0.17353547396337587,0.024005035451505015,0.15775988893229026,-0.6049346999999998,1.1824036000000002,1.7873383,2.9134700621413234,15.822812087435683,0.09988280936454848,0.4500078875720971,-0.9623339999999985,2.970085999999995,3.9324199999999934,3.9626914469349197,17.818505113418716,0.18023584516475133,0.4531992289165691,0.0,3.042580768133405,3.042580768133405,3.918402551164779,16.46445259426117,0.0,0.0,0.0,0.0,1.0,0.0,0.0,0.0,0.0
202873,2.8873444,1501.4967,-100.88402,864.1313,143.95961,76561198430571269,0,258.3605307457736,0.4676056,0.77007294,1.3390555,0.02746589999999971,0.08239499999999111,0.02746589999999971,0.027459999999990714,0.05493170000000003,0.02779499999999757,0.900925818295604,0.0,1.3390555,1.2793168850992833,0.22086573342843827,68.00352524499995,-10933.175819000004,0.08685224054570222,1.0,1.0,1,4.0,0.37446379925253126,0.05056167312816637,-101.3542325,2.84614562,1,1,2.1571134401500003,1.7357476034741433,-1.4299316,9.350052,10.7799836,1.041824707260905,3.238238946047161,-108.25336873333333,9.84427314109908,-128.35635,-96.04385,32.312499999999986,-1.2878905898096684,-0.17353547396337587,0.024005035451505015,0.15775988893229026,-0.6049346999999998,1.1824036000000002,1.7873383,2.9134700621413234,15.822812087435683,0.09988280936454848,0.4500078875720971,-0.9623339999999985,2.970085999999995,3.9324199999999934,3.9626914469349197,17.818505113418716,0.18023584516475133,0.4531992289165691,0.0,3.042580768133405,3.042580768133405,3.918402551164779,16.46445259426117,0.0,0.0,0.0,0.0,1.0,0.0,0.0,0.0,0.0
202874,2.8873444,1500.173,-100.82909,864.3945,143.9801,76561198430571269,0,258.3605307457736,0.4676056,0.77007294,1.3390555,0.0,0.054930000000013024,-0.02746589999999971,-0.02746499999997809,-0.05493179999999942,-0.054924999999968804,0.900925818295604,0.0,1.3390555,1.3497687839403352,0.22050879467140308,70.89086964499995,-11034.004909000003,0.054930000000013024,-1.0,-1.0,1,5.0,0.38506579917027384,0.047040671546160616,-101.2662395,2.8433990400000004,0,0,2.1571134401500003,1.7357476034741433,-1.4299316,9.350052,10.7799836,1.041824707260905,3.238238946047161,-108.25336873333333,9.84427314109908,-128.35635,-96.04385,32.312499999999986,-1.2878905898096684,-0.17353547396337587,0.024005035451505015,0.15775988893229026,-0.6049346999999998,1.1824036000000002,1.7873383,2.9134700621413234,15.822812087435683,0.09988280936454848,0.4500078875720971,-0.9623339999999985,2.970085999999995,3.9324199999999934,3.9626914469349197,17.818505113418716,0.18023584516475133,0.4531992289165691,0.0,3.042580768133405,3.042580768133405,3.918402551164779,16.46445259426117,0.0,0.0,0.0,0.0,1.0,0.0,0.0,0.0,0.0
202875,2.8873444,1498.8802,-100.774155,864.65094,144.00006,76561198430571269,0,258.3605307457736,0.4676056,0.77007294,1.3390555,0.0,0.0549350000000004,0.0,4.9999999873762135e-06,0.02746589999999971,0.027469999999965466,0.900925818295604,0.0,1.3390555,1.3181394900388392,0.20496053589035035,73.77821404499996,-11134.779064000002,0.0549350000000004,1.0,0.0,1,6.0,0.3790597071634081,0.043039551437723325,-101.172753,2.8406524600000003,0,1,2.1571134401500003,1.7357476034741433,-1.4299316,9.350052,10.7799836,1.041824707260905,3.238238946047161,-108.25336873333333,9.84427314109908,-128.35635,-96.04385,32.312499999999986,-1.2878905898096684,-0.17353547396337587,0.024005035451505015,0.15775988893229026,-0.6049346999999998,1.1824036000000002,1.7873383,2.9134700621413234,15.822812087435683,0.09988280936454848,0.4500078875720971,-0.9623339999999985,2.970085999999995,3.9324199999999934,3.9626914469349197,17.818505113418716,0.18023584516475133,0.4531992289165691,0.0,3.042580768133405,3.042580768133405,3.918402551164779,16.46445259426117,0.0,0.0,0.0,0.0,1.0,0.0,0.0,0.0,0.0
202876,2.8873444,1497.8633,-100.774155,864.8538,144.01587,76561198430571269,0,258.3605307457736,0.4676056,0.77007294,1.3390555,0.0,0.0,0.0,-0.0549350000000004,0.0,-0.054939999999987776,0.900925818295604,0.0,1.3390555,1.0370572528554793,0.17401074478650636,76.66555844499996,-11235.553219000001,0.0,-1.0,0.0,1,6.0,0.29707164374679035,0.04531632198135551,-101.0600405,2.84614563,0,0,2.1571134401500003,1.7357476034741433,-1.4299316,9.350052,10.7799836,1.041824707260905,3.238238946047161,-108.25336873333333,9.84427314109908,-128.35635,-96.04385,32.312499999999986,-1.2878905898096684,-0.17353547396337587,0.024005035451505015,0.15775988893229026,-0.6049346999999998,1.1824036000000002,1.7873383,2.9134700621413234,15.822812087435683,0.09988280936454848,0.4500078875720971,-0.9623339999999985,2.970085999999995,3.9324199999999934,3.9626914469349197,17.818505113418716,0.18023584516475133,0.4531992289165691,0.0,3.042580768133405,3.042580768133405,3.918402551164779,16.46445259426117,0.0,0.0,0.0,0.0,1.0,0.0,0.0,0.0,0.0
202877,2.8873444,1497.1737,-100.746346,864.99347,144.02673,76561198430571269,0,258.3605307457736,0.4676056,0.77007294,1.3390555,0.0,0.027808999999990647,0.0,0.027808999999990647,0.0,0.08274399999999105,0.900925818295604,0.0,1.3390555,0.7036858734548437,0.20119314859688686,79.55290284499996,-11336.299565000001,0.027808999999990647,1.0,0.0,1,6.0,0.21574658012898373,0.039801775381648974,-100.9665191,2.85713197,0,1,2.1571134401500003,1.7357476034741433,-1.4299316,9.350052,10.7799836,1.041824707260905,3.238238946047161,-108.25336873333333,9.84427314109908,-128.35635,-96.04385,32.312499999999986,-1.2878905898096684,-0.17353547396337587,0.024005035451505015,0.15775988893229026,-0.6049346999999998,1.1824036000000002,1.7873383,2.9134700621413234,15.822812087435683,0.09988280936454848,0.4500078875720971,-0.9623339999999985,2.970085999999995,3.9324199999999934,3.9626914469349197,17.818505113418716,0.18023584516475133,0.4531992289165691,0.0,3.042580768133405,3.042580768133405,3.918402551164779,16.46445259426117,0.0,0.0,0.0,0.0,1.0,0.0,0.0,0.0,0.0
202878,2.8873444,1496.755,-100.746346,865.0806,144.03352,76561198430571269,0,258.3605307457736,0.4676056,0.77007294,1.3390555,0.0,0.0,0.0,-0.027808999999990647,0.0,-0.055617999999981294,0.900925818295604,0.0,1.3390555,0.42772354506147314,0.2900269983491735,82.44024724499997,-11437.045911000001,0.0,-1.0,0.0,1,7.0,0.14964730051816513,0.029095912562094376,-100.8977517,2.8681183100000003,0,0,2.1571134401500003,1.7357476034741433,-1.4299316,9.350052,10.7799836,1.041824707260905,3.238238946047161,-108.25336873333333,9.84427314109908,-128.35635,-96.04385,32.312499999999986,-1.2878905898096684,-0.17353547396337587,0.024005035451505015,0.15775988893229026,-0.6049346999999998,1.1824036000000002,1.7873383,2.9134700621413234,15.822812087435683,0.09988280936454848,0.4500078875720971,-0.9623339999999985,2.970085999999995,3.9324199999999934,3.9626914469349197,17.818505113418716,0.18023584516475133,0.4531992289165691,0.0,3.042580768133405,3.042580768133405,3.918402551164779,16.46445259426117,0.0,0.0,0.0,0.0,1.0,0.0,0.0,0.0,0.0
202879,2.8873444,1496.6072,-100.746346,865.11456,144.03616,76561198430571269,0,258.3605307457736,0.4676056,0.77007294,1.3390555,0.0,0.0,0.0,0.0,0.0,0.027808999999990647,0.900925818295604,0.0,1.3390555,0.1516742931417655,0.40698469744813714,85.32759164499997,-11537.792257000001,0.0,0.0,0.0,1,8.0,0.12435674906912161,0.019204293869646057,-100.8564843,2.87635805,0,0,2.1571134401500003,1.7357476034741433,-1.4299316,9.350052,10.7799836,1.041824707260905,3.238238946047161,-108.25336873333333,9.84427314109908,-128.35635,-96.04385,32.312499999999986,-1.2878905898096684,-0.17353547396337587,0.024005035451505015,0.15775988893229026,-0.6049346999999998,1.1824036000000002,1.7873383,2.9134700621413234,15.822812087435683,0.09988280936454848,0.4500078875720971,-0.9623339999999985,2.970085999999995,3.9324199999999934,3.9626914469349197,17.818505113418716,0.18023584516475133,0.4531992289165691,0.0,3.042580768133405,3.042580768133405,3.918402551164779,16.46445259426117,0.0,0.0,0.0,0.0,1.0,0.0,0.0,0.0,0.0
202880,2.8873444,1496.73,-100.746346,865.0932,144.0345,76561198430571269,0,258.3605307457736,0.4676056,0.77007294,1.3390555,0.0,0.0,0.0,0.0,0.0,0.0,0.900925818295604,0.0,1.3390555,0.1246549044362962,0.483448553282109,88.21493604499997,-11638.538603,0.0,0.0,0.0,0,7.0,0.10107425024107149,0.011580640264858829,-100.82345690000001,2.88185122,0,0,2.1571134401500003,1.7357476034741433,-1.4299316,9.350052,10.7799836,1.041824707260905,3.238238946047161,-108.25336873333333,9.84427314109908,-128.35635,-96.04385,32.312499999999986,-1.2878905898096684,-0.17353547396337587,0.024005035451505015,0.15775988893229026,-0.6049346999999998,1.1824036000000002,1.7873383,2.9134700621413234,15.822812087435683,0.09988280936454848,0.4500078875720971,-0.9623339999999985,2.970085999999995,3.9324199999999934,3.9626914469349197,17.818505113418716,0.18023584516475133,0.4531992289165691,0.0,3.042580768133405,3.042580768133405,3.918402551164779,16.46445259426117,0.0,0.0,0.0,0.0,1.0,0.0,0.0,0.0,0.0
202881,2.8873444,1496.9242,-100.746346,865.0567,144.03166,76561198430571269,0,258.3605307457736,0.4676056,0.77007294,1.3390555,0.0,0.0,0.0,0.0,0.0,0.0,0.900925818295604,0.0,1.3390555,0.19762073676608044,0.51689006624636,91.10228044499998,-11739.284949,0.0,0.0,0.0,0,7.0,0.07539947570237945,0.008685480198646381,-100.79595649999999,2.88459781,0,0,2.1571134401500003,1.7357476034741433,-1.4299316,9.350052,10.7799836,1.041824707260905,3.238238946047161,-108.25336873333333,9.84427314109908,-128.35635,-96.04385,32.312499999999986,-1.2878905898096684,-0.17353547396337587,0.024005035451505015,0.15775988893229026,-0.6049346999999998,1.1824036000000002,1.7873383,2.9134700621413234,15.822812087435683,0.09988280936454848,0.4500078875720971,-0.9623339999999985,2.970085999999995,3.9324199999999934,3.9626914469349197,17.818505113418716,0.18023584516475133,0.4531992289165691,0.0,3.042580768133405,3.042580768133405,3.918402551164779,16.46445259426117,0.0,0.0,0.0,0.0,1.0,0.0,0.0,0.0,0.0
202882,2.8873444,1497.19,-100.746346,865.0065,144.02776,76561198430571269,0,258.3605307457736,0.4676056,0.77007294,1.3390555,0.0,0.0,0.0,0.0,0.0,0.0,0.900925818295604,0.0,1.3390555,0.2705270596448145,0.5157755018760172,93.98962484499998,-11840.031295,0.0,0.0,0.0,0,7.0,0.04681855453371636,0.0,-100.7739496,2.8873444,0,0,2.1571134401500003,1.7357476034741433,-1.4299316,9.350052,10.7799836,1.041824707260905,3.238238946047161,-108.25336873333333,9.84427314109908,-128.35635,-96.04385,32.312499999999986,-1.2878905898096684,-0.17353547396337587,0.024005035451505015,0.15775988893229026,-0.6049346999999998,1.1824036000000002,1.7873383,2.9134700621413234,15.822812087435683,0.09988280936454848,0.4500078875720971,-0.9623339999999985,2.970085999999995,3.9324199999999934,3.9626914469349197,17.818505113418716,0.18023584516475133,0.4531992289165691,0.0,3.042580768133405,3.042580768133405,3.918402551164779,16.46445259426117,0.0,0.0,0.0,0.0,1.0,0.0,0.0,0.0,0.0
202883,2.8873444,1497.5275,-100.746346,864.9427,144.02278,76561198430571269,0,258.3605307457736,0.4676056,0.77007294,1.3390555,0.0,0.0,0.0,0.0,0.0,0.0,0.900925818295604,0.0,1.3390555,0.3435134501004432,0.479809014798801,96.87696924499998,-11940.777641,0.0,0.0,0.0,0,6.0,0.026830426730435186,0.0,-100.7601822,2.8873444,0,0,2.1571134401500003,1.7357476034741433,-1.4299316,9.350052,10.7799836,1.041824707260905,3.238238946047161,-108.25336873333333,9.84427314109908,-128.35635,-96.04385,32.312499999999986,-1.2878905898096684,-0.17353547396337587,0.024005035451505015,0.15775988893229026,-0.6049346999999998,1.1824036000000002,1.7873383,2.9134700621413234,15.822812087435683,0.09988280936454848,0.4500078875720971,-0.9623339999999985,2.970085999999995,3.9324199999999934,3.9626914469349197,17.818505113418716,0.18023584516475133,0.4531992289165691,0.0,3.042580768133405,3.042580768133405,3.918402551164779,16.46445259426117,0.0,0.0,0.0,0.0,1.0,0.0,0.0,0.0,0.0
202884,2.8873444,1497.9368,-100.746346,864.86523,144.01675,76561198430571269,0,258.3605307457736,0.4676056,0.77007294,1.3390555,0.0,0.0,0.0,0.0,0.0,0.0,0.900925818295604,0.0,1.3390555,0.41661067173083416,0.40031021528749244,99.76431364499999,-12041.523987,0.0,0.0,0.0,0,5.0,0.011725303894825213,0.0,-100.7519078,2.8873444,0,0,2.1571134401500003,1.7357476034741433,-1.4299316,9.350052,10.7799836,1.041824707260905,3.238238946047161,-108.25336873333333,9.84427314109908,-128.35635,-96.04385,32.312499999999986,-1.2878905898096684,-0.17353547396337587,0.024005035451505015,0.15775988893229026,-0.6049346999999998,1.1824036000000002,1.7873383,2.9134700621413234,15.822812087435683,0.09988280936454848,0.4500078875720971,-0.9623339999999985,2.970085999999995,3.9324199999999934,3.9626914469349197,17.818505113418716,0.18023584516475133,0.4531992289165691,0.0,3.042580768133405,3.042580768133405,3.918402551164779,16.46445259426117,0.0,0.0,0.0,0.0,1.0,0.0,0.0,0.0,0.0
202885,2.8873444,1498.4178,-100.746346,864.7742,144.00966,76561198430571269,0,258.3605307457736,0.4676056,0.77007294,1.3390555,0.0,0.0,0.0,0.0,0.0,0.0,0.900925818295604,0.0,1.3390555,0.48958934731058357,0.2794605908327896,102.65165804499999,-12142.270333,0.0,0.0,0.0,0,4.0,0.008793977902414237,0.0,-100.7491269,2.8873444,0,0,2.1571134401500003,1.7357476034741433,-1.4299316,9.350052,10.7799836,1.041824707260905,3.238238946047161,-108.25336873333333,9.84427314109908,-128.35635,-96.04385,32.312499999999986,-1.2878905898096684,-0.17353547396337587,0.024005035451505015,0.15775988893229026,-0.6049346999999998,1.1824036000000002,1.7873383,2.9134700621413234,15.822812087435683,0.09988280936454848,0.4500078875720971,-0.9623339999999985,2.970085999999995,3.9324199999999934,3.9626914469349197,17.818505113418716,0.18023584516475133,0.4531992289165691,0.0,3.042580768133405,3.042580768133405,3.918402551164779,16.46445259426117,0.0,0.0,0.0,0.0,1.0,0.0,0.0,0.0,0.0
202886,2.8873444,1498.9707,-100.746346,864.66943,144.00151,76561198430571269,0,258.3605307457736,0.4676056,0.77007294,1.3390555,0.0,0.0,0.0,0.0,0.0,0.0,0.900925818295604,0.0,1.3390555,0.5627979969759426,0.18752226149237028,105.539002445,-12243.016679,0.0,0.0,0.0,0,3.0,0.0,0.0,-100.746346,2.8873444,0,0,2.1571134401500003,1.7357476034741433,-1.4299316,9.350052,10.7799836,1.041824707260905,3.238238946047161,-108.25336873333333,9.84427314109908,-128.35635,-96.04385,32.312499999999986,-1.2878905898096684,-0.17353547396337587,0.024005035451505015,0.15775988893229026,-0.6049346999999998,1.1824036000000002,1.7873383,2.9134700621413234,15.822812087435683,0.09988280936454848,0.4500078875720971,-0.9623339999999985,2.970085999999995,3.9324199999999934,3.9626914469349197,17.818505113418716,0.18023584516475133,0.4531992289165691,0.0,3.042580768133405,3.042580768133405,3.918402551164779,16.46445259426117,0.0,0.0,0.0,0.0,1.0,0.0,0.0,0.0,0.0
202887,2.8873444,1499.5953,-100.746346,864.551,143.9923,76561198430571269,0,258.3605307457736,0.4676056,0.77007294,1.3390555,0.0,0.0,0.0,0.0,0.0,0.0,0.900925818295604,0.0,1.3390555,0.6357952885951883,0.17485352987272154,108.426346845,-12343.763025,0.0,0.0,0.0,0,2.0,0.0,0.0,-100.746346,2.8873444,0,0,2.1571134401500003,1.7357476034741433,-1.4299316,9.350052,10.7799836,1.041824707260905,3.238238946047161,-108.25336873333333,9.84427314109908,-128.35635,-96.04385,32.312499999999986,-1.2878905898096684,-0.17353547396337587,0.024005035451505015,0.15775988893229026,-0.6049346999999998,1.1824036000000002,1.7873383,2.9134700621413234,15.822812087435683,0.09988280936454848,0.4500078875720971,-0.9623339999999985,2.970085999999995,3.9324199999999934,3.9626914469349197,17.818505113418716,0.18023584516475133,0.4531992289165691,0.0,3.042580768133405,3.042580768133405,3.918402551164779,16.46445259426117,0.0,0.0,0.0,0.0,1.0,0.0,0.0,0.0,0.0
202888,2.8873444,1500.2917,-100.85655,864.41864,143.98198,76561198430571269,0,258.3605307457736,0.4676056,0.77007294,1.3390555,0.0,-0.11020399999999597,0.0,-0.11020399999999597,0.0,-0.11020399999999597,0.900925818295604,0.0,1.3390555,0.7089419101732326,0.2063642970540719,111.313691245,-12444.619575,0.11020399999999597,-1.0,0.0,1,2.0,0.034849564715338094,0.0,-100.7573664,2.8873444,0,0,2.1571134401500003,1.7357476034741433,-1.4299316,9.350052,10.7799836,1.041824707260905,3.238238946047161,-108.25336873333333,9.84427314109908,-128.35635,-96.04385,32.312499999999986,-1.2878905898096684,-0.17353547396337587,0.024005035451505015,0.15775988893229026,-0.6049346999999998,1.1824036000000002,1.7873383,2.9134700621413234,15.822812087435683,0.09988280936454848,0.4500078875720971,-0.9623339999999985,2.970085999999995,3.9324199999999934,3.9626914469349197,17.818505113418716,0.18023584516475133,0.4531992289165691,0.0,3.042580768133405,3.042580768133405,3.918402551164779,16.46445259426117,0.0,0.0,0.0,0.0,1.0,0.0,0.0,0.0,0.0
202889,2.8873444,1501.0599,-100.966415,864.27185,143.97055,76561198430571269,0,258.3605307457736,0.4676056,0.77007294,1.3390555,0.0,-0.10986499999999921,0.0,0.00033899999999675856,0.0,0.11054299999999273,0.900925818295604,0.0,1.3390555,0.7821823246532552,0.22118674738590505,114.201035645,-12545.585990000001,0.10986499999999921,1.0,0.0,1,2.0,0.07428717619059089,0.0,-100.7793733,2.8873444,0,1,2.1571134401500003,1.7357476034741433,-1.4299316,9.350052,10.7799836,1.041824707260905,3.238238946047161,-108.25336873333333,9.84427314109908,-128.35635,-96.04385,32.312499999999986,-1.2878905898096684,-0.17353547396337587,0.024005035451505015,0.15775988893229026,-0.6049346999999998,1.1824036000000002,1.7873383,2.9134700621413234,15.822812087435683,0.09988280936454848,0.4500078875720971,-0.9623339999999985,2.970085999999995,3.9324199999999934,3.9626914469349197,17.818505113418716,0.18023584516475133,0.4531992289165691,0.0,3.042580768133405,3.042580768133405,3.918402551164779,16.46445259426117,0.0,0.0,0.0,0.0,1.0,0.0,0.0,0.0,0.0
202890,2.8598785,1501.8998,-101.13155,864.1105,143.95798,76561198430571269,0,258.3605307457736,0.4676056,0.77007294,1.3390555,-0.02746589999999971,-0.16513500000000647,-0.02746589999999971,-0.05527000000000726,-0.02746589999999971,-0.055609000000004016,0.900925818295604,0.0,1.3390555,0.8553501256210204,0.22127643263937477,117.060914145,-12646.717540000001,0.16740353606722924,-1.0,-1.0,1,3.0,0.13239951083887647,0.008685480198646381,-100.8178937,2.8845978100000003,0,0,2.1571134401500003,1.7357476034741433,-1.4299316,9.350052,10.7799836,1.041824707260905,3.238238946047161,-108.25336873333333,9.84427314109908,-128.35635,-96.04385,32.312499999999986,-1.2878905898096684,-0.17353547396337587,0.024005035451505015,0.15775988893229026,-0.6049346999999998,1.1824036000000002,1.7873383,2.9134700621413234,15.822812087435683,0.09988280936454848,0.4500078875720971,-0.9623339999999985,2.970085999999995,3.9324199999999934,3.9626914469349197,17.818505113418716,0.18023584516475133,0.4531992289165691,0.0,3.042580768133405,3.042580768133405,3.918402551164779,16.46445259426117,0.0,0.0,0.0,0.0,1.0,0.0,0.0,0.0,0.0
202891,2.8598785,1502.8108,-101.26888,863.93414,143.94426,76561198430571269,0,258.3605307457736,0.4676056,0.77007294,1.3390555,0.0,-0.13732999999999151,0.02746589999999971,0.027805000000014957,0.05493179999999942,0.08307500000002221,0.900925818295604,0.0,1.3390555,0.9280151334973592,0.22127838530171767,119.92079264499999,-12747.986420000001,0.13732999999999151,1.0,1.0,1,4.0,0.19111720241492774,0.011580640264858829,-100.8701471,2.8818512199999997,0,1,2.1571134401500003,1.7357476034741433,-1.4299316,9.350052,10.7799836,1.041824707260905,3.238238946047161,-108.25336873333333,9.84427314109908,-128.35635,-96.04385,32.312499999999986,-1.2878905898096684,-0.17353547396337587,0.024005035451505015,0.15775988893229026,-0.6049346999999998,1.1824036000000002,1.7873383,2.9134700621413234,15.822812087435683,0.09988280936454848,0.4500078875720971,-0.9623339999999985,2.970085999999995,3.9324199999999934,3.9626914469349197,17.818505113418716,0.18023584516475133,0.4531992289165691,0.0,3.042580768133405,3.042580768133405,3.918402551164779,16.46445259426117,0.0,0.0,0.0,0.0,1.0,0.0,0.0,0.0,0.0
202892,2.8598785,1503.7589,-101.43402,863.74945,143.92987,76561198430571269,0,258.3605307457736,0.4676056,0.77007294,1.3390555,0.0,-0.16514000000000806,0.0,-0.027810000000016544,-0.02746589999999971,-0.0556150000000315,0.900925818295604,0.0,1.3390555,0.9660285079644927,0.21567930610042763,122.78067114499999,-12849.420440000002,0.16514000000000806,-1.0,0.0,1,5.0,0.25474790316350066,0.013267290152441187,-100.93891450000001,2.8791046299999996,0,0,2.1571134401500003,1.7357476034741433,-1.4299316,9.350052,10.7799836,1.041824707260905,3.238238946047161,-108.25336873333333,9.84427314109908,-128.35635,-96.04385,32.312499999999986,-1.2878905898096684,-0.17353547396337587,0.024005035451505015,0.15775988893229026,-0.6049346999999998,1.1824036000000002,1.7873383,2.9134700621413234,15.822812087435683,0.09988280936454848,0.4500078875720971,-0.9623339999999985,2.970085999999995,3.9324199999999934,3.9626914469349197,17.818505113418716,0.18023584516475133,0.4531992289165691,0.0,3.042580768133405,3.042580768133405,3.918402551164779,16.46445259426117,0.0,0.0,0.0,0.0,1.0,0.0,0.0,0.0,0.0
202893,2.8324127,1504.6095,-101.59916,863.58374,143.91696,76561198430571269,0,258.3605307457736,0.4676056,0.77007294,1.3390555,-0.027465800000000318,-0.16513999999999385,-0.027465800000000318,1.4210854715202004e-14,-0.027465800000000318,0.027810000000030755,0.900925818295604,0.0,1.3390555,0.8666872747421487,0.18989725829881135,125.61308384499999,-12951.019600000001,0.16740845190622242,1.0,-1.0,1,6.0,0.318011315087693,0.01942130057117844,-101.02419590000001,2.8736114600000002,0,1,2.1571134401500003,1.7357476034741433,-1.4299316,9.350052,10.7799836,1.041824707260905,3.238238946047161,-108.25336873333333,9.84427314109908,-128.35635,-96.04385,32.312499999999986,-1.2878905898096684,-0.17353547396337587,0.024005035451505015,0.15775988893229026,-0.6049346999999998,1.1824036000000002,1.7873383,2.9134700621413234,15.822812087435683,0.09988280936454848,0.4500078875720971,-0.9623339999999985,2.970085999999995,3.9324199999999934,3.9626914469349197,17.818505113418716,0.18023584516475133,0.4531992289165691,0.0,3.042580768133405,3.042580768133405,3.918402551164779,16.46445259426117,0.0,0.0,0.0,0.0,1.0,0.0,0.0,0.0,0.0
202894,2.8324127,1505.3386,-101.79142,863.4418,143.90591,76561198430571269,0,258.3605307457736,0.4676056,0.77007294,1.3390555,0.0,-0.19226000000000454,0.027465800000000318,-0.02712000000001069,0.054931600000000635,-0.027120000000024902,0.900925818295604,0.0,1.3390555,0.7428700263841918,0.15691442305281184,128.445496545,-13052.811020000001,0.19226000000000454,-1.0,1.0,1,7.0,0.3818660403360632,0.02261188787855093,-101.12870330000001,2.86811829,1,0,2.1571134401500003,1.7357476034741433,-1.4299316,9.350052,10.7799836,1.041824707260905,3.238238946047161,-108.25336873333333,9.84427314109908,-128.35635,-96.04385,32.312499999999986,-1.2878905898096684,-0.17353547396337587,0.024005035451505015,0.15775988893229026,-0.6049346999999998,1.1824036000000002,1.7873383,2.9134700621413234,15.822812087435683,0.09988280936454848,0.4500078875720971,-0.9623339999999985,2.970085999999995,3.9324199999999934,3.9626914469349197,17.818505113418716,0.18023584516475133,0.4531992289165691,0.0,3.042580768133405,3.042580768133405,3.918402551164779,16.46445259426117,0.0,0.0,0.0,0.0,1.0,0.0,0.0,0.0,0.0
202895,2.804947,1505.9681,-102.06642,863.31934,143.89638,76561198430571269,0,258.3605307457736,0.4676056,0.77007294,1.3390555,-0.027465700000000037,-0.2749999999999915,-0.027465700000000037,-0.08273999999998694,-0.054931500000000355,-0.055619999999976244,0.900925818295604,0.0,1.3390555,0.641371594709333,0.13421396172547223,131.250443545,-13154.87744,0.27636816871066266,-1.0,-1.0,0,7.0,0.4559789253055888,0.02895151633477616,-101.2607107,2.85987855,0,0,2.1571134401500003,1.7357476034741433,-1.4299316,9.350052,10.7799836,1.041824707260905,3.238238946047161,-108.25336873333333,9.84427314109908,-128.35635,-96.04385,32.312499999999986,-1.2878905898096684,-0.17353547396337587,0.024005035451505015,0.15775988893229026,-0.6049346999999998,1.1824036000000002,1.7873383,2.9134700621413234,15.822812087435683,0.09988280936454848,0.4500078875720971,-0.9623339999999985,2.970085999999995,3.9324199999999934,3.9626914469349197,17.818505113418716,0.18023584516475133,0.4531992289165691,0.0,3.042580768133405,3.042580768133405,3.918402551164779,16.46445259426117,0.0,0.0,0.0,0.0,1.0,0.0,0.0,0.0,0.0
202896,2.777481,1506.498,-102.28649,863.2164,143.88837,76561198430571269,0,258.3605307457736,0.4676056,0.77007294,1.3390555,-0.02746599999999999,-0.22007000000000687,-2.9999999995311555e-07,0.0549299999999846,0.027465400000000084,0.13766999999997154,0.900925818295604,0.0,1.3390555,0.5398655515033306,0.1382636015933028,134.027924545,-13257.16393,0.22177733440548658,1.0,-1.0,1,8.0,0.5187269455690349,0.03707604699438575,-101.4147251,2.8488922100000003,0,0,2.1571134401500003,1.7357476034741433,-1.4299316,9.350052,10.7799836,1.041824707260905,3.238238946047161,-108.25336873333333,9.84427314109908,-128.35635,-96.04385,32.312499999999986,-1.2878905898096684,-0.17353547396337587,0.024005035451505015,0.15775988893229026,-0.6049346999999998,1.1824036000000002,1.7873383,2.9134700621413234,15.822812087435683,0.09988280936454848,0.4500078875720971,-0.9623339999999985,2.970085999999995,3.9324199999999934,3.9626914469349197,17.818505113418716,0.18023584516475133,0.4531992289165691,0.0,3.042580768133405,3.042580768133405,3.918402551164779,16.46445259426117,0.0,0.0,0.0,0.0,1.0,0.0,0.0,0.0,0.0
202897,2.777481,1506.9283,-102.36889,863.13293,143.88187,76561198430571269,0,258.3605307457736,0.4676056,0.77007294,1.3390555,0.0,-0.0823999999999927,0.02746599999999999,0.13767000000001417,0.027466299999999944,0.08274000000002957,0.900925818295604,0.0,1.3390555,0.4383692289611531,0.16958217038823978,136.80540554499999,-13359.53282,0.0823999999999927,1.0,1.0,0,8.0,0.5397668147158107,0.04053214455285374,-101.5769795,2.8379058699999997,0,0,2.1571134401500003,1.7357476034741433,-1.4299316,9.350052,10.7799836,1.041824707260905,3.238238946047161,-108.25336873333333,9.84427314109908,-128.35635,-96.04385,32.312499999999986,-1.2878905898096684,-0.17353547396337587,0.024005035451505015,0.15775988893229026,-0.6049346999999998,1.1824036000000002,1.7873383,2.9134700621413234,15.822812087435683,0.09988280936454848,0.4500078875720971,-0.9623339999999985,2.970085999999995,3.9324199999999934,3.9626914469349197,17.818505113418716,0.18023584516475133,0.4531992289165691,0.0,3.042580768133405,3.042580768133405,3.918402551164779,16.46445259426117,0.0,0.0,0.0,0.0,1.0,0.0,0.0,0.0,0.0
202898,2.777481,1507.259,-102.36889,863.069,143.87688,76561198430571269,0,258.3605307457736,0.4676056,0.77007294,1.3390555,0.0,0.0,0.0,0.0823999999999927,-0.02746599999999999,-0.05527000000002147,0.900925818295604,0.0,1.3390555,0.33685966662690486,0.21388508843846343,139.58288654499998,-13461.90171,0.0,1.0,0.0,0,7.0,0.5272065035423473,0.040532144552853394,-101.7282135,2.82691953,0,1,2.1571134401500003,1.7357476034741433,-1.4299316,9.350052,10.7799836,1.041824707260905,3.238238946047161,-108.25336873333333,9.84427314109908,-128.35635,-96.04385,32.312499999999986,-1.2878905898096684,-0.17353547396337587,0.024005035451505015,0.15775988893229026,-0.6049346999999998,1.1824036000000002,1.7873383,2.9134700621413234,15.822812087435683,0.09988280936454848,0.4500078875720971,-0.9623339999999985,2.970085999999995,3.9324199999999934,3.9626914469349197,17.818505113418716,0.18023584516475133,0.4531992289165691,0.0,3.042580768133405,3.042580768133405,3.918402551164779,16.46445259426117,0.0,0.0,0.0,0.0,1.0,0.0,0.0,0.0,0.0
202899,2.7500153,1507.4901,-102.396355,863.0245,143.87341,76561198430571269,0,258.3605307457736,0.4676056,0.77007294,1.3390555,-0.027465700000000037,-0.027465000000006512,-0.027465700000000037,-0.027465000000006512,-0.027465700000000037,-0.10986499999999921,0.900925818295604,0.0,1.3390555,0.235370985680018,0.2585474590942381,142.33290184499998,-13564.298065,0.03884187046848233,-1.0,-1.0,1,7.0,0.4902520378399698,0.04104585536686087,-101.8712075,2.81318662,0,0,2.1571134401500003,1.7357476034741433,-1.4299316,9.350052,10.7799836,1.041824707260905,3.238238946047161,-108.25336873333333,9.84427314109908,-128.35635,-96.04385,32.312499999999986,-1.2878905898096684,-0.17353547396337587,0.024005035451505015,0.15775988893229026,-0.6049346999999998,1.1824036000000002,1.7873383,2.9134700621413234,15.822812087435683,0.09988280936454848,0.4500078875720971,-0.9623339999999985,2.970085999999995,3.9324199999999934,3.9626914469349197,17.818505113418716,0.18023584516475133,0.4531992289165691,0.0,3.042580768133405,3.042580768133405,3.918402551164779,16.46445259426117,0.0,0.0,0.0,0.0,1.0,0.0,0.0,0.0,0.0
202900,2.7500153,1507.4712,-102.42382,863.0323,143.87402,76561198430571269,0,258.3605307457736,0.4676056,0.77007294,1.3390555,0.0,-0.027465000000006512,0.027465700000000037,0.0,0.054931400000000075,0.027465000000006512,0.900925818295604,0.0,1.3390555,0.020455368488510643,0.3152696348319554,145.08291714499998,-13666.721885,0.027465000000006512,0.0,1.0,1,7.0,0.44151440495139765,0.041854711571178746,-102.0004345,2.8022003,0,0,2.1571134401500003,1.7357476034741433,-1.4299316,9.350052,10.7799836,1.041824707260905,3.238238946047161,-108.25336873333333,9.84427314109908,-128.35635,-96.04385,32.312499999999986,-1.2878905898096684,-0.17353547396337587,0.024005035451505015,0.15775988893229026,-0.6049346999999998,1.1824036000000002,1.7873383,2.9134700621413234,15.822812087435683,0.09988280936454848,0.4500078875720971,-0.9623339999999985,2.970085999999995,3.9324199999999934,3.9626914469349197,17.818505113418716,0.18023584516475133,0.4531992289165691,0.0,3.042580768133405,3.042580768133405,3.918402551164779,16.46445259426117,0.0,0.0,0.0,0.0,1.0,0.0,0.0,0.0,0.0
202901,2.7500153,1507.3672,-102.45163,863.0554,143.87582,76561198430571269,0,258.3605307457736,0.4676056,0.77007294,1.3390555,0.0,-0.027809999999988122,0.0,-0.00034499999998161,-0.027465700000000037,-0.00034499999998161,0.900925818295604,0.0,1.3390555,0.10654975363654619,0.3190779088618687,147.83293244499998,-13769.173515,0.027809999999988122,-1.0,0.0,1,7.0,0.3775550533095722,0.039378306386321046,-102.1187095,2.7912139799999998,0,0,2.1571134401500003,1.7357476034741433,-1.4299316,9.350052,10.7799836,1.041824707260905,3.238238946047161,-108.25336873333333,9.84427314109908,-128.35635,-96.04385,32.312499999999986,-1.2878905898096684,-0.17353547396337587,0.024005035451505015,0.15775988893229026,-0.6049346999999998,1.1824036000000002,1.7873383,2.9134700621413234,15.822812087435683,0.09988280936454848,0.4500078875720971,-0.9623339999999985,2.970085999999995,3.9324199999999934,3.9626914469349197,17.818505113418716,0.18023584516475133,0.4531992289165691,0.0,3.042580768133405,3.042580768133405,3.918402551164779,16.46445259426117,0.0,0.0,0.0,0.0,1.0,0.0,0.0,0.0,0.0
202902,2.7500153,1507.1887,-102.45163,863.09485,143.87889,76561198430571269,0,258.3605307457736,0.4676056,0.77007294,1.3390555,0.0,0.0,0.0,0.027809999999988122,0.0,0.028154999999969732,0.900925818295604,0.0,1.3390555,0.18283319556358987,0.2832024057499838,150.58294774499998,-13871.625145,0.0,1.0,0.0,1,7.0,0.3021062545265269,0.032882588739977424,-102.22047049999999,2.78022766,0,1,2.1571134401500003,1.7357476034741433,-1.4299316,9.350052,10.7799836,1.041824707260905,3.238238946047161,-108.25336873333333,9.84427314109908,-128.35635,-96.04385,32.312499999999986,-1.2878905898096684,-0.17353547396337587,0.024005035451505015,0.15775988893229026,-0.6049346999999998,1.1824036000000002,1.7873383,2.9134700621413234,15.822812087435683,0.09988280936454848,0.4500078875720971,-0.9623339999999985,2.970085999999995,3.9324199999999934,3.9626914469349197,17.818505113418716,0.18023584516475133,0.4531992289165691,0.0,3.042580768133405,3.042580768133405,3.918402551164779,16.46445259426117,0.0,0.0,0.0,0.0,1.0,0.0,0.0,0.0,0.0
202903,2.7500153,1506.939,-102.479095,863.15,143.8832,76561198430571269,0,258.3605307457736,0.4676056,0.77007294,1.3390555,0.0,-0.027465000000006512,0.0,-0.027465000000006512,0.0,-0.055274999999994634,0.900925818295604,0.0,1.3390555,0.25575415656432,0.2359636244437544,153.33296304499999,-13974.10424,0.027465000000006512,-1.0,0.0,1,7.0,0.21726712574973955,0.028366562719108868,-102.30846399999999,2.77198792,0,0,2.1571134401500003,1.7357476034741433,-1.4299316,9.350052,10.7799836,1.041824707260905,3.238238946047161,-108.25336873333333,9.84427314109908,-128.35635,-96.04385,32.312499999999986,-1.2878905898096684,-0.17353547396337587,0.024005035451505015,0.15775988893229026,-0.6049346999999998,1.1824036000000002,1.7873383,2.9134700621413234,15.822812087435683,0.09988280936454848,0.4500078875720971,-0.9623339999999985,2.970085999999995,3.9324199999999934,3.9626914469349197,17.818505113418716,0.18023584516475133,0.4531992289165691,0.0,3.042580768133405,3.042580768133405,3.918402551164779,16.46445259426117,0.0,0.0,0.0,0.0,1.0,0.0,0.0,0.0,0.0
202904,2.7500153,1506.6179,-102.479095,863.2212,143.88873,76561198430571269,0,258.3605307457736,0.4676056,0.77007294,1.3390555,0.0,0.0,0.0,0.027465000000006512,0.0,0.054930000000013024,0.900925818295604,0.0,1.3390555,0.32894563517406744,0.19151367036431677,156.082978345,-14076.583335000001,0.0,1.0,0.0,1,7.0,0.12442569627716858,0.019421253430811032,-102.3772315,2.7637481799999994,0,0,2.1571134401500003,1.7357476034741433,-1.4299316,9.350052,10.7799836,1.041824707260905,3.238238946047161,-108.25336873333333,9.84427314109908,-128.35635,-96.04385,32.312499999999986,-1.2878905898096684,-0.17353547396337587,0.024005035451505015,0.15775988893229026,-0.6049346999999998,1.1824036000000002,1.7873383,2.9134700621413234,15.822812087435683,0.09988280936454848,0.4500078875720971,-0.9623339999999985,2.970085999999995,3.9324199999999934,3.9626914469349197,17.818505113418716,0.18023584516475133,0.4531992289165691,0.0,3.042580768133405,3.042580768133405,3.918402551164779,16.46445259426117,0.0,0.0,0.0,0.0,1.0,0.0,0.0,0.0,0.0
202905,2.7225494,1506.2256,-102.479095,863.308,143.8955,76561198430571269,0,258.3605307457736,0.4676056,0.77007294,1.3390555,-0.02746589999999971,0.0,-0.02746589999999971,0.0,-0.02746589999999971,-0.027465000000006512,0.900925818295604,0.0,1.3390555,0.4018449488297557,0.1571749659572632,158.80552774499998,-14179.062430000002,0.02746589999999971,0.0,-1.0,1,8.0,0.06331412303747998,0.017370876069936876,-102.418499,2.75550842,0,0,2.1571134401500003,1.7357476034741433,-1.4299316,9.350052,10.7799836,1.041824707260905,3.238238946047161,-108.25336873333333,9.84427314109908,-128.35635,-96.04385,32.312499999999986,-1.2878905898096684,-0.17353547396337587,0.024005035451505015,0.15775988893229026,-0.6049346999999998,1.1824036000000002,1.7873383,2.9134700621413234,15.822812087435683,0.09988280936454848,0.4500078875720971,-0.9623339999999985,2.970085999999995,3.9324199999999934,3.9626914469349197,17.818505113418716,0.18023584516475133,0.4531992289165691,0.0,3.042580768133405,3.042580768133405,3.918402551164779,16.46445259426117,0.0,0.0,0.0,0.0,1.0,0.0,0.0,0.0,0.0
202906,2.7225494,1505.762,-102.479095,863.41046,143.90347,76561198430571269,0,258.3605307457736,0.4676056,0.77007294,1.3390555,0.0,0.0,0.02746589999999971,0.0,0.05493179999999942,0.0,0.900925818295604,0.0,1.3390555,0.4748542223672746,0.14642414861231642,161.52807714499997,-14281.541525000002,0.0,0.0,1.0,0,7.0,0.04547763078525264,0.01831053333339962,-102.4377595,2.75001526,0,0,2.1571134401500003,1.7357476034741433,-1.4299316,9.350052,10.7799836,1.041824707260905,3.238238946047161,-108.25336873333333,9.84427314109908,-128.35635,-96.04385,32.312499999999986,-1.2878905898096684,-0.17353547396337587,0.024005035451505015,0.15775988893229026,-0.6049346999999998,1.1824036000000002,1.7873383,2.9134700621413234,15.822812087435683,0.09988280936454848,0.4500078875720971,-0.9623339999999985,2.970085999999995,3.9324199999999934,3.9626914469349197,17.818505113418716,0.18023584516475133,0.4531992289165691,0.0,3.042580768133405,3.042580768133405,3.918402551164779,16.46445259426117,0.0,0.0,0.0,0.0,1.0,0.0,0.0,0.0,0.0
202907,2.7225494,1505.227,-102.479095,863.52856,143.91267,76561198430571269,0,258.3605307457736,0.4676056,0.77007294,1.3390555,0.0,0.0,0.0,0.0,-0.02746589999999971,0.0,0.900925818295604,0.0,1.3390555,0.5479573432301555,0.16291706736096942,164.25062654499996,-14384.020620000003,0.0,0.0,0.0,0,7.0,0.03995140860270673,0.017370918233638438,-102.44878000000001,2.7445221,0,0,2.1571134401500003,1.7357476034741433,-1.4299316,9.350052,10.7799836,1.041824707260905,3.238238946047161,-108.25336873333333,9.84427314109908,-128.35635,-96.04385,32.312499999999986,-1.2878905898096684,-0.17353547396337587,0.024005035451505015,0.15775988893229026,-0.6049346999999998,1.1824036000000002,1.7873383,2.9134700621413234,15.822812087435683,0.09988280936454848,0.4500078875720971,-0.9623339999999985,2.970085999999995,3.9324199999999934,3.9626914469349197,17.818505113418716,0.18023584516475133,0.4531992289165691,0.0,3.042580768133405,3.042580768133405,3.918402551164779,16.46445259426117,0.0,0.0,0.0,0.0,1.0,0.0,0.0,0.0,0.0
202908,2.7225494,1504.6208,-102.50656,863.6624,143.9231,76561198430571269,0,258.3605307457736,0.4676056,0.77007294,1.3390555,0.0,-0.0274649999999923,0.0,-0.0274649999999923,0.0,-0.0274649999999923,0.900925818295604,0.0,1.3390555,0.6208867614148567,0.19396102408687363,166.97317594499995,-14486.527180000003,0.0274649999999923,-1.0,0.0,1,8.0,0.03236227030572925,0.014183329771804093,-102.462547,2.73902894,0,0,2.1571134401500003,1.7357476034741433,-1.4299316,9.350052,10.7799836,1.041824707260905,3.238238946047161,-108.25336873333333,9.84427314109908,-128.35635,-96.04385,32.312499999999986,-1.2878905898096684,-0.17353547396337587,0.024005035451505015,0.15775988893229026,-0.6049346999999998,1.1824036000000002,1.7873383,2.9134700621413234,15.822812087435683,0.09988280936454848,0.4500078875720971,-0.9623339999999985,2.970085999999995,3.9324199999999934,3.9626914469349197,17.818505113418716,0.18023584516475133,0.4531992289165691,0.0,3.042580768133405,3.042580768133405,3.918402551164779,16.46445259426117,0.0,0.0,0.0,0.0,1.0,0.0,0.0,0.0,0.0
202909,2.7225494,1503.9434,-102.50656,863.8123,143.93477,76561198430571269,0,258.3605307457736,0.4676056,0.77007294,1.3390555,0.0,0.0,0.0,0.0274649999999923,0.0,0.0549299999999846,0.900925818295604,0.0,1.3390555,0.693885407614066,0.22421311256681606,169.69572534499994,-14589.033740000003,0.0,1.0,0.0,1,8.0,0.02531380378058135,0.01447580033106087,-102.47356749999999,2.73628235,0,1,2.1571134401500003,1.7357476034741433,-1.4299316,9.350052,10.7799836,1.041824707260905,3.238238946047161,-108.25336873333333,9.84427314109908,-128.35635,-96.04385,32.312499999999986,-1.2878905898096684,-0.17353547396337587,0.024005035451505015,0.15775988893229026,-0.6049346999999998,1.1824036000000002,1.7873383,2.9134700621413234,15.822812087435683,0.09988280936454848,0.4500078875720971,-0.9623339999999985,2.970085999999995,3.9324199999999934,3.9626914469349197,17.818505113418716,0.18023584516475133,0.4531992289165691,0.0,3.042580768133405,3.042580768133405,3.918402551164779,16.46445259426117,0.0,0.0,0.0,0.0,1.0,0.0,0.0,0.0,0.0
202910,2.6950836,1503.5354,-102.53403,863.9026,143.9418,76561198430571269,0,258.3605307457736,0.4676056,0.77007294,1.3390555,-0.027465800000000318,-0.0274700000000081,-0.027465800000000318,-0.0274700000000081,-0.027465800000000318,-0.0549350000000004,0.900925818295604,0.0,1.3390555,0.41793242384397233,0.1891531661701834,172.39080894499995,-14691.567770000003,0.03884547682344062,-1.0,-1.0,1,8.0,0.02523968149249312,0.018538048190422037,-102.4845885,2.73078918,0,0,2.1571134401500003,1.7357476034741433,-1.4299316,9.350052,10.7799836,1.041824707260905,3.238238946047161,-108.25336873333333,9.84427314109908,-128.35635,-96.04385,32.312499999999986,-1.2878905898096684,-0.17353547396337587,0.024005035451505015,0.15775988893229026,-0.6049346999999998,1.1824036000000002,1.7873383,2.9134700621413234,15.822812087435683,0.09988280936454848,0.4500078875720971,-0.9623339999999985,2.970085999999995,3.9324199999999934,3.9626914469349197,17.818505113418716,0.18023584516475133,0.4531992289165691,0.0,3.042580768133405,3.042580768133405,3.918402551164779,16.46445259426117,0.0,0.0,0.0,0.0,1.0,0.0,0.0,0.0,0.0
202911,2.6950836,1503.397,-102.53403,863.9329,143.94415,76561198430571269,0,258.3605307457736,0.4676056,0.77007294,1.3390555,0.0,0.0,0.027465800000000318,0.0274700000000081,0.054931600000000635,0.0549400000000162,0.900925818295604,0.0,1.3390555,0.14169746822019685,0.183264490473991,175.08589254499995,-14794.101800000004,0.0,1.0,1.0,1,8.0,0.026692897300357277,0.020266087334885028,-102.4928285,2.72529601,0,0,2.1571134401500003,1.7357476034741433,-1.4299316,9.350052,10.7799836,1.041824707260905,3.238238946047161,-108.25336873333333,9.84427314109908,-128.35635,-96.04385,32.312499999999986,-1.2878905898096684,-0.17353547396337587,0.024005035451505015,0.15775988893229026,-0.6049346999999998,1.1824036000000002,1.7873383,2.9134700621413234,15.822812087435683,0.09988280936454848,0.4500078875720971,-0.9623339999999985,2.970085999999995,3.9324199999999934,3.9626914469349197,17.818505113418716,0.18023584516475133,0.4531992289165691,0.0,3.042580768133405,3.042580768133405,3.918402551164779,16.46445259426117,0.0,0.0,0.0,0.0,1.0,0.0,0.0,0.0,0.0
202912,2.6950836,1503.5281,-102.53403,863.9037,143.94188,76561198430571269,0,258.3605307457736,0.4676056,0.77007294,1.3390555,0.0,0.0,0.0,0.0,-0.027465800000000318,-0.0274700000000081,0.900925818295604,0.0,1.3390555,0.13433168985767793,0.19035108203592951,177.78097614499995,-14896.635830000005,0.0,0.0,0.0,1,8.0,0.025240769702542753,0.02026607980565248,-102.5010685,2.71980284,0,0,2.1571134401500003,1.7357476034741433,-1.4299316,9.350052,10.7799836,1.041824707260905,3.238238946047161,-108.25336873333333,9.84427314109908,-128.35635,-96.04385,32.312499999999986,-1.2878905898096684,-0.17353547396337587,0.024005035451505015,0.15775988893229026,-0.6049346999999998,1.1824036000000002,1.7873383,2.9134700621413234,15.822812087435683,0.09988280936454848,0.4500078875720971,-0.9623339999999985,2.970085999999995,3.9324199999999934,3.9626914469349197,17.818505113418716,0.18023584516475133,0.4531992289165691,0.0,3.042580768133405,3.042580768133405,3.918402551164779,16.46445259426117,0.0,0.0,0.0,0.0,1.0,0.0,0.0,0.0,0.0
202913,2.6950836,1503.7305,-102.53403,863.8587,143.93839,76561198430571269,0,258.3605307457736,0.4676056,0.77007294,1.3390555,0.0,0.0,0.0,0.0,0.0,0.0,0.900925818295604,0.0,1.3390555,0.20737150262259985,0.19503322948155716,180.47605974499996,-14999.169860000005,0.0,0.0,0.0,0,7.0,0.02589660735843785,0.01853802349718205,-102.506562,2.7143096699999996,0,0,2.1571134401500003,1.7357476034741433,-1.4299316,9.350052,10.7799836,1.041824707260905,3.238238946047161,-108.25336873333333,9.84427314109908,-128.35635,-96.04385,32.312499999999986,-1.2878905898096684,-0.17353547396337587,0.024005035451505015,0.15775988893229026,-0.6049346999999998,1.1824036000000002,1.7873383,2.9134700621413234,15.822812087435683,0.09988280936454848,0.4500078875720971,-0.9623339999999985,2.970085999999995,3.9324199999999934,3.9626914469349197,17.818505113418716,0.18023584516475133,0.4531992289165691,0.0,3.042580768133405,3.042580768133405,3.918402551164779,16.46445259426117,0.0,0.0,0.0,0.0,1.0,0.0,0.0,0.0,0.0
202914,2.6950836,1504.0042,-102.53403,863.7978,143.93364,76561198430571269,0,258.3605307457736,0.4676056,0.77007294,1.3390555,0.0,0.0,0.0,0.0,0.0,0.0,0.900925818295604,0.0,1.3390555,0.2804337042869446,0.19750099029603208,183.17114334499996,-15101.703890000006,0.0,0.0,0.0,0,6.0,0.025241011527971303,0.01447574762643305,-102.5120555,2.7088165,0,0,2.1571134401500003,1.7357476034741433,-1.4299316,9.350052,10.7799836,1.041824707260905,3.238238946047161,-108.25336873333333,9.84427314109908,-128.35635,-96.04385,32.312499999999986,-1.2878905898096684,-0.17353547396337587,0.024005035451505015,0.15775988893229026,-0.6049346999999998,1.1824036000000002,1.7873383,2.9134700621413234,15.822812087435683,0.09988280936454848,0.4500078875720971,-0.9623339999999985,2.970085999999995,3.9324199999999934,3.9626914469349197,17.818505113418716,0.18023584516475133,0.4531992289165691,0.0,3.042580768133405,3.042580768133405,3.918402551164779,16.46445259426117,0.0,0.0,0.0,0.0,1.0,0.0,0.0,0.0,0.0
202915,2.6950836,1504.3491,-102.53403,863.7211,143.92766,76561198430571269,0,258.3605307457736,0.4676056,0.77007294,1.3390555,0.0,0.0,0.0,0.0,0.0,0.0,0.900925818295604,0.0,1.3390555,0.3533760891739713,0.1978302638294108,185.86622694499997,-15204.237920000007,0.0,0.0,0.0,0,5.0,0.023162893299651675,0.014183278132025827,-102.517549,2.70606992,0,0,2.1571134401500003,1.7357476034741433,-1.4299316,9.350052,10.7799836,1.041824707260905,3.238238946047161,-108.25336873333333,9.84427314109908,-128.35635,-96.04385,32.312499999999986,-1.2878905898096684,-0.17353547396337587,0.024005035451505015,0.15775988893229026,-0.6049346999999998,1.1824036000000002,1.7873383,2.9134700621413234,15.822812087435683,0.09988280936454848,0.4500078875720971,-0.9623339999999985,2.970085999999995,3.9324199999999934,3.9626914469349197,17.818505113418716,0.18023584516475133,0.4531992289165691,0.0,3.042580768133405,3.042580768133405,3.918402551164779,16.46445259426117,0.0,0.0,0.0,0.0,1.0,0.0,0.0,0.0,0.0
202916,2.6950836,1504.7654,-102.53403,863.6288,143.92047,76561198430571269,0,258.3605307457736,0.4676056,0.77007294,1.3390555,0.0,0.0,0.0,0.0,0.0,0.0,0.900925818295604,0.0,1.3390555,0.4264700178208088,0.19603376108666248,188.56131054499997,-15306.771950000008,0.0,0.0,0.0,0,5.0,0.019205914761986794,0.013267241847839575,-102.5230425,2.70332334,0,0,2.1571134401500003,1.7357476034741433,-1.4299316,9.350052,10.7799836,1.041824707260905,3.238238946047161,-108.25336873333333,9.84427314109908,-128.35635,-96.04385,32.312499999999986,-1.2878905898096684,-0.17353547396337587,0.024005035451505015,0.15775988893229026,-0.6049346999999998,1.1824036000000002,1.7873383,2.9134700621413234,15.822812087435683,0.09988280936454848,0.4500078875720971,-0.9623339999999985,2.970085999999995,3.9324199999999934,3.9626914469349197,17.818505113418716,0.18023584516475133,0.4531992289165691,0.0,3.042580768133405,3.042580768133405,3.918402551164779,16.46445259426117,0.0,0.0,0.0,0.0,1.0,0.0,0.0,0.0,0.0
202917,2.6950836,1505.2529,-102.53403,863.5204,143.91203,76561198430571269,0,258.3605307457736,0.4676056,0.77007294,1.3390555,0.0,0.0,0.0,0.0,0.0,0.0,0.900925818295604,0.0,1.3390555,0.49947777087669,0.1920443765192544,191.25639414499997,-15409.305980000008,0.0,0.0,0.0,0,5.0,0.011582368948368962,0.011580598101141983,-102.528536,2.7005767599999997,0,0,2.1571134401500003,1.7357476034741433,-1.4299316,9.350052,10.7799836,1.041824707260905,3.238238946047161,-108.25336873333333,9.84427314109908,-128.35635,-96.04385,32.312499999999986,-1.2878905898096684,-0.17353547396337587,0.024005035451505015,0.15775988893229026,-0.6049346999999998,1.1824036000000002,1.7873383,2.9134700621413234,15.822812087435683,0.09988280936454848,0.4500078875720971,-0.9623339999999985,2.970085999999995,3.9324199999999934,3.9626914469349197,17.818505113418716,0.18023584516475133,0.4531992289165691,0.0,3.042580768133405,3.042580768133405,3.918402551164779,16.46445259426117,0.0,0.0,0.0,0.0,1.0,0.0,0.0,0.0,0.0
202918,2.6950836,1505.8118,-102.53403,863.39636,143.90237,76561198430571269,0,258.3605307457736,0.4676056,0.77007294,1.3390555,0.0,0.0,0.0,0.0,0.0,0.0,0.900925818295604,0.0,1.3390555,0.5725805159102102,0.18574883333423545,193.95147774499998,-15511.840010000009,0.0,0.0,0.0,0,4.0,0.008686776694790331,0.008685448575849556,-102.531283,2.69783018,0,0,2.1571134401500003,1.7357476034741433,-1.4299316,9.350052,10.7799836,1.041824707260905,3.238238946047161,-108.25336873333333,9.84427314109908,-128.35635,-96.04385,32.312499999999986,-1.2878905898096684,-0.17353547396337587,0.024005035451505015,0.15775988893229026,-0.6049346999999998,1.1824036000000002,1.7873383,2.9134700621413234,15.822812087435683,0.09988280936454848,0.4500078875720971,-0.9623339999999985,2.970085999999995,3.9324199999999934,3.9626914469349197,17.818505113418716,0.18023584516475133,0.4531992289165691,0.0,3.042580768133405,3.042580768133405,3.918402551164779,16.46445259426117,0.0,0.0,0.0,0.0,1.0,0.0,0.0,0.0,0.0
202919,2.6950836,1506.4419,-102.53403,863.2563,143.89146,76561198430571269,0,258.3605307457736,0.4676056,0.77007294,1.3390555,0.0,0.0,0.0,0.0,0.0,0.0,0.900925818295604,0.0,1.3390555,0.6455709424223579,0.1768848013182821,196.64656134499998,-15614.37404000001,0.0,0.0,0.0,0,3.0,0.0,0.0,-102.53403,2.6950836,0,0,2.1571134401500003,1.7357476034741433,-1.4299316,9.350052,10.7799836,1.041824707260905,3.238238946047161,-108.25336873333333,9.84427314109908,-128.35635,-96.04385,32.312499999999986,-1.2878905898096684,-0.17353547396337587,0.024005035451505015,0.15775988893229026,-0.6049346999999998,1.1824036000000002,1.7873383,2.9134700621413234,15.822812087435683,0.09988280936454848,0.4500078875720971,-0.9623339999999985,2.970085999999995,3.9324199999999934,3.9626914469349197,17.818505113418716,0.18023584516475133,0.4531992289165691,0.0,3.042580768133405,3.042580768133405,3.918402551164779,16.46445259426117,0.0,0.0,0.0,0.0,1.0,0.0,0.0,0.0,0.0
202920,2.6950836,1507.1433,-102.53403,863.1005,143.87933,76561198430571269,0,258.3605307457736,0.4676056,0.77007294,1.3390555,0.0,0.0,0.0,0.0,0.0,0.0,0.900925818295604,0.0,1.3390555,0.7185977573718758,0.20897241870830233,199.34164494499998,-15716.90807000001,0.0,0.0,0.0,0,2.0,0.0,0.0,-102.53403,2.6950836,0,0,2.1571134401500003,1.7357476034741433,-1.4299316,9.350052,10.7799836,1.041824707260905,3.238238946047161,-108.25336873333333,9.84427314109908,-128.35635,-96.04385,32.312499999999986,-1.2878905898096684,-0.17353547396337587,0.024005035451505015,0.15775988893229026,-0.6049346999999998,1.1824036000000002,1.7873383,2.9134700621413234,15.822812087435683,0.09988280936454848,0.4500078875720971,-0.9623339999999985,2.970085999999995,3.9324199999999934,3.9626914469349197,17.818505113418716,0.18023584516475133,0.4531992289165691,0.0,3.042580768133405,3.042580768133405,3.918402551164779,16.46445259426117,0.0,0.0,0.0,0.0,1.0,0.0,0.0,0.0,0.0
202921,2.6950836,1507.9111,-102.53403,862.92975,143.86604,76561198430571269,0,258.3605307457736,0.4676056,0.77007294,1.3390555,0.0,0.0,0.0,0.0,0.0,0.0,0.900925818295604,0.0,1.3390555,0.7866695790483584,0.22030568027745479,202.036728545,-15819.442100000011,0.0,0.0,0.0,0,1.0,0.0,0.0,-102.53403,2.6950836,0,0,2.1571134401500003,1.7357476034741433,-1.4299316,9.350052,10.7799836,1.041824707260905,3.238238946047161,-108.25336873333333,9.84427314109908,-128.35635,-96.04385,32.312499999999986,-1.2878905898096684,-0.17353547396337587,0.024005035451505015,0.15775988893229026,-0.6049346999999998,1.1824036000000002,1.7873383,2.9134700621413234,15.822812087435683,0.09988280936454848,0.4500078875720971,-0.9623339999999985,2.970085999999995,3.9324199999999934,3.9626914469349197,17.818505113418716,0.18023584516475133,0.4531992289165691,0.0,3.042580768133405,3.042580768133405,3.918402551164779,16.46445259426117,0.0,0.0,0.0,0.0,1.0,0.0,0.0,0.0,0.0
202922,2.6950836,1508.5806,-102.53403,862.7807,143.85443,76561198430571269,0,258.3605307457736,0.4676056,0.77007294,1.3390555,0.0,0.0,0.0,0.0,0.0,0.0,0.900925818295604,0.0,1.3390555,0.6859890265885872,0.19682054591691778,204.731812145,-15921.976130000012,0.0,0.0,0.0,0,0.0,0.0,0.0,-102.53403,2.6950836,0,0,2.1571134401500003,1.7357476034741433,-1.4299316,9.350052,10.7799836,1.041824707260905,3.238238946047161,-108.25336873333333,9.84427314109908,-128.35635,-96.04385,32.312499999999986,-1.2878905898096684,-0.17353547396337587,0.024005035451505015,0.15775988893229026,-0.6049346999999998,1.1824036000000002,1.7873383,2.9134700621413234,15.822812087435683,0.09988280936454848,0.4500078875720971,-0.9623339999999985,2.970085999999995,3.9324199999999934,3.9626914469349197,17.818505113418716,0.18023584516475133,0.4531992289165691,0.0,3.042580768133405,3.042580768133405,3.918402551164779,16.46445259426117,0.0,0.0,0.0,0.0,1.0,0.0,0.0,0.0,0.0
202923,2.6950836,1509.1453,-102.53403,862.655,143.84465,76561198430571269,0,258.3605307457736,0.4676056,0.77007294,1.3390555,0.0,0.0,0.0,0.0,0.0,0.0,0.900925818295604,0.0,1.3390555,0.5786036885467487,0.16408110397445308,207.426895745,-16024.510160000013,0.0,0.0,0.0,0,0.0,0.0,0.0,-102.53403,2.6950836,0,0,2.1571134401500003,1.7357476034741433,-1.4299316,9.350052,10.7799836,1.041824707260905,3.238238946047161,-108.25336873333333,9.84427314109908,-128.35635,-96.04385,32.312499999999986,-1.2878905898096684,-0.17353547396337587,0.024005035451505015,0.15775988893229026,-0.6049346999999998,1.1824036000000002,1.7873383,2.9134700621413234,15.822812087435683,0.09988280936454848,0.4500078875720971,-0.9623339999999985,2.970085999999995,3.9324199999999934,3.9626914469349197,17.818505113418716,0.18023584516475133,0.4531992289165691,0.0,3.042580768133405,3.042580768133405,3.918402551164779,16.46445259426117,0.0,0.0,0.0,0.0,1.0,0.0,0.0,0.0,0.0
202924,2.6950836,1509.5382,-102.53403,862.56744,143.83783,76561198430571269,0,258.3605307457736,0.4676056,0.77007294,1.3390555,0.0,0.0,0.0,0.0,0.0,0.0,0.900925818295604,0.0,1.3390555,0.402596169877499,0.14480097247639992,210.121979345,-16127.044190000013,0.0,0.0,0.0,0,0.0,0.0,0.0,-102.53403,2.6950836,0,0,2.1571134401500003,1.7357476034741433,-1.4299316,9.350052,10.7799836,1.041824707260905,3.238238946047161,-108.25336873333333,9.84427314109908,-128.35635,-96.04385,32.312499999999986,-1.2878905898096684,-0.17353547396337587,0.024005035451505015,0.15775988893229026,-0.6049346999999998,1.1824036000000002,1.7873383,2.9134700621413234,15.822812087435683,0.09988280936454848,0.4500078875720971,-0.9623339999999985,2.970085999999995,3.9324199999999934,3.9626914469349197,17.818505113418716,0.18023584516475133,0.4531992289165691,0.0,3.042580768133405,3.042580768133405,3.918402551164779,16.46445259426117,0.0,0.0,0.0,0.0,1.0,0.0,0.0,0.0,0.0
202925,2.6950836,1509.6715,-102.53403,862.53766,143.83551,76561198430571269,0,258.3605307457736,0.4676056,0.77007294,1.3390555,0.0,0.0,0.0,0.0,0.0,0.0,0.900925818295604,0.0,1.3390555,0.13660571291126322,0.18962186198829034,212.817062945,-16229.578220000014,0.0,0.0,0.0,0,0.0,0.0,0.0,-102.53403,2.6950836,0,0,2.1571134401500003,1.7357476034741433,-1.4299316,9.350052,10.7799836,1.041824707260905,3.238238946047161,-108.25336873333333,9.84427314109908,-128.35635,-96.04385,32.312499999999986,-1.2878905898096684,-0.17353547396337587,0.024005035451505015,0.15775988893229026,-0.6049346999999998,1.1824036000000002,1.7873383,2.9134700621413234,15.822812087435683,0.09988280936454848,0.4500078875720971,-0.9623339999999985,2.970085999999995,3.9324199999999934,3.9626914469349197,17.818505113418716,0.18023584516475133,0.4531992289165691,0.0,3.042580768133405,3.042580768133405,3.918402551164779,16.46445259426117,0.0,0.0,0.0,0.0,1.0,0.0,0.0,0.0,0.0
202926,2.6950836,1509.5194,-102.58896,862.57166,143.83815,76561198430571269,0,258.3605307457736,0.4676056,0.77007294,1.3390555,0.0,-0.05492999999999881,0.0,-0.05492999999999881,0.0,-0.05492999999999881,0.900925818295604,0.0,1.3390555,0.15587616751769706,0.22455512347038703,215.512146545,-16332.167180000013,0.05492999999999881,-1.0,0.0,1,1.0,0.017370391168467576,0.0,-102.539523,2.6950836,0,0,2.1571134401500003,1.7357476034741433,-1.4299316,9.350052,10.7799836,1.041824707260905,3.238238946047161,-108.25336873333333,9.84427314109908,-128.35635,-96.04385,32.312499999999986,-1.2878905898096684,-0.17353547396337587,0.024005035451505015,0.15775988893229026,-0.6049346999999998,1.1824036000000002,1.7873383,2.9134700621413234,15.822812087435683,0.09988280936454848,0.4500078875720971,-0.9623339999999985,2.970085999999995,3.9324199999999934,3.9626914469349197,17.818505113418716,0.18023584516475133,0.4531992289165691,0.0,3.042580768133405,3.042580768133405,3.918402551164779,16.46445259426117,0.0,0.0,0.0,0.0,1.0,0.0,0.0,0.0,0.0
202927,2.6672668,1509.2961,-102.67136,862.62177,143.84206,76561198430571269,0,258.3605307457736,0.4676056,0.77007294,1.3390555,-0.027816799999999642,-0.08240000000000691,-0.027816799999999642,-0.0274700000000081,-0.027816799999999642,0.027459999999990714,0.900925818295604,0.0,1.3390555,0.22888685021195207,0.2426440846546196,218.179413345,-16434.83854000001,0.08696858261602933,-1.0,-1.0,0,1.0,0.04494495773736186,0.008796444521721467,-102.55325599999999,2.69230192,0,0,2.1571134401500003,1.7357476034741433,-1.4299316,9.350052,10.7799836,1.041824707260905,3.238238946047161,-108.25336873333333,9.84427314109908,-128.35635,-96.04385,32.312499999999986,-1.2878905898096684,-0.17353547396337587,0.024005035451505015,0.15775988893229026,-0.6049346999999998,1.1824036000000002,1.7873383,2.9134700621413234,15.822812087435683,0.09988280936454848,0.4500078875720971,-0.9623339999999985,2.970085999999995,3.9324199999999934,3.9626914469349197,17.818505113418716,0.18023584516475133,0.4531992289165691,0.0,3.042580768133405,3.042580768133405,3.918402551164779,16.46445259426117,0.0,0.0,0.0,0.0,1.0,0.0,0.0,0.0,0.0
202928,2.6672668,1509.0016,-102.69882,862.688,143.84721,76561198430571269,0,258.3605307457736,0.4676056,0.77007294,1.3390555,0.0,-0.027459999999990714,0.027816799999999642,0.0549400000000162,0.055633599999999284,0.0824100000000243,0.900925818295604,0.0,1.3390555,0.30189929678617206,0.24760390073612673,220.846680145,-16537.537360000013,0.027459999999990714,1.0,1.0,1,2.0,0.0634946258829359,0.011728592695637688,-102.56973500000001,2.68952024,0,1,2.1571134401500003,1.7357476034741433,-1.4299316,9.350052,10.7799836,1.041824707260905,3.238238946047161,-108.25336873333333,9.84427314109908,-128.35635,-96.04385,32.312499999999986,-1.2878905898096684,-0.17353547396337587,0.024005035451505015,0.15775988893229026,-0.6049346999999998,1.1824036000000002,1.7873383,2.9134700621413234,15.822812087435683,0.09988280936454848,0.4500078875720971,-0.9623339999999985,2.970085999999995,3.9324199999999934,3.9626914469349197,17.818505113418716,0.18023584516475133,0.4531992289165691,0.0,3.042580768133405,3.042580768133405,3.918402551164779,16.46445259426117,0.0,0.0,0.0,0.0,1.0,0.0,0.0,0.0,0.0
202929,2.6672668,1508.6357,-102.72629,862.7704,143.85364,76561198430571269,0,258.3605307457736,0.4676056,0.77007294,1.3390555,0.0,-0.0274700000000081,0.0,-1.0000000017384991e-05,-0.027816799999999642,-0.05495000000003358,0.900925818295604,0.0,1.3390555,0.3751185344661193,0.2402444911483831,223.513946945,-16640.26365000001,0.0274700000000081,-1.0,0.0,1,3.0,0.07875583779711948,0.013436790955769657,-102.588961,2.6867385599999998,0,0,2.1571134401500003,1.7357476034741433,-1.4299316,9.350052,10.7799836,1.041824707260905,3.238238946047161,-108.25336873333333,9.84427314109908,-128.35635,-96.04385,32.312499999999986,-1.2878905898096684,-0.17353547396337587,0.024005035451505015,0.15775988893229026,-0.6049346999999998,1.1824036000000002,1.7873383,2.9134700621413234,15.822812087435683,0.09988280936454848,0.4500078875720971,-0.9623339999999985,2.970085999999995,3.9324199999999934,3.9626914469349197,17.818505113418716,0.18023584516475133,0.4531992289165691,0.0,3.042580768133405,3.042580768133405,3.918402551164779,16.46445259426117,0.0,0.0,0.0,0.0,1.0,0.0,0.0,0.0,0.0
202930,2.6672668,1508.1986,-102.7541,862.8689,143.8613,76561198430571269,0,258.3605307457736,0.4676056,0.77007294,1.3390555,0.0,-0.027809999999988122,0.0,-0.00033999999998002295,0.0,-0.00032999999996263796,0.900925818295604,0.0,1.3390555,0.44812647277314366,0.21934583534337368,226.18121374499998,-16743.01775000001,0.027809999999988122,-1.0,0.0,0,3.0,0.09142861936696228,0.014364533752627858,-102.610968,2.68395688,0,0,2.1571134401500003,1.7357476034741433,-1.4299316,9.350052,10.7799836,1.041824707260905,3.238238946047161,-108.25336873333333,9.84427314109908,-128.35635,-96.04385,32.312499999999986,-1.2878905898096684,-0.17353547396337587,0.024005035451505015,0.15775988893229026,-0.6049346999999998,1.1824036000000002,1.7873383,2.9134700621413234,15.822812087435683,0.09988280936454848,0.4500078875720971,-0.9623339999999985,2.970085999999995,3.9324199999999934,3.9626914469349197,17.818505113418716,0.18023584516475133,0.4531992289165691,0.0,3.042580768133405,3.042580768133405,3.918402551164779,16.46445259426117,0.0,0.0,0.0,0.0,1.0,0.0,0.0,0.0,0.0
202931,2.6672668,1507.7675,-102.78156,862.96606,143.86887,76561198430571269,0,258.3605307457736,0.4676056,0.77007294,1.3390555,0.0,-0.027460000000004925,0.0,0.0003499999999831971,0.0,0.00068999999996322,0.900925818295604,0.0,1.3390555,0.44197803169388017,0.17647800186657625,228.84848054499997,-16845.79931000001,0.027460000000004925,1.0,0.0,1,4.0,0.10126302192483427,0.014660740869552293,-102.63572099999999,2.6811752,0,0,2.1571134401500003,1.7357476034741433,-1.4299316,9.350052,10.7799836,1.041824707260905,3.238238946047161,-108.25336873333333,9.84427314109908,-128.35635,-96.04385,32.312499999999986,-1.2878905898096684,-0.17353547396337587,0.024005035451505015,0.15775988893229026,-0.6049346999999998,1.1824036000000002,1.7873383,2.9134700621413234,15.822812087435683,0.09988280936454848,0.4500078875720971,-0.9623339999999985,2.970085999999995,3.9324199999999934,3.9626914469349197,17.818505113418716,0.18023584516475133,0.4531992289165691,0.0,3.042580768133405,3.042580768133405,3.918402551164779,16.46445259426117,0.0,0.0,0.0,0.0,1.0,0.0,0.0,0.0,0.0
202932,2.6672668,1507.43,-102.78156,863.0419,143.87477,76561198430571269,0,258.3605307457736,0.4676056,0.77007294,1.3390555,0.0,0.0,0.0,0.027460000000004925,0.0,0.027110000000021728,0.900925818295604,0.0,1.3390555,0.34596642264809613,0.1387459170541939,231.51574734499997,-16948.58087000001,0.0,1.0,0.0,0,4.0,0.10386350061186228,0.014364533752627768,-102.660474,2.67839352,0,1,2.1571134401500003,1.7357476034741433,-1.4299316,9.350052,10.7799836,1.041824707260905,3.238238946047161,-108.25336873333333,9.84427314109908,-128.35635,-96.04385,32.312499999999986,-1.2878905898096684,-0.17353547396337587,0.024005035451505015,0.15775988893229026,-0.6049346999999998,1.1824036000000002,1.7873383,2.9134700621413234,15.822812087435683,0.09988280936454848,0.4500078875720971,-0.9623339999999985,2.970085999999995,3.9324199999999934,3.9626914469349197,17.818505113418716,0.18023584516475133,0.4531992289165691,0.0,3.042580768133405,3.042580768133405,3.918402551164779,16.46445259426117,0.0,0.0,0.0,0.0,1.0,0.0,0.0,0.0,0.0
202933,2.6672668,1507.216,-102.80903,863.0901,143.87852,76561198430571269,0,258.3605307457736,0.4676056,0.77007294,1.3390555,0.0,-0.0274700000000081,0.0,-0.0274700000000081,0.0,-0.054930000000013024,0.900925818295604,0.0,1.3390555,0.21939303202259572,0.11503130668723617,234.18301414499996,-17051.38990000001,0.0274700000000081,-1.0,0.0,1,5.0,0.10306790686735805,0.013436790955769462,-102.68797400000001,2.67561184,0,0,2.1571134401500003,1.7357476034741433,-1.4299316,9.350052,10.7799836,1.041824707260905,3.238238946047161,-108.25336873333333,9.84427314109908,-128.35635,-96.04385,32.312499999999986,-1.2878905898096684,-0.17353547396337587,0.024005035451505015,0.15775988893229026,-0.6049346999999998,1.1824036000000002,1.7873383,2.9134700621413234,15.822812087435683,0.09988280936454848,0.4500078875720971,-0.9623339999999985,2.970085999999995,3.9324199999999934,3.9626914469349197,17.818505113418716,0.18023584516475133,0.4531992289165691,0.0,3.042580768133405,3.042580768133405,3.918402551164779,16.46445259426117,0.0,0.0,0.0,0.0,1.0,0.0,0.0,0.0,0.0
202934,2.6672668,1507.101,-102.80903,863.1159,143.88054,76561198430571269,0,258.3605307457736,0.4676056,0.77007294,1.3390555,0.0,0.0,0.0,0.0274700000000081,0.0,0.0549400000000162,0.900925818295604,0.0,1.3390555,0.11787586860740387,0.12330665369008882,236.85028094499995,-17154.19893000001,0.0,1.0,0.0,1,6.0,0.09368993829185214,0.011728592695637353,-102.715474,2.67283016,0,0,2.1571134401500003,1.7357476034741433,-1.4299316,9.350052,10.7799836,1.041824707260905,3.238238946047161,-108.25336873333333,9.84427314109908,-128.35635,-96.04385,32.312499999999986,-1.2878905898096684,-0.17353547396337587,0.024005035451505015,0.15775988893229026,-0.6049346999999998,1.1824036000000002,1.7873383,2.9134700621413234,15.822812087435683,0.09988280936454848,0.4500078875720971,-0.9623339999999985,2.970085999999995,3.9324199999999934,3.9626914469349197,17.818505113418716,0.18023584516475133,0.4531992289165691,0.0,3.042580768133405,3.042580768133405,3.918402551164779,16.46445259426117,0.0,0.0,0.0,0.0,1.0,0.0,0.0,0.0,0.0
202935,2.639801,1507.0851,-102.80903,863.11945,143.88081,76561198430571269,0,258.3605307457736,0.4676056,0.77007294,1.3390555,-0.027465800000000318,0.0,-0.027465800000000318,0.0,-0.027465800000000318,-0.0274700000000081,0.900925818295604,0.0,1.3390555,0.016293722717763377,0.1428643600457948,239.49008194499996,-17257.00796000001,0.027465800000000318,0.0,-1.0,1,7.0,0.07247109832677044,0.013030443890185385,-102.742974,2.6673019,0,0,2.1571134401500003,1.7357476034741433,-1.4299316,9.350052,10.7799836,1.041824707260905,3.238238946047161,-108.25336873333333,9.84427314109908,-128.35635,-96.04385,32.312499999999986,-1.2878905898096684,-0.17353547396337587,0.024005035451505015,0.15775988893229026,-0.6049346999999998,1.1824036000000002,1.7873383,2.9134700621413234,15.822812087435683,0.09988280936454848,0.4500078875720971,-0.9623339999999985,2.970085999999995,3.9324199999999934,3.9626914469349197,17.818505113418716,0.18023584516475133,0.4531992289165691,0.0,3.042580768133405,3.042580768133405,3.918402551164779,16.46445259426117,0.0,0.0,0.0,0.0,1.0,0.0,0.0,0.0,0.0
202936,2.639801,1507.0851,-102.80903,863.11945,143.88081,76561198430571269,0,258.3605307457736,0.4676056,0.77007294,1.3390555,0.0,0.0,0.027465800000000318,0.0,0.054931600000000635,0.0,0.900925818295604,0.0,1.3390555,0.0,0.16317113504231748,242.12988294499996,-17359.81699000001,0.0,0.0,1.0,0,6.0,0.0506277737612772,0.011580598101141497,-102.764981,2.66177364,0,0,2.1571134401500003,1.7357476034741433,-1.4299316,9.350052,10.7799836,1.041824707260905,3.238238946047161,-108.25336873333333,9.84427314109908,-128.35635,-96.04385,32.312499999999986,-1.2878905898096684,-0.17353547396337587,0.024005035451505015,0.15775988893229026,-0.6049346999999998,1.1824036000000002,1.7873383,2.9134700621413234,15.822812087435683,0.09988280936454848,0.4500078875720971,-0.9623339999999985,2.970085999999995,3.9324199999999934,3.9626914469349197,17.818505113418716,0.18023584516475133,0.4531992289165691,0.0,3.042580768133405,3.042580768133405,3.918402551164779,16.46445259426117,0.0,0.0,0.0,0.0,1.0,0.0,0.0,0.0,0.0
202937,2.639801,1507.0851,-102.80903,863.11945,143.88081,76561198430571269,0,258.3605307457736,0.4676056,0.77007294,1.3390555,0.0,0.0,0.0,0.0,-0.027465800000000318,0.0,0.900925818295604,0.0,1.3390555,0.0,0.18142474463010866,244.76968394499997,-17462.62602000001,0.0,0.0,0.0,0,6.0,0.03992863516355081,0.013267241847839064,-102.778748,2.65902706,0,0,2.1571134401500003,1.7357476034741433,-1.4299316,9.350052,10.7799836,1.041824707260905,3.238238946047161,-108.25336873333333,9.84427314109908,-128.35635,-96.04385,32.312499999999986,-1.2878905898096684,-0.17353547396337587,0.024005035451505015,0.15775988893229026,-0.6049346999999998,1.1824036000000002,1.7873383,2.9134700621413234,15.822812087435683,0.09988280936454848,0.4500078875720971,-0.9623339999999985,2.970085999999995,3.9324199999999934,3.9626914469349197,17.818505113418716,0.18023584516475133,0.4531992289165691,0.0,3.042580768133405,3.042580768133405,3.918402551164779,16.46445259426117,0.0,0.0,0.0,0.0,1.0,0.0,0.0,0.0,0.0
202938,2.639801,1507.2552,-102.80903,863.08075,143.87779,76561198430571269,0,258.3605307457736,0.4676056,0.77007294,1.3390555,0.0,0.0,0.0,0.0,0.0,0.0,0.900925818295604,0.0,1.3390555,0.17447297899680916,0.18002300405078753,247.40948494499997,-17565.43505000001,0.0,0.0,0.0,0,5.0,0.029178670071400004,0.014183278132025258,-102.789769,2.65628048,0,0,2.1571134401500003,1.7357476034741433,-1.4299316,9.350052,10.7799836,1.041824707260905,3.238238946047161,-108.25336873333333,9.84427314109908,-128.35635,-96.04385,32.312499999999986,-1.2878905898096684,-0.17353547396337587,0.024005035451505015,0.15775988893229026,-0.6049346999999998,1.1824036000000002,1.7873383,2.9134700621413234,15.822812087435683,0.09988280936454848,0.4500078875720971,-0.9623339999999985,2.970085999999995,3.9324199999999934,3.9626914469349197,17.818505113418716,0.18023584516475133,0.4531992289165691,0.0,3.042580768133405,3.042580768133405,3.918402551164779,16.46445259426117,0.0,0.0,0.0,0.0,1.0,0.0,0.0,0.0,0.0
202939,2.639801,1507.4966,-102.80903,863.0258,143.87352,76561198430571269,0,258.3605307457736,0.4676056,0.77007294,1.3390555,0.0,0.0,0.0,0.0,0.0,0.0,0.900925818295604,0.0,1.3390555,0.24761198557408381,0.1716584358632084,250.04928594499998,-17668.24408000001,0.0,0.0,0.0,0,4.0,0.01920464354792186,0.014475747626432429,-102.798043,2.6535339000000002,0,0,2.1571134401500003,1.7357476034741433,-1.4299316,9.350052,10.7799836,1.041824707260905,3.238238946047161,-108.25336873333333,9.84427314109908,-128.35635,-96.04385,32.312499999999986,-1.2878905898096684,-0.17353547396337587,0.024005035451505015,0.15775988893229026,-0.6049346999999998,1.1824036000000002,1.7873383,2.9134700621413234,15.822812087435683,0.09988280936454848,0.4500078875720971,-0.9623339999999985,2.970085999999995,3.9324199999999934,3.9626914469349197,17.818505113418716,0.18023584516475133,0.4531992289165691,0.0,3.042580768133405,3.042580768133405,3.918402551164779,16.46445259426117,0.0,0.0,0.0,0.0,1.0,0.0,0.0,0.0,0.0
202940,2.639801,1507.8092,-102.80903,862.9547,143.86798,76561198430571269,0,258.3605307457736,0.4676056,0.77007294,1.3390555,0.0,0.0,0.0,0.0,0.0,0.0,0.900925818295604,0.0,1.3390555,0.3206316603206626,0.15522676446733177,252.68908694499999,-17771.05311000001,0.0,0.0,0.0,0,4.0,0.011582368948950306,0.01418327813202535,-102.80353600000001,2.65078732,0,0,2.1571134401500003,1.7357476034741433,-1.4299316,9.350052,10.7799836,1.041824707260905,3.238238946047161,-108.25336873333333,9.84427314109908,-128.35635,-96.04385,32.312499999999986,-1.2878905898096684,-0.17353547396337587,0.024005035451505015,0.15775988893229026,-0.6049346999999998,1.1824036000000002,1.7873383,2.9134700621413234,15.822812087435683,0.09988280936454848,0.4500078875720971,-0.9623339999999985,2.970085999999995,3.9324199999999934,3.9626914469349197,17.818505113418716,0.18023584516475133,0.4531992289165691,0.0,3.042580768133405,3.042580768133405,3.918402551164779,16.46445259426117,0.0,0.0,0.0,0.0,1.0,0.0,0.0,0.0,0.0
202941,2.639801,1508.1931,-102.80903,862.8675,143.86119,76561198430571269,0,258.3605307457736,0.4676056,0.77007294,1.3390555,0.0,0.0,0.0,0.0,0.0,0.0,0.900925818295604,0.0,1.3390555,0.3937374177037783,0.14700310474447742,255.328887945,-17873.862140000012,0.0,0.0,0.0,0,3.0,0.008686776695565458,0.01326724184783926,-102.80628300000001,2.64804074,0,0,2.1571134401500003,1.7357476034741433,-1.4299316,9.350052,10.7799836,1.041824707260905,3.238238946047161,-108.25336873333333,9.84427314109908,-128.35635,-96.04385,32.312499999999986,-1.2878905898096684,-0.17353547396337587,0.024005035451505015,0.15775988893229026,-0.6049346999999998,1.1824036000000002,1.7873383,2.9134700621413234,15.822812087435683,0.09988280936454848,0.4500078875720971,-0.9623339999999985,2.970085999999995,3.9324199999999934,3.9626914469349197,17.818505113418716,0.18023584516475133,0.4531992289165691,0.0,3.042580768133405,3.042580768133405,3.918402551164779,16.46445259426117,0.0,0.0,0.0,0.0,1.0,0.0,0.0,0.0,0.0
202942,2.639801,1508.6483,-102.80903,862.7641,143.85313,76561198430571269,0,258.3605307457736,0.4676056,0.77007294,1.3390555,0.0,0.0,0.0,0.0,0.0,0.0,0.900925818295604,0.0,1.3390555,0.4668656804693271,0.16563163668213846,257.968688945,-17976.671170000012,0.0,0.0,0.0,0,3.0,0.0,0.011580598101141829,-102.80903,2.6452941599999997,0,0,2.1571134401500003,1.7357476034741433,-1.4299316,9.350052,10.7799836,1.041824707260905,3.238238946047161,-108.25336873333333,9.84427314109908,-128.35635,-96.04385,32.312499999999986,-1.2878905898096684,-0.17353547396337587,0.024005035451505015,0.15775988893229026,-0.6049346999999998,1.1824036000000002,1.7873383,2.9134700621413234,15.822812087435683,0.09988280936454848,0.4500078875720971,-0.9623339999999985,2.970085999999995,3.9324199999999934,3.9626914469349197,17.818505113418716,0.18023584516475133,0.4531992289165691,0.0,3.042580768133405,3.042580768133405,3.918402551164779,16.46445259426117,0.0,0.0,0.0,0.0,1.0,0.0,0.0,0.0,0.0
202943,2.639801,1509.1748,-102.80903,862.6446,143.84383,76561198430571269,0,258.3605307457736,0.4676056,0.77007294,1.3390555,0.0,0.0,0.0,0.0,0.0,0.0,0.900925818295604,0.0,1.3390555,0.5399712862735783,0.19849332822332594,260.608489945,-18079.480200000013,0.0,0.0,0.0,0,2.0,0.0,0.008685448575849498,-102.80903,2.6425475799999996,0,0,2.1571134401500003,1.7357476034741433,-1.4299316,9.350052,10.7799836,1.041824707260905,3.238238946047161,-108.25336873333333,9.84427314109908,-128.35635,-96.04385,32.312499999999986,-1.2878905898096684,-0.17353547396337587,0.024005035451505015,0.15775988893229026,-0.6049346999999998,1.1824036000000002,1.7873383,2.9134700621413234,15.822812087435683,0.09988280936454848,0.4500078875720971,-0.9623339999999985,2.970085999999995,3.9324199999999934,3.9626914469349197,17.818505113418716,0.18023584516475133,0.4531992289165691,0.0,3.042580768133405,3.042580768133405,3.918402551164779,16.46445259426117,0.0,0.0,0.0,0.0,1.0,0.0,0.0,0.0,0.0
202944,2.639801,1509.7726,-102.80903,862.509,143.83328,76561198430571269,0,258.3605307457736,0.4676056,0.77007294,1.3390555,0.0,0.0,0.0,0.0,0.0,0.0,0.900925818295604,0.0,1.3390555,0.6130770771281497,0.22766508593623538,263.24829094499995,-18182.289230000013,0.0,0.0,0.0,0,1.0,0.0,0.0,-102.80903,2.639801,0,0,2.1571134401500003,1.7357476034741433,-1.4299316,9.350052,10.7799836,1.041824707260905,3.238238946047161,-108.25336873333333,9.84427314109908,-128.35635,-96.04385,32.312499999999986,-1.2878905898096684,-0.17353547396337587,0.024005035451505015,0.15775988893229026,-0.6049346999999998,1.1824036000000002,1.7873383,2.9134700621413234,15.822812087435683,0.09988280936454848,0.4500078875720971,-0.9623339999999985,2.970085999999995,3.9324199999999934,3.9626914469349197,17.818505113418716,0.18023584516475133,0.4531992289165691,0.0,3.042580768133405,3.042580768133405,3.918402551164779,16.46445259426117,0.0,0.0,0.0,0.0,1.0,0.0,0.0,0.0,0.0
202945,2.639801,1510.4158,-102.80903,862.3631,143.82191,76561198430571269,0,258.3605307457736,0.4676056,0.77007294,1.3390555,0.0,0.0,0.0,0.0,0.0,0.0,0.900925818295604,0.0,1.3390555,0.6596380271785185,0.236454115270229,265.8880919449999,-18285.098260000013,0.0,0.0,0.0,0,0.0,0.0,0.0,-102.80903,2.639801,0,0,2.1571134401500003,1.7357476034741433,-1.4299316,9.350052,10.7799836,1.041824707260905,3.238238946047161,-108.25336873333333,9.84427314109908,-128.35635,-96.04385,32.312499999999986,-1.2878905898096684,-0.17353547396337587,0.024005035451505015,0.15775988893229026,-0.6049346999999998,1.1824036000000002,1.7873383,2.9134700621413234,15.822812087435683,0.09988280936454848,0.4500078875720971,-0.9623339999999985,2.970085999999995,3.9324199999999934,3.9626914469349197,17.818505113418716,0.18023584516475133,0.4531992289165691,0.0,3.042580768133405,3.042580768133405,3.918402551164779,16.46445259426117,0.0,0.0,0.0,0.0,1.0,0.0,0.0,0.0,0.0
202946,2.639801,1510.9628,-102.80903,862.23914,143.81226,76561198430571269,0,258.3605307457736,0.4676056,0.77007294,1.3390555,0.0,0.0,0.0,0.0,0.0,0.0,0.900925818295604,0.0,1.3390555,0.5609529428570906,0.21164765922287057,268.5278929449999,-18387.907290000014,0.0,0.0,0.0,0,0.0,0.0,0.0,-102.80903,2.639801,0,0,2.1571134401500003,1.7357476034741433,-1.4299316,9.350052,10.7799836,1.041824707260905,3.238238946047161,-108.25336873333333,9.84427314109908,-128.35635,-96.04385,32.312499999999986,-1.2878905898096684,-0.17353547396337587,0.024005035451505015,0.15775988893229026,-0.6049346999999998,1.1824036000000002,1.7873383,2.9134700621413234,15.822812087435683,0.09988280936454848,0.4500078875720971,-0.9623339999999985,2.970085999999995,3.9324199999999934,3.9626914469349197,17.818505113418716,0.18023584516475133,0.4531992289165691,0.0,3.042580768133405,3.042580768133405,3.918402551164779,16.46445259426117,0.0,0.0,0.0,0.0,1.0,0.0,0.0,0.0,0.0
202947,2.639801,1511.3914,-102.80903,862.14215,143.80472,76561198430571269,0,258.3605307457736,0.4676056,0.77007294,1.3390555,0.0,0.0,0.0,0.0,0.0,0.0,0.900925818295604,0.0,1.3390555,0.4395018449335192,0.15896264442703173,271.1676939449999,-18490.716320000014,0.0,0.0,0.0,0,0.0,0.0,0.0,-102.80903,2.639801,0,0,2.1571134401500003,1.7357476034741433,-1.4299316,9.350052,10.7799836,1.041824707260905,3.238238946047161,-108.25336873333333,9.84427314109908,-128.35635,-96.04385,32.312499999999986,-1.2878905898096684,-0.17353547396337587,0.024005035451505015,0.15775988893229026,-0.6049346999999998,1.1824036000000002,1.7873383,2.9134700621413234,15.822812087435683,0.09988280936454848,0.4500078875720971,-0.9623339999999985,2.970085999999995,3.9324199999999934,3.9626914469349197,17.818505113418716,0.18023584516475133,0.4531992289165691,0.0,3.042580768133405,3.042580768133405,3.918402551164779,16.46445259426117,0.0,0.0,0.0,0.0,1.0,0.0,0.0,0.0,0.0
202948,2.639801,1511.7208,-102.80903,862.0676,143.7989,76561198430571269,0,258.3605307457736,0.4676056,0.77007294,1.3390555,0.0,0.0,0.0,0.0,0.0,0.0,0.900925818295604,0.0,1.3390555,0.33778089777259157,0.13505622703240366,273.80749494499986,-18593.525350000014,0.0,0.0,0.0,0,0.0,0.0,0.0,-102.80903,2.639801,0,0,2.1571134401500003,1.7357476034741433,-1.4299316,9.350052,10.7799836,1.041824707260905,3.238238946047161,-108.25336873333333,9.84427314109908,-128.35635,-96.04385,32.312499999999986,-1.2878905898096684,-0.17353547396337587,0.024005035451505015,0.15775988893229026,-0.6049346999999998,1.1824036000000002,1.7873383,2.9134700621413234,15.822812087435683,0.09988280936454848,0.4500078875720971,-0.9623339999999985,2.970085999999995,3.9324199999999934,3.9626914469349197,17.818505113418716,0.18023584516475133,0.4531992289165691,0.0,3.042580768133405,3.042580768133405,3.918402551164779,16.46445259426117,0.0,0.0,0.0,0.0,1.0,0.0,0.0,0.0,0.0
202949,2.639801,1511.951,-102.80903,862.01556,143.79486,76561198430571269,0,258.3605307457736,0.4676056,0.77007294,1.3390555,0.0,0.0,0.0,0.0,0.0,0.0,0.900925818295604,0.0,1.3390555,0.23604347735105274,0.13709255736143236,276.44729594499984,-18696.334380000015,0.0,0.0,0.0,0,0.0,0.0,0.0,-102.80903,2.639801,0,0,2.1571134401500003,1.7357476034741433,-1.4299316,9.350052,10.7799836,1.041824707260905,3.238238946047161,-108.25336873333333,9.84427314109908,-128.35635,-96.04385,32.312499999999986,-1.2878905898096684,-0.17353547396337587,0.024005035451505015,0.15775988893229026,-0.6049346999999998,1.1824036000000002,1.7873383,2.9134700621413234,15.822812087435683,0.09988280936454848,0.4500078875720971,-0.9623339999999985,2.970085999999995,3.9324199999999934,3.9626914469349197,17.818505113418716,0.18023584516475133,0.4531992289165691,0.0,3.042580768133405,3.042580768133405,3.918402551164779,16.46445259426117,0.0,0.0,0.0,0.0,1.0,0.0,0.0,0.0,0.0
202950,2.639801,1512.0822,-102.80903,861.98596,143.79254,76561198430571269,0,258.3605307457736,0.4676056,0.77007294,1.3390555,0.0,0.0,0.0,0.0,0.0,0.0,0.900925818295604,0.0,1.3390555,0.13451759141470523,0.1670053456293322,279.0870969449998,-18799.143410000015,0.0,0.0,0.0,0,0.0,0.0,0.0,-102.80903,2.639801,0,0,2.1571134401500003,1.7357476034741433,-1.4299316,9.350052,10.7799836,1.041824707260905,3.238238946047161,-108.25336873333333,9.84427314109908,-128.35635,-96.04385,32.312499999999986,-1.2878905898096684,-0.17353547396337587,0.024005035451505015,0.15775988893229026,-0.6049346999999998,1.1824036000000002,1.7873383,2.9134700621413234,15.822812087435683,0.09988280936454848,0.4500078875720971,-0.9623339999999985,2.970085999999995,3.9324199999999934,3.9626914469349197,17.818505113418716,0.18023584516475133,0.4531992289165691,0.0,3.042580768133405,3.042580768133405,3.918402551164779,16.46445259426117,0.0,0.0,0.0,0.0,1.0,0.0,0.0,0.0,0.0
202951,2.639801,1512.1141,-102.80903,861.97876,143.79199,76561198430571269,0,258.3605307457736,0.4676056,0.77007294,1.3390555,0.0,0.0,0.0,0.0,0.0,0.0,0.900925818295604,0.0,1.3390555,0.03270707110086465,0.2109335333803474,281.7268979449998,-18901.952440000015,0.0,0.0,0.0,0,0.0,0.0,0.0,-102.80903,2.639801,0,0,2.1571134401500003,1.7357476034741433,-1.4299316,9.350052,10.7799836,1.041824707260905,3.238238946047161,-108.25336873333333,9.84427314109908,-128.35635,-96.04385,32.312499999999986,-1.2878905898096684,-0.17353547396337587,0.024005035451505015,0.15775988893229026,-0.6049346999999998,1.1824036000000002,1.7873383,2.9134700621413234,15.822812087435683,0.09988280936454848,0.4500078875720971,-0.9623339999999985,2.970085999999995,3.9324199999999934,3.9626914469349197,17.818505113418716,0.18023584516475133,0.4531992289165691,0.0,3.042580768133405,3.042580768133405,3.918402551164779,16.46445259426117,0.0,0.0,0.0,0.0,1.0,0.0,0.0,0.0,0.0
202952,2.639801,1512.1141,-102.80903,861.97876,143.79199,76561198430571269,0,258.3605307457736,0.4676056,0.77007294,1.3390555,0.0,0.0,0.0,0.0,0.0,0.0,0.900925818295604,0.0,1.3390555,0.0,0.24407086380843884,284.36669894499977,-19004.761470000016,0.0,0.0,0.0,0,0.0,0.0,0.0,-102.80903,2.639801,0,0,2.1571134401500003,1.7357476034741433,-1.4299316,9.350052,10.7799836,1.041824707260905,3.238238946047161,-108.25336873333333,9.84427314109908,-128.35635,-96.04385,32.312499999999986,-1.2878905898096684,-0.17353547396337587,0.024005035451505015,0.15775988893229026,-0.6049346999999998,1.1824036000000002,1.7873383,2.9134700621413234,15.822812087435683,0.09988280936454848,0.4500078875720971,-0.9623339999999985,2.970085999999995,3.9324199999999934,3.9626914469349197,17.818505113418716,0.18023584516475133,0.4531992289165691,0.0,3.042580768133405,3.042580768133405,3.918402551164779,16.46445259426117,0.0,0.0,0.0,0.0,1.0,0.0,0.0,0.0,0.0
202953,2.639801,1512.1141,-102.80903,861.97876,143.79199,76561198430571269,0,258.3605307457736,0.4676056,0.77007294,1.3390555,0.0,0.0,0.0,0.0,0.0,0.0,0.900925818295604,0.0,1.3390555,0.0,0.258035639778226,287.00649994499975,-19107.570500000016,0.0,0.0,0.0,0,0.0,0.0,0.0,-102.80903,2.639801,0,0,2.1571134401500003,1.7357476034741433,-1.4299316,9.350052,10.7799836,1.041824707260905,3.238238946047161,-108.25336873333333,9.84427314109908,-128.35635,-96.04385,32.312499999999986,-1.2878905898096684,-0.17353547396337587,0.024005035451505015,0.15775988893229026,-0.6049346999999998,1.1824036000000002,1.7873383,2.9134700621413234,15.822812087435683,0.09988280936454848,0.4500078875720971,-0.9623339999999985,2.970085999999995,3.9324199999999934,3.9626914469349197,17.818505113418716,0.18023584516475133,0.4531992289165691,0.0,3.042580768133405,3.042580768133405,3.918402551164779,16.46445259426117,0.0,0.0,0.0,0.0,1.0,0.0,0.0,0.0,0.0
202954,2.639801,1512.1141,-102.80903,861.97876,143.79199,76561198430571269,0,258.3605307457736,0.4676056,0.77007294,1.3390555,0.0,0.0,0.0,0.0,0.0,0.0,0.900925818295604,0.0,1.3390555,0.0,0.24841304672868908,289.6463009449997,-19210.379530000017,0.0,0.0,0.0,0,0.0,0.0,0.0,-102.80903,2.639801,0,0,2.1571134401500003,1.7357476034741433,-1.4299316,9.350052,10.7799836,1.041824707260905,3.238238946047161,-108.25336873333333,9.84427314109908,-128.35635,-96.04385,32.312499999999986,-1.2878905898096684,-0.17353547396337587,0.024005035451505015,0.15775988893229026,-0.6049346999999998,1.1824036000000002,1.7873383,2.9134700621413234,15.822812087435683,0.09988280936454848,0.4500078875720971,-0.9623339999999985,2.970085999999995,3.9324199999999934,3.9626914469349197,17.818505113418716,0.18023584516475133,0.4531992289165691,0.0,3.042580768133405,3.042580768133405,3.918402551164779,16.46445259426117,0.0,0.0,0.0,0.0,1.0,0.0,0.0,0.0,0.0
202955,2.639801,1512.1141,-102.80903,861.97876,143.79199,76561198430571269,0,258.3605307457736,0.4676056,0.77007294,1.3390555,0.0,0.0,0.0,0.0,0.0,0.0,0.900925818295604,0.0,1.3390555,0.0,0.20910489430516613,292.2861019449997,-19313.188560000017,0.0,0.0,0.0,0,0.0,0.0,0.0,-102.80903,2.639801,0,0,2.1571134401500003,1.7357476034741433,-1.4299316,9.350052,10.7799836,1.041824707260905,3.238238946047161,-108.25336873333333,9.84427314109908,-128.35635,-96.04385,32.312499999999986,-1.2878905898096684,-0.17353547396337587,0.024005035451505015,0.15775988893229026,-0.6049346999999998,1.1824036000000002,1.7873383,2.9134700621413234,15.822812087435683,0.09988280936454848,0.4500078875720971,-0.9623339999999985,2.970085999999995,3.9324199999999934,3.9626914469349197,17.818505113418716,0.18023584516475133,0.4531992289165691,0.0,3.042580768133405,3.042580768133405,3.918402551164779,16.46445259426117,0.0,0.0,0.0,0.0,1.0,0.0,0.0,0.0,0.0
202956,2.639801,1512.1141,-102.80903,861.97876,143.79199,76561198430571269,0,258.3605307457736,0.4676056,0.77007294,1.3390555,0.0,0.0,0.0,0.0,0.0,0.0,0.900925818295604,0.0,1.3390555,0.0,0.16423865631915283,294.9259029449997,-19415.997590000017,0.0,0.0,0.0,0,0.0,0.0,0.0,-102.80903,2.639801,0,0,2.1571134401500003,1.7357476034741433,-1.4299316,9.350052,10.7799836,1.041824707260905,3.238238946047161,-108.25336873333333,9.84427314109908,-128.35635,-96.04385,32.312499999999986,-1.2878905898096684,-0.17353547396337587,0.024005035451505015,0.15775988893229026,-0.6049346999999998,1.1824036000000002,1.7873383,2.9134700621413234,15.822812087435683,0.09988280936454848,0.4500078875720971,-0.9623339999999985,2.970085999999995,3.9324199999999934,3.9626914469349197,17.818505113418716,0.18023584516475133,0.4531992289165691,0.0,3.042580768133405,3.042580768133405,3.918402551164779,16.46445259426117,0.0,0.0,0.0,0.0,1.0,0.0,0.0,0.0,0.0
202957,2.639801,1511.944,-102.80903,862.01746,143.795,76561198430571269,0,258.3605307457736,0.4676056,0.77007294,1.3390555,0.0,0.0,0.0,0.0,0.0,0.0,0.900925818295604,0.0,1.3390555,0.1744728061905952,0.12274631854498108,297.56570394499965,-19518.806620000018,0.0,0.0,0.0,0,0.0,0.0,0.0,-102.80903,2.639801,0,0,2.1571134401500003,1.7357476034741433,-1.4299316,9.350052,10.7799836,1.041824707260905,3.238238946047161,-108.25336873333333,9.84427314109908,-128.35635,-96.04385,32.312499999999986,-1.2878905898096684,-0.17353547396337587,0.024005035451505015,0.15775988893229026,-0.6049346999999998,1.1824036000000002,1.7873383,2.9134700621413234,15.822812087435683,0.09988280936454848,0.4500078875720971,-0.9623339999999985,2.970085999999995,3.9324199999999934,3.9626914469349197,17.818505113418716,0.18023584516475133,0.4531992289165691,0.0,3.042580768133405,3.042580768133405,3.918402551164779,16.46445259426117,0.0,0.0,0.0,0.0,1.0,0.0,0.0,0.0,0.0
202958,2.639801,1511.7026,-102.891426,862.07263,143.7993,76561198430571269,0,258.3605307457736,0.4676056,0.77007294,1.3390555,0.0,-0.08239599999998859,0.0,-0.08239599999998859,0.0,-0.08239599999998859,0.900925818295604,0.0,1.3390555,0.24766141988598425,0.10463125225151813,300.20550494499963,-19621.698046000016,0.08239599999998859,-1.0,0.0,1,1.0,0.0260559029964242,0.0,-102.8172696,2.639801,0,0,2.1571134401500003,1.7357476034741433,-1.4299316,9.350052,10.7799836,1.041824707260905,3.238238946047161,-108.25336873333333,9.84427314109908,-128.35635,-96.04385,32.312499999999986,-1.2878905898096684,-0.17353547396337587,0.024005035451505015,0.15775988893229026,-0.6049346999999998,1.1824036000000002,1.7873383,2.9134700621413234,15.822812087435683,0.09988280936454848,0.4500078875720971,-0.9623339999999985,2.970085999999995,3.9324199999999934,3.9626914469349197,17.818505113418716,0.18023584516475133,0.4531992289165691,0.0,3.042580768133405,3.042580768133405,3.918402551164779,16.46445259426117,0.0,0.0,0.0,0.0,1.0,0.0,0.0,0.0,0.0
202959,2.6123352,1511.39,-102.91889,862.14404,143.80486,76561198430571269,0,258.3605307457736,0.4676056,0.77007294,1.3390555,-0.027465799999999874,-0.027464000000009037,-0.027465799999999874,0.05493199999997955,-0.027465799999999874,0.13732799999996814,0.900925818295604,0.0,1.3390555,0.3207008913302026,0.12063252523296084,302.81784014499965,-19724.616936000017,0.03884123409008124,1.0,-1.0,1,2.0,0.041044804051505686,0.008685448575849646,-102.8282556,2.63705442,0,0,2.1571134401500003,1.7357476034741433,-1.4299316,9.350052,10.7799836,1.041824707260905,3.238238946047161,-108.25336873333333,9.84427314109908,-128.35635,-96.04385,32.312499999999986,-1.2878905898096684,-0.17353547396337587,0.024005035451505015,0.15775988893229026,-0.6049346999999998,1.1824036000000002,1.7873383,2.9134700621413234,15.822812087435683,0.09988280936454848,0.4500078875720971,-0.9623339999999985,2.970085999999995,3.9324199999999934,3.9626914469349197,17.818505113418716,0.18023584516475133,0.4531992289165691,0.0,3.042580768133405,3.042580768133405,3.918402551164779,16.46445259426117,0.0,0.0,0.0,0.0,1.0,0.0,0.0,0.0,0.0
202960,2.6123352,1511.0061,-102.91889,862.23193,143.8117,76561198430571269,0,258.3605307457736,0.4676056,0.77007294,1.3390555,0.0,0.0,0.027465799999999874,0.027464000000009037,0.05493159999999975,-0.027467999999970516,0.900925818295604,0.0,1.3390555,0.39389167000589564,0.15423245297500815,305.43017534499967,-19827.535826000018,0.0,1.0,1.0,0,2.0,0.04921622616875309,0.011580598101142064,-102.83924160000001,2.6343078399999995,0,0,2.1571134401500003,1.7357476034741433,-1.4299316,9.350052,10.7799836,1.041824707260905,3.238238946047161,-108.25336873333333,9.84427314109908,-128.35635,-96.04385,32.312499999999986,-1.2878905898096684,-0.17353547396337587,0.024005035451505015,0.15775988893229026,-0.6049346999999998,1.1824036000000002,1.7873383,2.9134700621413234,15.822812087435683,0.09988280936454848,0.4500078875720971,-0.9623339999999985,2.970085999999995,3.9324199999999934,3.9626914469349197,17.818505113418716,0.18023584516475133,0.4531992289165691,0.0,3.042580768133405,3.042580768133405,3.918402551164779,16.46445259426117,0.0,0.0,0.0,0.0,1.0,0.0,0.0,0.0,0.0
202961,2.6123352,1510.5509,-102.91889,862.33636,143.81984,76561198430571269,0,258.3605307457736,0.4676056,0.77007294,1.3390555,0.0,0.0,0.0,0.0,-0.027465799999999874,-0.027464000000009037,0.900925818295604,0.0,1.3390555,0.46709626898541023,0.18581075596084412,308.0425105449997,-19930.45471600002,0.0,0.0,0.0,1,3.0,0.05377353454034005,0.013267241847839667,-102.85022760000001,2.63156126,0,0,2.1571134401500003,1.7357476034741433,-1.4299316,9.350052,10.7799836,1.041824707260905,3.238238946047161,-108.25336873333333,9.84427314109908,-128.35635,-96.04385,32.312499999999986,-1.2878905898096684,-0.17353547396337587,0.024005035451505015,0.15775988893229026,-0.6049346999999998,1.1824036000000002,1.7873383,2.9134700621413234,15.822812087435683,0.09988280936454848,0.4500078875720971,-0.9623339999999985,2.970085999999995,3.9324199999999934,3.9626914469349197,17.818505113418716,0.18023584516475133,0.4531992289165691,0.0,3.042580768133405,3.042580768133405,3.918402551164779,16.46445259426117,0.0,0.0,0.0,0.0,1.0,0.0,0.0,0.0,0.0
202962,2.6123352,1510.0244,-102.91889,862.457,143.82922,76561198430571269,0,258.3605307457736,0.4676056,0.77007294,1.3390555,0.0,0.0,0.0,0.0,0.0,0.0,0.900925818295604,0.0,1.3390555,0.5402261045154462,0.2108462147470954,310.6548457449997,-20033.37360600002,0.0,0.0,0.0,0,3.0,0.05561244676894157,0.014183278132025943,-102.86121360000001,2.62881468,0,0,2.1571134401500003,1.7357476034741433,-1.4299316,9.350052,10.7799836,1.041824707260905,3.238238946047161,-108.25336873333333,9.84427314109908,-128.35635,-96.04385,32.312499999999986,-1.2878905898096684,-0.17353547396337587,0.024005035451505015,0.15775988893229026,-0.6049346999999998,1.1824036000000002,1.7873383,2.9134700621413234,15.822812087435683,0.09988280936454848,0.4500078875720971,-0.9623339999999985,2.970085999999995,3.9324199999999934,3.9626914469349197,17.818505113418716,0.18023584516475133,0.4531992289165691,0.0,3.042580768133405,3.042580768133405,3.918402551164779,16.46445259426117,0.0,0.0,0.0,0.0,1.0,0.0,0.0,0.0,0.0
202963,2.6123352,1509.4266,-102.91889,862.59375,143.83987,76561198430571269,0,258.3605307457736,0.4676056,0.77007294,1.3390555,0.0,0.0,0.0,0.0,0.0,0.0,0.900925818295604,0.0,1.3390555,0.6133341870465151,0.22989426292664772,313.2671809449997,-20136.29249600002,0.0,0.0,0.0,0,3.0,0.05500627758988519,0.014475747626433205,-102.8721996,2.6260681,0,0,2.1571134401500003,1.7357476034741433,-1.4299316,9.350052,10.7799836,1.041824707260905,3.238238946047161,-108.25336873333333,9.84427314109908,-128.35635,-96.04385,32.312499999999986,-1.2878905898096684,-0.17353547396337587,0.024005035451505015,0.15775988893229026,-0.6049346999999998,1.1824036000000002,1.7873383,2.9134700621413234,15.822812087435683,0.09988280936454848,0.4500078875720971,-0.9623339999999985,2.970085999999995,3.9324199999999934,3.9626914469349197,17.818505113418716,0.18023584516475133,0.4531992289165691,0.0,3.042580768133405,3.042580768133405,3.918402551164779,16.46445259426117,0.0,0.0,0.0,0.0,1.0,0.0,0.0,0.0,0.0
202964,2.6123352,1508.7576,-102.91889,862.7471,143.8518,76561198430571269,0,258.3605307457736,0.4676056,0.77007294,1.3390555,0.0,0.0,0.0,0.0,0.0,0.0,0.900925818295604,0.0,1.3390555,0.6864543301634445,0.240646442819211,315.87951614499974,-20239.21138600002,0.0,0.0,0.0,0,3.0,0.05186937471150562,0.01418327813202619,-102.8831856,2.62332152,0,0,2.1571134401500003,1.7357476034741433,-1.4299316,9.350052,10.7799836,1.041824707260905,3.238238946047161,-108.25336873333333,9.84427314109908,-128.35635,-96.04385,32.312499999999986,-1.2878905898096684,-0.17353547396337587,0.024005035451505015,0.15775988893229026,-0.6049346999999998,1.1824036000000002,1.7873383,2.9134700621413234,15.822812087435683,0.09988280936454848,0.4500078875720971,-0.9623339999999985,2.970085999999995,3.9324199999999934,3.9626914469349197,17.818505113418716,0.18023584516475133,0.4531992289165691,0.0,3.042580768133405,3.042580768133405,3.918402551164779,16.46445259426117,0.0,0.0,0.0,0.0,1.0,0.0,0.0,0.0,0.0
202965,2.6123352,1508.0172,-102.91889,862.9165,143.865,76561198430571269,0,258.3605307457736,0.4676056,0.77007294,1.3390555,0.0,0.0,0.0,0.0,0.0,0.0,0.900925818295604,0.0,1.3390555,0.759646470405717,0.23975289376225797,318.49185134499976,-20342.13027600002,0.0,0.0,0.0,0,3.0,0.045683351580521996,0.013267241847840222,-102.8941716,2.62057494,0,0,2.1571134401500003,1.7357476034741433,-1.4299316,9.350052,10.7799836,1.041824707260905,3.238238946047161,-108.25336873333333,9.84427314109908,-128.35635,-96.04385,32.312499999999986,-1.2878905898096684,-0.17353547396337587,0.024005035451505015,0.15775988893229026,-0.6049346999999998,1.1824036000000002,1.7873383,2.9134700621413234,15.822812087435683,0.09988280936454848,0.4500078875720971,-0.9623339999999985,2.970085999999995,3.9324199999999934,3.9626914469349197,17.818505113418716,0.18023584516475133,0.4531992289165691,0.0,3.042580768133405,3.042580768133405,3.918402551164779,16.46445259426117,0.0,0.0,0.0,0.0,1.0,0.0,0.0,0.0,0.0
202966,2.6123352,1507.2827,-102.91889,863.08484,143.87811,76561198430571269,0,258.3605307457736,0.4676056,0.77007294,1.3390555,0.0,0.0,0.0,0.0,0.0,0.0,0.900925818295604,0.0,1.3390555,0.7536580641776601,0.20947965568151217,321.1041865449998,-20445.049166000023,0.0,0.0,0.0,0,3.0,0.0348611576155542,0.01158059810114302,-102.90515760000001,2.61782836,0,0,2.1571134401500003,1.7357476034741433,-1.4299316,9.350052,10.7799836,1.041824707260905,3.238238946047161,-108.25336873333333,9.84427314109908,-128.35635,-96.04385,32.312499999999986,-1.2878905898096684,-0.17353547396337587,0.024005035451505015,0.15775988893229026,-0.6049346999999998,1.1824036000000002,1.7873383,2.9134700621413234,15.822812087435683,0.09988280936454848,0.4500078875720971,-0.9623339999999985,2.970085999999995,3.9324199999999934,3.9626914469349197,17.818505113418716,0.18023584516475133,0.4531992289165691,0.0,3.042580768133405,3.042580768133405,3.918402551164779,16.46445259426117,0.0,0.0,0.0,0.0,1.0,0.0,0.0,0.0,0.0
202967,2.6123352,1506.644,-102.91889,863.23114,143.88951,76561198430571269,0,258.3605307457736,0.4676056,0.77007294,1.3390555,0.0,0.0,0.0,0.0,0.0,0.0,0.900925818295604,0.0,1.3390555,0.6553406289861502,0.18076894161623178,323.7165217449998,-20547.968056000023,0.0,0.0,0.0,0,3.0,0.008684879329244216,0.008685448575851218,-102.91614360000001,2.61508178,0,0,2.1571134401500003,1.7357476034741433,-1.4299316,9.350052,10.7799836,1.041824707260905,3.238238946047161,-108.25336873333333,9.84427314109908,-128.35635,-96.04385,32.312499999999986,-1.2878905898096684,-0.17353547396337587,0.024005035451505015,0.15775988893229026,-0.6049346999999998,1.1824036000000002,1.7873383,2.9134700621413234,15.822812087435683,0.09988280936454848,0.4500078875720971,-0.9623339999999985,2.970085999999995,3.9324199999999934,3.9626914469349197,17.818505113418716,0.18023584516475133,0.4531992289165691,0.0,3.042580768133405,3.042580768133405,3.918402551164779,16.46445259426117,0.0,0.0,0.0,0.0,1.0,0.0,0.0,0.0,0.0
202968,2.6123352,1506.128,-102.91889,863.3493,143.89871,76561198430571269,0,258.3605307457736,0.4676056,0.77007294,1.3390555,0.0,0.0,0.0,0.0,0.0,0.0,0.900925818295604,0.0,1.3390555,0.5294359504227835,0.14857273019189568,326.3288569449998,-20650.886946000024,0.0,0.0,0.0,0,2.0,0.0,0.0,-102.91889,2.6123352,0,0,2.1571134401500003,1.7357476034741433,-1.4299316,9.350052,10.7799836,1.041824707260905,3.238238946047161,-108.25336873333333,9.84427314109908,-128.35635,-96.04385,32.312499999999986,-1.2878905898096684,-0.17353547396337587,0.024005035451505015,0.15775988893229026,-0.6049346999999998,1.1824036000000002,1.7873383,2.9134700621413234,15.822812087435683,0.09988280936454848,0.4500078875720971,-0.9623339999999985,2.970085999999995,3.9324199999999934,3.9626914469349197,17.818505113418716,0.18023584516475133,0.4531992289165691,0.0,3.042580768133405,3.042580768133405,3.918402551164779,16.46445259426117,0.0,0.0,0.0,0.0,1.0,0.0,0.0,0.0,0.0
202969,2.6123352,1505.7112,-102.91889,863.445,143.90616,76561198430571269,0,258.3605307457736,0.4676056,0.77007294,1.3390555,0.0,0.0,0.0,0.0,0.0,0.0,0.900925818295604,0.0,1.3390555,0.4277104540457099,0.13131490670693355,328.94119214499983,-20753.805836000025,0.0,0.0,0.0,0,1.0,0.0,0.0,-102.91889,2.6123352,0,0,2.1571134401500003,1.7357476034741433,-1.4299316,9.350052,10.7799836,1.041824707260905,3.238238946047161,-108.25336873333333,9.84427314109908,-128.35635,-96.04385,32.312499999999986,-1.2878905898096684,-0.17353547396337587,0.024005035451505015,0.15775988893229026,-0.6049346999999998,1.1824036000000002,1.7873383,2.9134700621413234,15.822812087435683,0.09988280936454848,0.4500078875720971,-0.9623339999999985,2.970085999999995,3.9324199999999934,3.9626914469349197,17.818505113418716,0.18023584516475133,0.4531992289165691,0.0,3.042580768133405,3.042580768133405,3.918402551164779,16.46445259426117,0.0,0.0,0.0,0.0,1.0,0.0,0.0,0.0,0.0
202970,2.6123352,1505.3934,-102.91889,863.51776,143.91183,76561198430571269,0,258.3605307457736,0.4676056,0.77007294,1.3390555,0.0,0.0,0.0,0.0,0.0,0.0,0.900925818295604,0.0,1.3390555,0.32607208788856407,0.14334844893876464,331.55352734499985,-20856.724726000026,0.0,0.0,0.0,0,1.0,0.0,0.0,-102.91889,2.6123352,0,0,2.1571134401500003,1.7357476034741433,-1.4299316,9.350052,10.7799836,1.041824707260905,3.238238946047161,-108.25336873333333,9.84427314109908,-128.35635,-96.04385,32.312499999999986,-1.2878905898096684,-0.17353547396337587,0.024005035451505015,0.15775988893229026,-0.6049346999999998,1.1824036000000002,1.7873383,2.9134700621413234,15.822812087435683,0.09988280936454848,0.4500078875720971,-0.9623339999999985,2.970085999999995,3.9324199999999934,3.9626914469349197,17.818505113418716,0.18023584516475133,0.4531992289165691,0.0,3.042580768133405,3.042580768133405,3.918402551164779,16.46445259426117,0.0,0.0,0.0,0.0,1.0,0.0,0.0,0.0,0.0
202971,2.6123352,1505.1748,-102.91889,863.568,143.91574,76561198430571269,0,258.3605307457736,0.4676056,0.77007294,1.3390555,0.0,0.0,0.0,0.0,0.0,0.0,0.900925818295604,0.0,1.3390555,0.22433302409580666,0.17975460181003514,334.16586254499987,-20959.643616000027,0.0,0.0,0.0,0,0.0,0.0,0.0,-102.91889,2.6123352,0,0,2.1571134401500003,1.7357476034741433,-1.4299316,9.350052,10.7799836,1.041824707260905,3.238238946047161,-108.25336873333333,9.84427314109908,-128.35635,-96.04385,32.312499999999986,-1.2878905898096684,-0.17353547396337587,0.024005035451505015,0.15775988893229026,-0.6049346999999998,1.1824036000000002,1.7873383,2.9134700621413234,15.822812087435683,0.09988280936454848,0.4500078875720971,-0.9623339999999985,2.970085999999995,3.9324199999999934,3.9626914469349197,17.818505113418716,0.18023584516475133,0.4531992289165691,0.0,3.042580768133405,3.042580768133405,3.918402551164779,16.46445259426117,0.0,0.0,0.0,0.0,1.0,0.0,0.0,0.0,0.0
202972,2.6123352,1505.0553,-102.91889,863.59534,143.91788,76561198430571269,0,258.3605307457736,0.4676056,0.77007294,1.3390555,0.0,0.0,0.0,0.0,0.0,0.0,0.900925818295604,0.0,1.3390555,0.12260630163251343,0.22541041540816512,336.7781977449999,-21062.562506000027,0.0,0.0,0.0,0,0.0,0.0,0.0,-102.91889,2.6123352,0,0,2.1571134401500003,1.7357476034741433,-1.4299316,9.350052,10.7799836,1.041824707260905,3.238238946047161,-108.25336873333333,9.84427314109908,-128.35635,-96.04385,32.312499999999986,-1.2878905898096684,-0.17353547396337587,0.024005035451505015,0.15775988893229026,-0.6049346999999998,1.1824036000000002,1.7873383,2.9134700621413234,15.822812087435683,0.09988280936454848,0.4500078875720971,-0.9623339999999985,2.970085999999995,3.9324199999999934,3.9626914469349197,17.818505113418716,0.18023584516475133,0.4531992289165691,0.0,3.042580768133405,3.042580768133405,3.918402551164779,16.46445259426117,0.0,0.0,0.0,0.0,1.0,0.0,0.0,0.0,0.0
202973,2.5848694,1505.0349,-102.94636,863.60004,143.91823,76561198430571269,0,258.3605307457736,0.4676056,0.77007294,1.3390555,-0.027465799999999874,-0.027469999999993888,-0.027465799999999874,-0.027469999999993888,-0.027465799999999874,-0.027469999999993888,0.900925818295604,0.0,1.3390555,0.020937347014266743,0.26885203340021385,339.3630671449999,-21165.50886600003,0.03884547682343026,-1.0,-1.0,1,1.0,0.008686776695861004,0.008685448575851733,-102.921637,2.60958862,0,0,2.1571134401500003,1.7357476034741433,-1.4299316,9.350052,10.7799836,1.041824707260905,3.238238946047161,-108.25336873333333,9.84427314109908,-128.35635,-96.04385,32.312499999999986,-1.2878905898096684,-0.17353547396337587,0.024005035451505015,0.15775988893229026,-0.6049346999999998,1.1824036000000002,1.7873383,2.9134700621413234,15.822812087435683,0.09988280936454848,0.4500078875720971,-0.9623339999999985,2.970085999999995,3.9324199999999934,3.9626914469349197,17.818505113418716,0.18023584516475133,0.4531992289165691,0.0,3.042580768133405,3.042580768133405,3.918402551164779,16.46445259426117,0.0,0.0,0.0,0.0,1.0,0.0,0.0,0.0,0.0
202974,2.5574036,1505.0349,-102.97382,863.60004,143.91823,76561198430571269,0,258.3605307457736,0.4676056,0.77007294,1.3390555,-0.027465799999999874,-0.027460000000004925,0.0,9.999999988963282e-06,0.027465799999999874,0.02747999999998285,0.900925818295604,0.0,1.3390555,0.0,0.2888387877641776,341.9204707449999,-21268.48268600003,0.03883840585863771,1.0,0.0,1,2.0,0.018538038354441077,0.01853800209636035,-102.92712999999999,2.60409546,0,1,2.1571134401500003,1.7357476034741433,-1.4299316,9.350052,10.7799836,1.041824707260905,3.238238946047161,-108.25336873333333,9.84427314109908,-128.35635,-96.04385,32.312499999999986,-1.2878905898096684,-0.17353547396337587,0.024005035451505015,0.15775988893229026,-0.6049346999999998,1.1824036000000002,1.7873383,2.9134700621413234,15.822812087435683,0.09988280936454848,0.4500078875720971,-0.9623339999999985,2.970085999999995,3.9324199999999934,3.9626914469349197,17.818505113418716,0.18023584516475133,0.4531992289165691,0.0,3.042580768133405,3.042580768133405,3.918402551164779,16.46445259426117,0.0,0.0,0.0,0.0,1.0,0.0,0.0,0.0,0.0
202975,2.502472,1505.0349,-103.00129,863.60004,143.91823,76561198430571269,0,258.3605307457736,0.4676056,0.77007294,1.3390555,-0.05493160000000019,-0.027469999999993888,-0.027465800000000318,-9.999999988963282e-06,-0.027465800000000318,-1.9999999977926564e-05,0.900925818295604,0.0,1.3390555,0.0,0.2781710152569715,344.4229427449999,-21371.48397600003,0.061417274268398506,-1.0,-1.0,1,3.0,0.029525434975213746,0.03673532924281487,-102.93537,2.59310914,0,0,2.1571134401500003,1.7357476034741433,-1.4299316,9.350052,10.7799836,1.041824707260905,3.238238946047161,-108.25336873333333,9.84427314109908,-128.35635,-96.04385,32.312499999999986,-1.2878905898096684,-0.17353547396337587,0.024005035451505015,0.15775988893229026,-0.6049346999999998,1.1824036000000002,1.7873383,2.9134700621413234,15.822812087435683,0.09988280936454848,0.4500078875720971,-0.9623339999999985,2.970085999999995,3.9324199999999934,3.9626914469349197,17.818505113418716,0.18023584516475133,0.4531992289165691,0.0,3.042580768133405,3.042580768133405,3.918402551164779,16.46445259426117,0.0,0.0,0.0,0.0,1.0,0.0,0.0,0.0,0.0
202976,2.475006,1505.0349,-103.028755,863.60004,143.91823,76561198430571269,0,258.3605307457736,0.4676056,0.77007294,1.3390555,-0.02746599999999999,-0.027465000000006512,0.0274656000000002,4.9999999873762135e-06,0.05493140000000052,1.4999999976339495e-05,0.900925818295604,0.0,1.3390555,0.0,0.2433252009545126,346.8979487449999,-21474.512731000028,0.038842082603799157,1.0,1.0,1,4.0,0.040944268079083204,0.05146534876191963,-102.94635650000001,2.57937622,1,1,2.1571134401500003,1.7357476034741433,-1.4299316,9.350052,10.7799836,1.041824707260905,3.238238946047161,-108.25336873333333,9.84427314109908,-128.35635,-96.04385,32.312499999999986,-1.2878905898096684,-0.17353547396337587,0.024005035451505015,0.15775988893229026,-0.6049346999999998,1.1824036000000002,1.7873383,2.9134700621413234,15.822812087435683,0.09988280936454848,0.4500078875720971,-0.9623339999999985,2.970085999999995,3.9324199999999934,3.9626914469349197,17.818505113418716,0.18023584516475133,0.4531992289165691,0.0,3.042580768133405,3.042580768133405,3.918402551164779,16.46445259426117,0.0,0.0,0.0,0.0,1.0,0.0,0.0,0.0,0.0
202977,2.392273,1505.0349,-103.08403,863.60004,143.91823,76561198430571269,0,258.3605307457736,0.4676056,0.77007294,1.3390555,-0.08273300000000017,-0.055274999999994634,-0.05526700000000018,-0.027809999999988122,-0.08273260000000038,-0.027814999999975498,0.900925818295604,0.0,1.3390555,0.0,0.20076136292139304,349.2902217449999,-21577.59676100003,0.09949912016696144,-1.0,-1.0,1,5.0,0.05827173873499275,0.07667878345809323,-102.96287050000001,2.5573699999999997,0,0,2.1571134401500003,1.7357476034741433,-1.4299316,9.350052,10.7799836,1.041824707260905,3.238238946047161,-108.25336873333333,9.84427314109908,-128.35635,-96.04385,32.312499999999986,-1.2878905898096684,-0.17353547396337587,0.024005035451505015,0.15775988893229026,-0.6049346999999998,1.1824036000000002,1.7873383,2.9134700621413234,15.822812087435683,0.09988280936454848,0.4500078875720971,-0.9623339999999985,2.970085999999995,3.9324199999999934,3.9626914469349197,17.818505113418716,0.18023584516475133,0.4531992289165691,0.0,3.042580768133405,3.042580768133405,3.918402551164779,16.46445259426117,0.0,0.0,0.0,0.0,1.0,0.0,0.0,0.0,0.0
202978,2.3373413,1505.0349,-103.13896,863.60004,143.91823,76561198430571269,0,258.3605307457736,0.4676056,0.77007294,1.3390555,-0.05493170000000003,-0.05492999999999881,0.02780130000000014,0.00034499999999582087,0.08306830000000032,0.028154999999983943,0.900925818295604,0.0,1.3390555,0.0,0.15959785678490404,351.6275630449999,-21680.73572100003,0.07768395307198181,1.0,1.0,1,6.0,0.07802457373360762,0.10041359669024881,-102.9848775,2.52987061,1,1,2.1571134401500003,1.7357476034741433,-1.4299316,9.350052,10.7799836,1.041824707260905,3.238238946047161,-108.25336873333333,9.84427314109908,-128.35635,-96.04385,32.312499999999986,-1.2878905898096684,-0.17353547396337587,0.024005035451505015,0.15775988893229026,-0.6049346999999998,1.1824036000000002,1.7873383,2.9134700621413234,15.822812087435683,0.09988280936454848,0.4500078875720971,-0.9623339999999985,2.970085999999995,3.9324199999999934,3.9626914469349197,17.818505113418716,0.18023584516475133,0.4531992289165691,0.0,3.042580768133405,3.042580768133405,3.918402551164779,16.46445259426117,0.0,0.0,0.0,0.0,1.0,0.0,0.0,0.0,0.0
202979,2.2549438,1505.0349,-103.22136,863.60004,143.91823,76561198430571269,0,258.3605307457736,0.4676056,0.77007294,1.3390555,-0.0823974999999999,-0.08240000000000691,-0.027465799999999874,-0.0274700000000081,-0.05526710000000001,-0.02781500000000392,0.900925818295604,0.0,1.3390555,0.0,0.11736102971497143,353.88250684499985,-21783.95708100003,0.11652942978600352,-1.0,-1.0,1,7.0,0.10392909950581836,0.12769646935690013,-103.0151245,2.49413147,0,0,2.1571134401500003,1.7357476034741433,-1.4299316,9.350052,10.7799836,1.041824707260905,3.238238946047161,-108.25336873333333,9.84427314109908,-128.35635,-96.04385,32.312499999999986,-1.2878905898096684,-0.17353547396337587,0.024005035451505015,0.15775988893229026,-0.6049346999999998,1.1824036000000002,1.7873383,2.9134700621413234,15.822812087435683,0.09988280936454848,0.4500078875720971,-0.9623339999999985,2.970085999999995,3.9324199999999934,3.9626914469349197,17.818505113418716,0.18023584516475133,0.4531992289165691,0.0,3.042580768133405,3.042580768133405,3.918402551164779,16.46445259426117,0.0,0.0,0.0,0.0,1.0,0.0,0.0,0.0,0.0
202980,2.1450806,1505.0349,-103.41396,863.60004,143.91823,76561198430571269,0,258.3605307457736,0.4676056,0.77007294,1.3390555,-0.10986319999999994,-0.19259999999999877,-0.027465700000000037,-0.11019999999999186,9.999999983634211e-08,-0.08272999999998376,0.900925818295604,0.0,1.3390555,0.0,0.07620342567770219,356.0275874449999,-21887.37104100003,0.22173110452581865,-1.0,-1.0,0,7.0,0.15723675217003746,0.16082744255729758,-103.06463149999999,2.4474060100000004,0,0,2.1571134401500003,1.7357476034741433,-1.4299316,9.350052,10.7799836,1.041824707260905,3.238238946047161,-108.25336873333333,9.84427314109908,-128.35635,-96.04385,32.312499999999986,-1.2878905898096684,-0.17353547396337587,0.024005035451505015,0.15775988893229026,-0.6049346999999998,1.1824036000000002,1.7873383,2.9134700621413234,15.822812087435683,0.09988280936454848,0.4500078875720971,-0.9623339999999985,2.970085999999995,3.9324199999999934,3.9626914469349197,17.818505113418716,0.18023584516475133,0.4531992289165691,0.0,3.042580768133405,3.042580768133405,3.918402551164779,16.46445259426117,0.0,0.0,0.0,0.0,1.0,0.0,0.0,0.0,0.0
202981,2.0623474,1505.0349,-103.55129,863.60004,143.91823,76561198430571269,0,258.3605307457736,0.4676056,0.77007294,1.3390555,-0.08273319999999984,-0.13732999999999151,0.0271300000000001,0.05527000000000726,0.054595700000000136,0.16546999999999912,0.900925818295604,0.0,1.3390555,0.0,0.03860080568145444,358.0899348449999,-21990.92233100003,0.16032564137478958,1.0,1.0,1,8.0,0.21032078697310025,0.18962214882405823,-103.1278715,2.39240723,1,1,2.1571134401500003,1.7357476034741433,-1.4299316,9.350052,10.7799836,1.041824707260905,3.238238946047161,-108.25336873333333,9.84427314109908,-128.35635,-96.04385,32.312499999999986,-1.2878905898096684,-0.17353547396337587,0.024005035451505015,0.15775988893229026,-0.6049346999999998,1.1824036000000002,1.7873383,2.9134700621413234,15.822812087435683,0.09988280936454848,0.4500078875720971,-0.9623339999999985,2.970085999999995,3.9324199999999934,3.9626914469349197,17.818505113418716,0.18023584516475133,0.4531992289165691,0.0,3.042580768133405,3.042580768133405,3.918402551164779,16.46445259426117,0.0,0.0,0.0,0.0,1.0,0.0,0.0,0.0,0.0
202982,1.9524841,1505.0349,-103.77136,863.60004,143.91823,76561198430571269,0,258.3605307457736,0.4676056,0.77007294,1.3390555,-0.10986330000000022,-0.22007000000000687,-0.02713010000000038,-0.08274000000001536,-0.05426010000000048,-0.13801000000002261,0.900925818295604,0.0,1.3390555,0.0,0.006620970472649457,360.0424189449999,-22094.69369100003,0.2459690012723007,-1.0,-1.0,1,9.0,0.2780581819805375,0.21736623851755468,-103.2131185,2.32642212,0,0,2.1571134401500003,1.7357476034741433,-1.4299316,9.350052,10.7799836,1.041824707260905,3.238238946047161,-108.25336873333333,9.84427314109908,-128.35635,-96.04385,32.312499999999986,-1.2878905898096684,-0.17353547396337587,0.024005035451505015,0.15775988893229026,-0.6049346999999998,1.1824036000000002,1.7873383,2.9134700621413234,15.822812087435683,0.09988280936454848,0.4500078875720971,-0.9623339999999985,2.970085999999995,3.9324199999999934,3.9626914469349197,17.818505113418716,0.18023584516475133,0.4531992289165691,0.0,3.042580768133405,3.042580768133405,3.918402551164779,16.46445259426117,0.0,0.0,0.0,0.0,1.0,0.0,0.0,0.0,0.0
202983,1.8422699,1505.0349,-103.99143,863.60004,143.91823,76561198430571269,0,258.3605307457736,0.4676056,0.77007294,1.3390555,-0.11021419999999993,-0.22006999999999266,-0.0003508999999997098,1.4210854715202004e-14,0.02677920000000067,0.08274000000002957,0.900925818295604,0.0,1.3390555,0.0,0.0,361.8846888449999,-22198.685121000028,0.24612593276946002,1.0,-1.0,1,9.0,0.35296187019703995,0.24442579166440467,-103.3176255,2.25216217,0,0,2.1571134401500003,1.7357476034741433,-1.4299316,9.350052,10.7799836,1.041824707260905,3.238238946047161,-108.25336873333333,9.84427314109908,-128.35635,-96.04385,32.312499999999986,-1.2878905898096684,-0.17353547396337587,0.024005035451505015,0.15775988893229026,-0.6049346999999998,1.1824036000000002,1.7873383,2.9134700621413234,15.822812087435683,0.09988280936454848,0.4500078875720971,-0.9623339999999985,2.970085999999995,3.9324199999999934,3.9626914469349197,17.818505113418716,0.18023584516475133,0.4531992289165691,0.0,3.042580768133405,3.042580768133405,3.918402551164779,16.46445259426117,0.0,0.0,0.0,0.0,1.0,0.0,0.0,0.0,0.0
202984,1.8148041,1505.0916,-104.07383,863.5859,143.91713,76561198430571269,0,258.3605307457736,0.4676056,0.77007294,1.3390555,-0.027465800000000096,-0.08240000000000691,0.08274839999999983,0.13766999999998575,0.08309929999999954,0.13766999999997154,0.900925818295604,0.0,1.3390555,0.05844689555472183,0.018482531211892174,363.6994929449999,-22302.75895100003,0.08685695233912565,1.0,1.0,0,8.0,0.4019230938454914,0.2540035121678861,-103.4276265,2.17790222,0,0,2.1571134401500003,1.7357476034741433,-1.4299316,9.350052,10.7799836,1.041824707260905,3.238238946047161,-108.25336873333333,9.84427314109908,-128.35635,-96.04385,32.312499999999986,-1.2878905898096684,-0.17353547396337587,0.024005035451505015,0.15775988893229026,-0.6049346999999998,1.1824036000000002,1.7873383,2.9134700621413234,15.822812087435683,0.09988280936454848,0.4500078875720971,-0.9623339999999985,2.970085999999995,3.9324199999999934,3.9626914469349197,17.818505113418716,0.18023584516475133,0.4531992289165691,0.0,3.042580768133405,3.042580768133405,3.918402551164779,16.46445259426117,0.0,0.0,0.0,0.0,1.0,0.0,0.0,0.0,0.0
202985,1.7873383,1505.2845,-104.15623,863.53723,143.91335,76561198430571269,0,258.3605307457736,0.4676056,0.77007294,1.3390555,-0.027465799999999874,-0.0823999999999927,2.220446049250313e-16,1.4210854715202004e-14,-0.08274839999999961,-0.13766999999997154,0.900925818295604,0.0,1.3390555,0.19898107271799675,0.0635807369632311,365.4868312449999,-22406.91518100003,0.0868569523391121,1.0,1.0,0,7.0,0.43070886905155414,0.253138756497859,-103.54312049999999,2.10638885,1,0,2.1571134401500003,1.7357476034741433,-1.4299316,9.350052,10.7799836,1.041824707260905,3.238238946047161,-108.25336873333333,9.84427314109908,-128.35635,-96.04385,32.312499999999986,-1.2878905898096684,-0.17353547396337587,0.024005035451505015,0.15775988893229026,-0.6049346999999998,1.1824036000000002,1.7873383,2.9134700621413234,15.822812087435683,0.09988280936454848,0.4500078875720971,-0.9623339999999985,2.970085999999995,3.9324199999999934,3.9626914469349197,17.818505113418716,0.18023584516475133,0.4531992289165691,0.0,3.042580768133405,3.042580768133405,3.918402551164779,16.46445259426117,0.0,0.0,0.0,0.0,1.0,0.0,0.0,0.0,0.0
202986,1.7598724,1505.5654,-104.2115,863.46625,143.90782,76561198430571269,0,258.3605307457736,0.4676056,0.77007294,1.3390555,-0.027465900000000154,-0.05527000000000726,-1.0000000028043132e-07,0.027129999999985444,-1.0000000050247593e-07,0.027129999999971233,0.900925818295604,0.0,1.3390555,0.28978190298912154,0.10383704855811705,367.2467036449999,-22511.12668100003,0.06171830006416906,1.0,-1.0,0,6.0,0.43612713282107235,0.2379931162947375,-103.661395,2.03487549,0,0,2.1571134401500003,1.7357476034741433,-1.4299316,9.350052,10.7799836,1.041824707260905,3.238238946047161,-108.25336873333333,9.84427314109908,-128.35635,-96.04385,32.312499999999986,-1.2878905898096684,-0.17353547396337587,0.024005035451505015,0.15775988893229026,-0.6049346999999998,1.1824036000000002,1.7873383,2.9134700621413234,15.822812087435683,0.09988280936454848,0.4500078875720971,-0.9623339999999985,2.970085999999995,3.9324199999999934,3.9626914469349197,17.818505113418716,0.18023584516475133,0.4531992289165691,0.0,3.042580768133405,3.042580768133405,3.918402551164779,16.46445259426117,0.0,0.0,0.0,0.0,1.0,0.0,0.0,0.0,0.0
202987,1.7598724,1505.9172,-104.2115,863.37726,143.90088,76561198430571269,0,258.3605307457736,0.4676056,0.77007294,1.3390555,0.0,0.0,0.027465900000000154,0.05527000000000726,0.027466000000000435,0.028140000000021814,0.900925818295604,0.0,1.3390555,0.36294713623349056,0.13979155278516694,369.0065760449999,-22615.338181000032,0.0,1.0,1.0,0,5.0,0.4155328829820815,0.21542391750541925,-103.77414200000001,1.9716354299999999,1,1,2.1571134401500003,1.7357476034741433,-1.4299316,9.350052,10.7799836,1.041824707260905,3.238238946047161,-108.25336873333333,9.84427314109908,-128.35635,-96.04385,32.312499999999986,-1.2878905898096684,-0.17353547396337587,0.024005035451505015,0.15775988893229026,-0.6049346999999998,1.1824036000000002,1.7873383,2.9134700621413234,15.822812087435683,0.09988280936454848,0.4500078875720971,-0.9623339999999985,2.970085999999995,3.9324199999999934,3.9626914469349197,17.818505113418716,0.18023584516475133,0.4531992289165691,0.0,3.042580768133405,3.042580768133405,3.918402551164779,16.46445259426117,0.0,0.0,0.0,0.0,1.0,0.0,0.0,0.0,0.0
202988,1.7324066,1506.3398,-104.23897,863.27014,143.89255,76561198430571269,0,258.3605307457736,0.4676056,0.77007294,1.3390555,-0.027465799999999874,-0.027469999999993888,-0.027465799999999874,-0.027469999999993888,-0.05493170000000003,-0.08274000000000115,0.900925818295604,0.0,1.3390555,0.4360445427933896,0.1724408638731935,370.7389826449999,-22719.57715100003,0.03884547682343026,-1.0,-1.0,1,5.0,0.37202372803725425,0.1839571896830399,-103.884143,1.9111419600000001,0,0,2.1571134401500003,1.7357476034741433,-1.4299316,9.350052,10.7799836,1.041824707260905,3.238238946047161,-108.25336873333333,9.84427314109908,-128.35635,-96.04385,32.312499999999986,-1.2878905898096684,-0.17353547396337587,0.024005035451505015,0.15775988893229026,-0.6049346999999998,1.1824036000000002,1.7873383,2.9134700621413234,15.822812087435683,0.09988280936454848,0.4500078875720971,-0.9623339999999985,2.970085999999995,3.9324199999999934,3.9626914469349197,17.818505113418716,0.18023584516475133,0.4531992289165691,0.0,3.042580768133405,3.042580768133405,3.918402551164779,16.46445259426117,0.0,0.0,0.0,0.0,1.0,0.0,0.0,0.0,0.0
202989,1.7324066,1506.8333,-104.23897,863.145,143.88281,76561198430571269,0,258.3605307457736,0.4676056,0.77007294,1.3390555,0.0,0.0,0.027465799999999874,0.027469999999993888,0.05493159999999975,0.054939999999987776,0.900925818295604,0.0,1.3390555,0.5092122712582998,0.20107754653401178,372.4713892449999,-22823.81612100003,0.0,1.0,1.0,1,5.0,0.3034400492930428,0.1456801442709703,-103.985904,1.8588882400000002,0,0,2.1571134401500003,1.7357476034741433,-1.4299316,9.350052,10.7799836,1.041824707260905,3.238238946047161,-108.25336873333333,9.84427314109908,-128.35635,-96.04385,32.312499999999986,-1.2878905898096684,-0.17353547396337587,0.024005035451505015,0.15775988893229026,-0.6049346999999998,1.1824036000000002,1.7873383,2.9134700621413234,15.822812087435683,0.09988280936454848,0.4500078875720971,-0.9623339999999985,2.970085999999995,3.9324199999999934,3.9626914469349197,17.818505113418716,0.18023584516475133,0.4531992289165691,0.0,3.042580768133405,3.042580768133405,3.918402551164779,16.46445259426117,0.0,0.0,0.0,0.0,1.0,0.0,0.0,0.0,0.0
202990,1.7324066,1507.3975,-104.23897,863.00183,143.87166,76561198430571269,0,258.3605307457736,0.4676056,0.77007294,1.3390555,0.0,0.0,0.0,0.0,-0.027465799999999874,-0.027469999999993888,0.900925818295604,0.0,1.3390555,0.582188639016612,0.22432582905364296,374.2037958449999,-22928.055091000027,0.0,0.0,0.0,1,6.0,0.23512197374618668,0.10957792520009371,-104.06840499999998,1.81762084,0,0,2.1571134401500003,1.7357476034741433,-1.4299316,9.350052,10.7799836,1.041824707260905,3.238238946047161,-108.25336873333333,9.84427314109908,-128.35635,-96.04385,32.312499999999986,-1.2878905898096684,-0.17353547396337587,0.024005035451505015,0.15775988893229026,-0.6049346999999998,1.1824036000000002,1.7873383,2.9134700621413234,15.822812087435683,0.09988280936454848,0.4500078875720971,-0.9623339999999985,2.970085999999995,3.9324199999999934,3.9626914469349197,17.818505113418716,0.18023584516475133,0.4531992289165691,0.0,3.042580768133405,3.042580768133405,3.918402551164779,16.46445259426117,0.0,0.0,0.0,0.0,1.0,0.0,0.0,0.0,0.0
202991,1.7324066,1508.0325,-104.23897,862.8406,143.8591,76561198430571269,0,258.3605307457736,0.4676056,0.77007294,1.3390555,0.0,0.0,0.0,0.0,0.0,0.0,0.900925818295604,0.0,1.3390555,0.6552693083763368,0.2403427095696298,375.9362024449999,-23032.294061000026,0.0,0.0,0.0,0,5.0,0.15345473476810736,0.07035637821461015,-104.13717299999999,1.78462676,0,0,2.1571134401500003,1.7357476034741433,-1.4299316,9.350052,10.7799836,1.041824707260905,3.238238946047161,-108.25336873333333,9.84427314109908,-128.35635,-96.04385,32.312499999999986,-1.2878905898096684,-0.17353547396337587,0.024005035451505015,0.15775988893229026,-0.6049346999999998,1.1824036000000002,1.7873383,2.9134700621413234,15.822812087435683,0.09988280936454848,0.4500078875720971,-0.9623339999999985,2.970085999999995,3.9324199999999934,3.9626914469349197,17.818505113418716,0.18023584516475133,0.4531992289165691,0.0,3.042580768133405,3.042580768133405,3.918402551164779,16.46445259426117,0.0,0.0,0.0,0.0,1.0,0.0,0.0,0.0,0.0
202992,1.7324066,1508.7125,-104.23897,862.6678,143.84564,76561198430571269,0,258.3605307457736,0.4676056,0.77007294,1.3390555,0.0,0.0,0.0,0.0,0.0,0.0,0.900925818295604,0.0,1.3390555,0.7017414136276022,0.24244111114718475,377.66860904499987,-23136.533031000024,0.0,0.0,0.0,0,4.0,0.08603149787191848,0.039801769247693984,-104.183934,1.7626190099999999,0,0,2.1571134401500003,1.7357476034741433,-1.4299316,9.350052,10.7799836,1.041824707260905,3.238238946047161,-108.25336873333333,9.84427314109908,-128.35635,-96.04385,32.312499999999986,-1.2878905898096684,-0.17353547396337587,0.024005035451505015,0.15775988893229026,-0.6049346999999998,1.1824036000000002,1.7873383,2.9134700621413234,15.822812087435683,0.09988280936454848,0.4500078875720971,-0.9623339999999985,2.970085999999995,3.9324199999999934,3.9626914469349197,17.818505113418716,0.18023584516475133,0.4531992289165691,0.0,3.042580768133405,3.042580768133405,3.918402551164779,16.46445259426117,0.0,0.0,0.0,0.0,1.0,0.0,0.0,0.0,0.0
202993,1.7324066,1509.297,-104.23897,862.5195,143.83409,76561198430571269,0,258.3605307457736,0.4676056,0.77007294,1.3390555,0.0,0.0,0.0,0.0,0.0,0.0,0.900925818295604,0.0,1.3390555,0.6031306181085007,0.21046499861063023,379.40101564499986,-23240.772001000023,0.0,0.0,0.0,0,3.0,0.05421801028643575,0.029095930392691118,-104.20868799999998,1.7516326800000002,0,0,2.1571134401500003,1.7357476034741433,-1.4299316,9.350052,10.7799836,1.041824707260905,3.238238946047161,-108.25336873333333,9.84427314109908,-128.35635,-96.04385,32.312499999999986,-1.2878905898096684,-0.17353547396337587,0.024005035451505015,0.15775988893229026,-0.6049346999999998,1.1824036000000002,1.7873383,2.9134700621413234,15.822812087435683,0.09988280936454848,0.4500078875720971,-0.9623339999999985,2.970085999999995,3.9324199999999934,3.9626914469349197,17.818505113418716,0.18023584516475133,0.4531992289165691,0.0,3.042580768133405,3.042580768133405,3.918402551164779,16.46445259426117,0.0,0.0,0.0,0.0,1.0,0.0,0.0,0.0,0.0
202994,1.7324066,1509.7638,-104.23897,862.4011,143.82487,76561198430571269,0,258.3605307457736,0.4676056,0.77007294,1.3390555,0.0,0.0,0.0,0.0,0.0,0.0,0.900925818295604,0.0,1.3390555,0.48166981263092956,0.1623071347211298,381.13342224499985,-23345.01097100002,0.0,0.0,0.0,0,3.0,0.02679040283133372,0.01920427480036625,-104.225202,1.74339293,0,0,2.1571134401500003,1.7357476034741433,-1.4299316,9.350052,10.7799836,1.041824707260905,3.238238946047161,-108.25336873333333,9.84427314109908,-128.35635,-96.04385,32.312499999999986,-1.2878905898096684,-0.17353547396337587,0.024005035451505015,0.15775988893229026,-0.6049346999999998,1.1824036000000002,1.7873383,2.9134700621413234,15.822812087435683,0.09988280936454848,0.4500078875720971,-0.9623339999999985,2.970085999999995,3.9324199999999934,3.9626914469349197,17.818505113418716,0.18023584516475133,0.4531992289165691,0.0,3.042580768133405,3.042580768133405,3.918402551164779,16.46445259426117,0.0,0.0,0.0,0.0,1.0,0.0,0.0,0.0,0.0
202995,1.7324066,1510.132,-104.23897,862.3077,143.8176,76561198430571269,0,258.3605307457736,0.4676056,0.77007294,1.3390555,0.0,0.0,0.0,0.0,0.0,0.0,0.900925818295604,0.0,1.3390555,0.3799311159935461,0.13503148619445493,382.86582884499984,-23449.24994100002,0.0,0.0,0.0,0,3.0,0.011582368951645196,0.011580598101109344,-104.233476,1.7378997600000001,0,0,2.1571134401500003,1.7357476034741433,-1.4299316,9.350052,10.7799836,1.041824707260905,3.238238946047161,-108.25336873333333,9.84427314109908,-128.35635,-96.04385,32.312499999999986,-1.2878905898096684,-0.17353547396337587,0.024005035451505015,0.15775988893229026,-0.6049346999999998,1.1824036000000002,1.7873383,2.9134700621413234,15.822812087435683,0.09988280936454848,0.4500078875720971,-0.9623339999999985,2.970085999999995,3.9324199999999934,3.9626914469349197,17.818505113418716,0.18023584516475133,0.4531992289165691,0.0,3.042580768133405,3.042580768133405,3.918402551164779,16.46445259426117,0.0,0.0,0.0,0.0,1.0,0.0,0.0,0.0,0.0
202996,1.7324066,1510.4015,-104.23897,862.2392,143.81227,76561198430571269,0,258.3605307457736,0.4676056,0.77007294,1.3390555,0.0,0.0,0.0,0.0,0.0,0.0,0.900925818295604,0.0,1.3390555,0.2781203137132045,0.13708526887400593,384.59823544499983,-23553.48891100002,0.0,0.0,0.0,0,3.0,0.008686776699158115,0.008685448575805905,-104.236223,1.73515318,0,0,2.1571134401500003,1.7357476034741433,-1.4299316,9.350052,10.7799836,1.041824707260905,3.238238946047161,-108.25336873333333,9.84427314109908,-128.35635,-96.04385,32.312499999999986,-1.2878905898096684,-0.17353547396337587,0.024005035451505015,0.15775988893229026,-0.6049346999999998,1.1824036000000002,1.7873383,2.9134700621413234,15.822812087435683,0.09988280936454848,0.4500078875720971,-0.9623339999999985,2.970085999999995,3.9324199999999934,3.9626914469349197,17.818505113418716,0.18023584516475133,0.4531992289165691,0.0,3.042580768133405,3.042580768133405,3.918402551164779,16.46445259426117,0.0,0.0,0.0,0.0,1.0,0.0,0.0,0.0,0.0
202997,1.7324066,1510.5724,-104.23897,862.1957,143.80888,76561198430571269,0,258.3605307457736,0.4676056,0.77007294,1.3390555,0.0,0.0,0.0,0.0,0.0,0.0,0.900925818295604,0.0,1.3390555,0.1763818360830419,0.1670769272412102,386.3306420449998,-23657.727881000017,0.0,0.0,0.0,0,3.0,0.0,0.0,-104.23897,1.7324066,0,0,2.1571134401500003,1.7357476034741433,-1.4299316,9.350052,10.7799836,1.041824707260905,3.238238946047161,-108.25336873333333,9.84427314109908,-128.35635,-96.04385,32.312499999999986,-1.2878905898096684,-0.17353547396337587,0.024005035451505015,0.15775988893229026,-0.6049346999999998,1.1824036000000002,1.7873383,2.9134700621413234,15.822812087435683,0.09988280936454848,0.4500078875720971,-0.9623339999999985,2.970085999999995,3.9324199999999934,3.9626914469349197,17.818505113418716,0.18023584516475133,0.4531992289165691,0.0,3.042580768133405,3.042580768133405,3.918402551164779,16.46445259426117,0.0,0.0,0.0,0.0,1.0,0.0,0.0,0.0,0.0
202998,1.7324066,1510.6447,-104.23897,862.1772,143.80743,76561198430571269,0,258.3605307457736,0.4676056,0.77007294,1.3390555,0.0,0.0,0.0,0.0,0.0,0.0,0.900925818295604,0.0,1.3390555,0.07464343574626317,0.2110344330070519,388.0630486449998,-23761.966851000016,0.0,0.0,0.0,0,2.0,0.0,0.0,-104.23897,1.7324066,0,0,2.1571134401500003,1.7357476034741433,-1.4299316,9.350052,10.7799836,1.041824707260905,3.238238946047161,-108.25336873333333,9.84427314109908,-128.35635,-96.04385,32.312499999999986,-1.2878905898096684,-0.17353547396337587,0.024005035451505015,0.15775988893229026,-0.6049346999999998,1.1824036000000002,1.7873383,2.9134700621413234,15.822812087435683,0.09988280936454848,0.4500078875720971,-0.9623339999999985,2.970085999999995,3.9324199999999934,3.9626914469349197,17.818505113418716,0.18023584516475133,0.4531992289165691,0.0,3.042580768133405,3.042580768133405,3.918402551164779,16.46445259426117,0.0,0.0,0.0,0.0,1.0,0.0,0.0,0.0,0.0
202999,1.7324066,1510.6447,-104.23897,862.1772,143.80743,76561198430571269,0,258.3605307457736,0.4676056,0.77007294,1.3390555,0.0,0.0,0.0,0.0,0.0,0.0,0.900925818295604,0.0,1.3390555,0.0,0.2512206923953119,389.7954552449998,-23866.205821000014,0.0,0.0,0.0,0,1.0,0.0,0.0,-104.23897,1.7324066,0,0,2.1571134401500003,1.7357476034741433,-1.4299316,9.350052,10.7799836,1.041824707260905,3.238238946047161,-108.25336873333333,9.84427314109908,-128.35635,-96.04385,32.312499999999986,-1.2878905898096684,-0.17353547396337587,0.024005035451505015,0.15775988893229026,-0.6049346999999998,1.1824036000000002,1.7873383,2.9134700621413234,15.822812087435683,0.09988280936454848,0.4500078875720971,-0.9623339999999985,2.970085999999995,3.9324199999999934,3.9626914469349197,17.818505113418716,0.18023584516475133,0.4531992289165691,0.0,3.042580768133405,3.042580768133405,3.918402551164779,16.46445259426117,0.0,0.0,0.0,0.0,1.0,0.0,0.0,0.0,0.0
203000,1.7324066,1510.6447,-104.23897,862.1772,143.80743,76561198430571269,0,258.3605307457736,0.4676056,0.77007294,1.3390555,0.0,0.0,0.0,0.0,0.0,0.0,0.900925818295604,0.0,1.3390555,0.0,0.26938758616211383,391.5278618449998,-23970.444791000013,0.0,0.0,0.0,0,0.0,0.0,0.0,-104.23897,1.7324066,0,0,2.1571134401500003,1.7357476034741433,-1.4299316,9.350052,10.7799836,1.041824707260905,3.238238946047161,-108.25336873333333,9.84427314109908,-128.35635,-96.04385,32.312499999999986,-1.2878905898096684,-0.17353547396337587,0.024005035451505015,0.15775988893229026,-0.6049346999999998,1.1824036000000002,1.7873383,2.9134700621413234,15.822812087435683,0.09988280936454848,0.4500078875720971,-0.9623339999999985,2.970085999999995,3.9324199999999934,3.9626914469349197,17.818505113418716,0.18023584516475133,0.4531992289165691,0.0,3.042580768133405,3.042580768133405,3.918402551164779,16.46445259426117,0.0,0.0,0.0,0.0,1.0,0.0,0.0,0.0,0.0
203001,1.7324066,1510.6447,-104.23897,862.1772,143.80743,76561198430571269,0,258.3605307457736,0.4676056,0.77007294,1.3390555,0.0,0.0,0.0,0.0,0.0,0.0,0.900925818295604,0.0,1.3390555,0.0,0.2624580780066111,393.2602684449998,-24074.68376100001,0.0,0.0,0.0,0,0.0,0.0,0.0,-104.23897,1.7324066,0,0,2.1571134401500003,1.7357476034741433,-1.4299316,9.350052,10.7799836,1.041824707260905,3.238238946047161,-108.25336873333333,9.84427314109908,-128.35635,-96.04385,32.312499999999986,-1.2878905898096684,-0.17353547396337587,0.024005035451505015,0.15775988893229026,-0.6049346999999998,1.1824036000000002,1.7873383,2.9134700621413234,15.822812087435683,0.09988280936454848,0.4500078875720971,-0.9623339999999985,2.970085999999995,3.9324199999999934,3.9626914469349197,17.818505113418716,0.18023584516475133,0.4531992289165691,0.0,3.042580768133405,3.042580768133405,3.918402551164779,16.46445259426117,0.0,0.0,0.0,0.0,1.0,0.0,0.0,0.0,0.0
203002,1.7324066,1510.6447,-104.23897,862.1772,143.80743,76561198430571269,0,258.3605307457736,0.4676056,0.77007294,1.3390555,0.0,0.0,0.0,0.0,0.0,0.0,0.900925818295604,0.0,1.3390555,0.0,0.2252402434534711,394.99267504499977,-24178.92273100001,0.0,0.0,0.0,0,0.0,0.0,0.0,-104.23897,1.7324066,0,0,2.1571134401500003,1.7357476034741433,-1.4299316,9.350052,10.7799836,1.041824707260905,3.238238946047161,-108.25336873333333,9.84427314109908,-128.35635,-96.04385,32.312499999999986,-1.2878905898096684,-0.17353547396337587,0.024005035451505015,0.15775988893229026,-0.6049346999999998,1.1824036000000002,1.7873383,2.9134700621413234,15.822812087435683,0.09988280936454848,0.4500078875720971,-0.9623339999999985,2.970085999999995,3.9324199999999934,3.9626914469349197,17.818505113418716,0.18023584516475133,0.4531992289165691,0.0,3.042580768133405,3.042580768133405,3.918402551164779,16.46445259426117,0.0,0.0,0.0,0.0,1.0,0.0,0.0,0.0,0.0
203003,1.7324066,1510.5752,-104.23897,862.1948,143.8088,76561198430571269,0,258.3605307457736,0.4676056,0.77007294,1.3390555,0.0,0.0,0.0,0.0,0.0,0.0,0.900925818295604,0.0,1.3390555,0.07170695154592126,0.17690281002806157,396.72508164499976,-24283.161701000008,0.0,0.0,0.0,0,0.0,0.0,0.0,-104.23897,1.7324066,0,0,2.1571134401500003,1.7357476034741433,-1.4299316,9.350052,10.7799836,1.041824707260905,3.238238946047161,-108.25336873333333,9.84427314109908,-128.35635,-96.04385,32.312499999999986,-1.2878905898096684,-0.17353547396337587,0.024005035451505015,0.15775988893229026,-0.6049346999999998,1.1824036000000002,1.7873383,2.9134700621413234,15.822812087435683,0.09988280936454848,0.4500078875720971,-0.9623339999999985,2.970085999999995,3.9324199999999934,3.9626914469349197,17.818505113418716,0.18023584516475133,0.4531992289165691,0.0,3.042580768133405,3.042580768133405,3.918402551164779,16.46445259426117,0.0,0.0,0.0,0.0,1.0,0.0,0.0,0.0,0.0
203004,1.7324066,1510.3772,-104.23897,862.2452,143.81273,76561198430571269,0,258.3605307457736,0.4676056,0.77007294,1.3390555,0.0,0.0,0.0,0.0,0.0,0.0,0.900925818295604,0.0,1.3390555,0.20435166967762575,0.1353299157511241,398.45748824499975,-24387.400671000007,0.0,0.0,0.0,0,0.0,0.0,0.0,-104.23897,1.7324066,0,0,2.1571134401500003,1.7357476034741433,-1.4299316,9.350052,10.7799836,1.041824707260905,3.238238946047161,-108.25336873333333,9.84427314109908,-128.35635,-96.04385,32.312499999999986,-1.2878905898096684,-0.17353547396337587,0.024005035451505015,0.15775988893229026,-0.6049346999999998,1.1824036000000002,1.7873383,2.9134700621413234,15.822812087435683,0.09988280936454848,0.4500078875720971,-0.9623339999999985,2.970085999999995,3.9324199999999934,3.9626914469349197,17.818505113418716,0.18023584516475133,0.4531992289165691,0.0,3.042580768133405,3.042580768133405,3.918402551164779,16.46445259426117,0.0,0.0,0.0,0.0,1.0,0.0,0.0,0.0,0.0
203005,1.7324066,1510.0923,-104.23897,862.3175,143.81836,76561198430571269,0,258.3605307457736,0.4676056,0.77007294,1.3390555,0.0,0.0,0.0,0.0,0.0,0.0,0.900925818295604,0.0,1.3390555,0.2939846882066099,0.1185748565800529,400.18989484499974,-24491.639641000005,0.0,0.0,0.0,0,0.0,0.0,0.0,-104.23897,1.7324066,0,0,2.1571134401500003,1.7357476034741433,-1.4299316,9.350052,10.7799836,1.041824707260905,3.238238946047161,-108.25336873333333,9.84427314109908,-128.35635,-96.04385,32.312499999999986,-1.2878905898096684,-0.17353547396337587,0.024005035451505015,0.15775988893229026,-0.6049346999999998,1.1824036000000002,1.7873383,2.9134700621413234,15.822812087435683,0.09988280936454848,0.4500078875720971,-0.9623339999999985,2.970085999999995,3.9324199999999934,3.9626914469349197,17.818505113418716,0.18023584516475133,0.4531992289165691,0.0,3.042580768133405,3.042580768133405,3.918402551164779,16.46445259426117,0.0,0.0,0.0,0.0,1.0,0.0,0.0,0.0,0.0
203006,1.7324066,1509.7366,-104.23897,862.4079,143.82541,76561198430571269,0,258.3605307457736,0.4676056,0.77007294,1.3390555,0.0,0.0,0.0,0.0,0.0,0.0,0.900925818295604,0.0,1.3390555,0.36707540437906994,0.13481939472212817,401.92230144499973,-24595.878611000004,0.0,0.0,0.0,0,0.0,0.0,0.0,-104.23897,1.7324066,0,0,2.1571134401500003,1.7357476034741433,-1.4299316,9.350052,10.7799836,1.041824707260905,3.238238946047161,-108.25336873333333,9.84427314109908,-128.35635,-96.04385,32.312499999999986,-1.2878905898096684,-0.17353547396337587,0.024005035451505015,0.15775988893229026,-0.6049346999999998,1.1824036000000002,1.7873383,2.9134700621413234,15.822812087435683,0.09988280936454848,0.4500078875720971,-0.9623339999999985,2.970085999999995,3.9324199999999934,3.9626914469349197,17.818505113418716,0.18023584516475133,0.4531992289165691,0.0,3.042580768133405,3.042580768133405,3.918402551164779,16.46445259426117,0.0,0.0,0.0,0.0,1.0,0.0,0.0,0.0,0.0
203007,1.7324066,1509.31,-104.18404,862.5162,143.83383,76561198430571269,0,258.3605307457736,0.4676056,0.77007294,1.3390555,0.0,0.05492999999999881,0.0,0.05492999999999881,0.0,0.05492999999999881,0.900925818295604,0.0,1.3390555,0.44021284215706774,0.1688551951769394,403.6547080449997,-24700.062651000004,0.05492999999999881,1.0,0.0,1,1.0,0.01737039117063763,0.0,-104.233477,1.7324066,0,1,2.1571134401500003,1.7357476034741433,-1.4299316,9.350052,10.7799836,1.041824707260905,3.238238946047161,-108.25336873333333,9.84427314109908,-128.35635,-96.04385,32.312499999999986,-1.2878905898096684,-0.17353547396337587,0.024005035451505015,0.15775988893229026,-0.6049346999999998,1.1824036000000002,1.7873383,2.9134700621413234,15.822812087435683,0.09988280936454848,0.4500078875720971,-0.9623339999999985,2.970085999999995,3.9324199999999934,3.9626914469349197,17.818505113418716,0.18023584516475133,0.4531992289165691,0.0,3.042580768133405,3.042580768133405,3.918402551164779,16.46445259426117,0.0,0.0,0.0,0.0,1.0,0.0,0.0,0.0,0.0
203008,1.7324066,1508.8127,-104.15623,862.642,143.84363,76561198430571269,0,258.3605307457736,0.4676056,0.77007294,1.3390555,0.0,0.027810000000002333,0.0,-0.02711999999999648,0.0,-0.0820499999999953,0.900925818295604,0.0,1.3390555,0.5130584469629187,0.2021362910080922,405.3871146449997,-24804.218881000004,0.027810000000002333,-1.0,0.0,1,2.0,0.0297543826926496,0.0,-104.225203,1.7324066,0,0,2.1571134401500003,1.7357476034741433,-1.4299316,9.350052,10.7799836,1.041824707260905,3.238238946047161,-108.25336873333333,9.84427314109908,-128.35635,-96.04385,32.312499999999986,-1.2878905898096684,-0.17353547396337587,0.024005035451505015,0.15775988893229026,-0.6049346999999998,1.1824036000000002,1.7873383,2.9134700621413234,15.822812087435683,0.09988280936454848,0.4500078875720971,-0.9623339999999985,2.970085999999995,3.9324199999999934,3.9626914469349197,17.818505113418716,0.18023584516475133,0.4531992289165691,0.0,3.042580768133405,3.042580768133405,3.918402551164779,16.46445259426117,0.0,0.0,0.0,0.0,1.0,0.0,0.0,0.0,0.0
203009,1.7324066,1508.2445,-104.046364,862.7852,143.85478,76561198430571269,0,258.3605307457736,0.4676056,0.77007294,1.3390555,0.0,0.10986599999999669,0.0,0.08205599999999436,0.0,0.10917599999999084,0.900925818295604,0.0,1.3390555,0.5860732057515671,0.22491577626228895,407.1195212449997,-24908.265245000006,0.10986599999999669,1.0,0.0,1,3.0,0.0632912668305822,0.0,-104.2059424,1.7324066,0,1,2.1571134401500003,1.7357476034741433,-1.4299316,9.350052,10.7799836,1.041824707260905,3.238238946047161,-108.25336873333333,9.84427314109908,-128.35635,-96.04385,32.312499999999986,-1.2878905898096684,-0.17353547396337587,0.024005035451505015,0.15775988893229026,-0.6049346999999998,1.1824036000000002,1.7873383,2.9134700621413234,15.822812087435683,0.09988280936454848,0.4500078875720971,-0.9623339999999985,2.970085999999995,3.9324199999999934,3.9626914469349197,17.818505113418716,0.18023584516475133,0.4531992289165691,0.0,3.042580768133405,3.042580768133405,3.918402551164779,16.46445259426117,0.0,0.0,0.0,0.0,1.0,0.0,0.0,0.0,0.0
203010,1.7324066,1507.6055,-103.9365,862.94574,143.86728,76561198430571269,0,258.3605307457736,0.4676056,0.77007294,1.3390555,0.0,0.10986400000000174,0.0,-1.9999999949504854e-06,0.0,-0.0820579999999893,0.900925818295604,0.0,1.3390555,0.6589767382845527,0.24030603996605696,408.8519278449997,-25012.201745000006,0.10986400000000174,-1.0,0.0,1,4.0,0.10456876237362804,0.0,-104.1756954,1.7324066,0,0,2.1571134401500003,1.7357476034741433,-1.4299316,9.350052,10.7799836,1.041824707260905,3.238238946047161,-108.25336873333333,9.84427314109908,-128.35635,-96.04385,32.312499999999986,-1.2878905898096684,-0.17353547396337587,0.024005035451505015,0.15775988893229026,-0.6049346999999998,1.1824036000000002,1.7873383,2.9134700621413234,15.822812087435683,0.09988280936454848,0.4500078875720971,-0.9623339999999985,2.970085999999995,3.9324199999999934,3.9626914469349197,17.818505113418716,0.18023584516475133,0.4531992289165691,0.0,3.042580768133405,3.042580768133405,3.918402551164779,16.46445259426117,0.0,0.0,0.0,0.0,1.0,0.0,0.0,0.0,0.0
203011,1.7324066,1506.9814,-103.909035,863.1022,143.87947,76561198430571269,0,258.3605307457736,0.4676056,0.77007294,1.3390555,0.0,0.0274649999999923,0.0,-0.08239900000000944,0.0,-0.08239700000001449,0.900925818295604,0.0,1.3390555,0.6435286611332943,0.23306891334267854,410.5843344449997,-25116.110780000006,0.0274649999999923,-1.0,0.0,0,4.0,0.13107674515321888,0.0,-104.14270189999999,1.7324066,0,0,2.1571134401500003,1.7357476034741433,-1.4299316,9.350052,10.7799836,1.041824707260905,3.238238946047161,-108.25336873333333,9.84427314109908,-128.35635,-96.04385,32.312499999999986,-1.2878905898096684,-0.17353547396337587,0.024005035451505015,0.15775988893229026,-0.6049346999999998,1.1824036000000002,1.7873383,2.9134700621413234,15.822812087435683,0.09988280936454848,0.4500078875720971,-0.9623339999999985,2.970085999999995,3.9324199999999934,3.9626914469349197,17.818505113418716,0.18023584516475133,0.4531992289165691,0.0,3.042580768133405,3.042580768133405,3.918402551164779,16.46445259426117,0.0,0.0,0.0,0.0,1.0,0.0,0.0,0.0,0.0
203012,1.7324066,1506.4526,-103.88157,863.2347,143.88979,76561198430571269,0,258.3605307457736,0.4676056,0.77007294,1.3390555,0.0,0.027465000000006512,0.0,1.4210854715202004e-14,0.0,0.08239900000002365,0.900925818295604,0.0,1.3390555,0.5452450755392405,0.19560738273496703,412.3167410449997,-25219.992350000008,0.027465000000006512,1.0,0.0,1,5.0,0.14936118200137907,0.0,-104.10696189999999,1.7324066,0,0,2.1571134401500003,1.7357476034741433,-1.4299316,9.350052,10.7799836,1.041824707260905,3.238238946047161,-108.25336873333333,9.84427314109908,-128.35635,-96.04385,32.312499999999986,-1.2878905898096684,-0.17353547396337587,0.024005035451505015,0.15775988893229026,-0.6049346999999998,1.1824036000000002,1.7873383,2.9134700621413234,15.822812087435683,0.09988280936454848,0.4500078875720971,-0.9623339999999985,2.970085999999995,3.9324199999999934,3.9626914469349197,17.818505113418716,0.18023584516475133,0.4531992289165691,0.0,3.042580768133405,3.042580768133405,3.918402551164779,16.46445259426117,0.0,0.0,0.0,0.0,1.0,0.0,0.0,0.0,0.0
203013,1.7324066,1506.045,-103.85376,863.33673,143.89774,76561198430571269,0,258.3605307457736,0.4676056,0.77007294,1.3390555,0.0,0.027810000000002333,0.0,0.00034499999999582087,0.0,0.00034499999998161,0.900925818295604,0.0,1.3390555,0.4202512146323963,0.1499055797020831,414.04914764499966,-25323.84611000001,0.027810000000002333,1.0,0.0,0,5.0,0.16077080079266162,0.0,-104.0684409,1.7324066,0,1,2.1571134401500003,1.7357476034741433,-1.4299316,9.350052,10.7799836,1.041824707260905,3.238238946047161,-108.25336873333333,9.84427314109908,-128.35635,-96.04385,32.312499999999986,-1.2878905898096684,-0.17353547396337587,0.024005035451505015,0.15775988893229026,-0.6049346999999998,1.1824036000000002,1.7873383,2.9134700621413234,15.822812087435683,0.09988280936454848,0.4500078875720971,-0.9623339999999985,2.970085999999995,3.9324199999999934,3.9626914469349197,17.818505113418716,0.18023584516475133,0.4531992289165691,0.0,3.042580768133405,3.042580768133405,3.918402551164779,16.46445259426117,0.0,0.0,0.0,0.0,1.0,0.0,0.0,0.0,0.0
203014,1.7324066,1505.7361,-103.85376,863.41394,143.90375,76561198430571269,0,258.3605307457736,0.4676056,0.77007294,1.3390555,0.0,0.0,0.0,-0.027810000000002333,0.0,-0.028154999999998154,0.900925818295604,0.0,1.3390555,0.3184599098787822,0.13079251951375745,415.78155424499965,-25427.69987000001,0.0,-1.0,0.0,1,6.0,0.1615185899020808,0.0,-104.02991990000001,1.7324066,0,0,2.1571134401500003,1.7357476034741433,-1.4299316,9.350052,10.7799836,1.041824707260905,3.238238946047161,-108.25336873333333,9.84427314109908,-128.35635,-96.04385,32.312499999999986,-1.2878905898096684,-0.17353547396337587,0.024005035451505015,0.15775988893229026,-0.6049346999999998,1.1824036000000002,1.7873383,2.9134700621413234,15.822812087435683,0.09988280936454848,0.4500078875720971,-0.9623339999999985,2.970085999999995,3.9324199999999934,3.9626914469349197,17.818505113418716,0.18023584516475133,0.4531992289165691,0.0,3.042580768133405,3.042580768133405,3.918402551164779,16.46445259426117,0.0,0.0,0.0,0.0,1.0,0.0,0.0,0.0,0.0
203015,1.7324066,1505.5258,-103.85376,863.4667,143.90785,76561198430571269,0,258.3605307457736,0.4676056,0.77007294,1.3390555,0.0,0.0,0.0,0.0,0.0,0.027810000000002333,0.900925818295604,0.0,1.3390555,0.21685598354684818,0.1444551999426077,417.51396084499964,-25531.553630000013,0.0,0.0,0.0,1,7.0,0.15176223567863545,0.0,-103.9913989,1.7324066,0,0,2.1571134401500003,1.7357476034741433,-1.4299316,9.350052,10.7799836,1.041824707260905,3.238238946047161,-108.25336873333333,9.84427314109908,-128.35635,-96.04385,32.312499999999986,-1.2878905898096684,-0.17353547396337587,0.024005035451505015,0.15775988893229026,-0.6049346999999998,1.1824036000000002,1.7873383,2.9134700621413234,15.822812087435683,0.09988280936454848,0.4500078875720971,-0.9623339999999985,2.970085999999995,3.9324199999999934,3.9626914469349197,17.818505113418716,0.18023584516475133,0.4531992289165691,0.0,3.042580768133405,3.042580768133405,3.918402551164779,16.46445259426117,0.0,0.0,0.0,0.0,1.0,0.0,0.0,0.0,0.0
203016,1.7324066,1505.4141,-103.85376,863.49457,143.91002,76561198430571269,0,258.3605307457736,0.4676056,0.77007294,1.3390555,0.0,0.0,0.0,0.0,0.0,0.0,0.900925818295604,0.0,1.3390555,0.11514484704051821,0.18174407635373774,419.24636744499963,-25635.407390000015,0.0,0.0,0.0,0,7.0,0.1291426121393564,0.0,-103.9528779,1.7324066,0,0,2.1571134401500003,1.7357476034741433,-1.4299316,9.350052,10.7799836,1.041824707260905,3.238238946047161,-108.25336873333333,9.84427314109908,-128.35635,-96.04385,32.312499999999986,-1.2878905898096684,-0.17353547396337587,0.024005035451505015,0.15775988893229026,-0.6049346999999998,1.1824036000000002,1.7873383,2.9134700621413234,15.822812087435683,0.09988280936454848,0.4500078875720971,-0.9623339999999985,2.970085999999995,3.9324199999999934,3.9626914469349197,17.818505113418716,0.18023584516475133,0.4531992289165691,0.0,3.042580768133405,3.042580768133405,3.918402551164779,16.46445259426117,0.0,0.0,0.0,0.0,1.0,0.0,0.0,0.0,0.0
203017,1.7324066,1505.4141,-103.85376,863.49457,143.91002,76561198430571269,0,258.3605307457736,0.4676056,0.77007294,1.3390555,0.0,0.0,0.0,0.0,0.0,0.0,0.900925818295604,0.0,1.3390555,0.0,0.23011805516323489,420.9787740449996,-25739.261150000017,0.0,0.0,0.0,0,6.0,0.10305353636477521,0.0,-103.91984989999999,1.7324066,0,0,2.1571134401500003,1.7357476034741433,-1.4299316,9.350052,10.7799836,1.041824707260905,3.238238946047161,-108.25336873333333,9.84427314109908,-128.35635,-96.04385,32.312499999999986,-1.2878905898096684,-0.17353547396337587,0.024005035451505015,0.15775988893229026,-0.6049346999999998,1.1824036000000002,1.7873383,2.9134700621413234,15.822812087435683,0.09988280936454848,0.4500078875720971,-0.9623339999999985,2.970085999999995,3.9324199999999934,3.9626914469349197,17.818505113418716,0.18023584516475133,0.4531992289165691,0.0,3.042580768133405,3.042580768133405,3.918402551164779,16.46445259426117,0.0,0.0,0.0,0.0,1.0,0.0,0.0,0.0,0.0
203018,1.7324066,1505.4141,-103.85376,863.49457,143.91002,76561198430571269,0,258.3605307457736,0.4676056,0.77007294,1.3390555,0.0,0.0,0.0,0.0,0.0,0.0,0.900925818295604,0.0,1.3390555,0.0,0.25804588802417683,422.7111806449996,-25843.11491000002,0.0,0.0,0.0,0,5.0,0.06229303093851515,0.0,-103.8896029,1.7324066,0,0,2.1571134401500003,1.7357476034741433,-1.4299316,9.350052,10.7799836,1.041824707260905,3.238238946047161,-108.25336873333333,9.84427314109908,-128.35635,-96.04385,32.312499999999986,-1.2878905898096684,-0.17353547396337587,0.024005035451505015,0.15775988893229026,-0.6049346999999998,1.1824036000000002,1.7873383,2.9134700621413234,15.822812087435683,0.09988280936454848,0.4500078875720971,-0.9623339999999985,2.970085999999995,3.9324199999999934,3.9626914469349197,17.818505113418716,0.18023584516475133,0.4531992289165691,0.0,3.042580768133405,3.042580768133405,3.918402551164779,16.46445259426117,0.0,0.0,0.0,0.0,1.0,0.0,0.0,0.0,0.0
203019,1.7324066,1505.4141,-103.85376,863.49457,143.91002,76561198430571269,0,258.3605307457736,0.4676056,0.77007294,1.3390555,0.0,0.0,0.0,0.0,0.0,0.0,0.900925818295604,0.0,1.3390555,0.0,0.26504549444605624,424.4435872449996,-25946.96867000002,0.0,0.0,0.0,0,4.0,0.02967384979920586,0.0,-103.87034249999999,1.7324066,0,0,2.1571134401500003,1.7357476034741433,-1.4299316,9.350052,10.7799836,1.041824707260905,3.238238946047161,-108.25336873333333,9.84427314109908,-128.35635,-96.04385,32.312499999999986,-1.2878905898096684,-0.17353547396337587,0.024005035451505015,0.15775988893229026,-0.6049346999999998,1.1824036000000002,1.7873383,2.9134700621413234,15.822812087435683,0.09988280936454848,0.4500078875720971,-0.9623339999999985,2.970085999999995,3.9324199999999934,3.9626914469349197,17.818505113418716,0.18023584516475133,0.4531992289165691,0.0,3.042580768133405,3.042580768133405,3.918402551164779,16.46445259426117,0.0,0.0,0.0,0.0,1.0,0.0,0.0,0.0,0.0
203020,1.7324066,1505.4802,-103.85376,863.4782,143.90875,76561198430571269,0,258.3605307457736,0.4676056,0.77007294,1.3390555,0.0,0.0,0.0,0.0,0.0,0.0,0.900925818295604,0.0,1.3390555,0.06810873512258728,0.2386543756819374,426.1759938449996,-26050.822430000022,0.0,0.0,0.0,0,3.0,0.01867383789973376,0.0,-103.86206849999999,1.7324066,0,0,2.1571134401500003,1.7357476034741433,-1.4299316,9.350052,10.7799836,1.041824707260905,3.238238946047161,-108.25336873333333,9.84427314109908,-128.35635,-96.04385,32.312499999999986,-1.2878905898096684,-0.17353547396337587,0.024005035451505015,0.15775988893229026,-0.6049346999999998,1.1824036000000002,1.7873383,2.9134700621413234,15.822812087435683,0.09988280936454848,0.4500078875720971,-0.9623339999999985,2.970085999999995,3.9324199999999934,3.9626914469349197,17.818505113418716,0.18023584516475133,0.4531992289165691,0.0,3.042580768133405,3.042580768133405,3.918402551164779,16.46445259426117,0.0,0.0,0.0,0.0,1.0,0.0,0.0,0.0,0.0
203021,1.7324066,1505.6771,-103.85376,863.42957,143.90497,76561198430571269,0,258.3605307457736,0.4676056,0.77007294,1.3390555,0.0,0.0,0.0,0.0,0.0,0.0,0.900925818295604,0.0,1.3390555,0.2028516090644983,0.19013056933425487,427.9084004449996,-26154.676190000024,0.0,0.0,0.0,0,3.0,0.008794294139114329,0.0,-103.85654099999999,1.7324066,0,0,2.1571134401500003,1.7357476034741433,-1.4299316,9.350052,10.7799836,1.041824707260905,3.238238946047161,-108.25336873333333,9.84427314109908,-128.35635,-96.04385,32.312499999999986,-1.2878905898096684,-0.17353547396337587,0.024005035451505015,0.15775988893229026,-0.6049346999999998,1.1824036000000002,1.7873383,2.9134700621413234,15.822812087435683,0.09988280936454848,0.4500078875720971,-0.9623339999999985,2.970085999999995,3.9324199999999934,3.9626914469349197,17.818505113418716,0.18023584516475133,0.4531992289165691,0.0,3.042580768133405,3.042580768133405,3.918402551164779,16.46445259426117,0.0,0.0,0.0,0.0,1.0,0.0,0.0,0.0,0.0
203022,1.7324066,1505.9615,-103.85376,863.3595,143.8995,76561198430571269,0,258.3605307457736,0.4676056,0.77007294,1.3390555,0.0,0.0,0.0,0.0,0.0,0.0,0.900925818295604,0.0,1.3390555,0.29295577447777293,0.15008235440970535,429.6408070449996,-26258.529950000026,0.0,0.0,0.0,0,2.0,0.0,0.0,-103.85376,1.7324066,0,0,2.1571134401500003,1.7357476034741433,-1.4299316,9.350052,10.7799836,1.041824707260905,3.238238946047161,-108.25336873333333,9.84427314109908,-128.35635,-96.04385,32.312499999999986,-1.2878905898096684,-0.17353547396337587,0.024005035451505015,0.15775988893229026,-0.6049346999999998,1.1824036000000002,1.7873383,2.9134700621413234,15.822812087435683,0.09988280936454848,0.4500078875720971,-0.9623339999999985,2.970085999999995,3.9324199999999934,3.9626914469349197,17.818505113418716,0.18023584516475133,0.4531992289165691,0.0,3.042580768133405,3.042580768133405,3.918402551164779,16.46445259426117,0.0,0.0,0.0,0.0,1.0,0.0,0.0,0.0,0.0
203023,1.7324066,1506.3169,-103.85376,863.2719,143.89268,76561198430571269,0,258.3605307457736,0.4676056,0.77007294,1.3390555,0.0,0.0,0.0,0.0,0.0,0.0,0.900925818295604,0.0,1.3390555,0.36610030374217717,0.1404559459062331,431.37321364499957,-26362.383710000027,0.0,0.0,0.0,0,2.0,0.0,0.0,-103.85376,1.7324066,0,0,2.1571134401500003,1.7357476034741433,-1.4299316,9.350052,10.7799836,1.041824707260905,3.238238946047161,-108.25336873333333,9.84427314109908,-128.35635,-96.04385,32.312499999999986,-1.2878905898096684,-0.17353547396337587,0.024005035451505015,0.15775988893229026,-0.6049346999999998,1.1824036000000002,1.7873383,2.9134700621413234,15.822812087435683,0.09988280936454848,0.4500078875720971,-0.9623339999999985,2.970085999999995,3.9324199999999934,3.9626914469349197,17.818505113418716,0.18023584516475133,0.4531992289165691,0.0,3.042580768133405,3.042580768133405,3.918402551164779,16.46445259426117,0.0,0.0,0.0,0.0,1.0,0.0,0.0,0.0,0.0
203024,1.7324066,1506.743,-103.85376,863.1668,143.88449,76561198430571269,0,258.3605307457736,0.4676056,0.77007294,1.3390555,0.0,0.0,0.0,0.0,0.0,0.0,0.900925818295604,0.0,1.3390555,0.4389468032688226,0.1596076337390718,433.10562024499956,-26466.23747000003,0.0,0.0,0.0,0,1.0,0.0,0.0,-103.85376,1.7324066,0,0,2.1571134401500003,1.7357476034741433,-1.4299316,9.350052,10.7799836,1.041824707260905,3.238238946047161,-108.25336873333333,9.84427314109908,-128.35635,-96.04385,32.312499999999986,-1.2878905898096684,-0.17353547396337587,0.024005035451505015,0.15775988893229026,-0.6049346999999998,1.1824036000000002,1.7873383,2.9134700621413234,15.822812087435683,0.09988280936454848,0.4500078875720971,-0.9623339999999985,2.970085999999995,3.9324199999999934,3.9626914469349197,17.818505113418716,0.18023584516475133,0.4531992289165691,0.0,3.042580768133405,3.042580768133405,3.918402551164779,16.46445259426117,0.0,0.0,0.0,0.0,1.0,0.0,0.0,0.0,0.0
203025,1.7324066,1507.24,-103.85376,863.0441,143.87495,76561198430571269,0,258.3605307457736,0.4676056,0.77007294,1.3390555,0.0,0.0,0.0,0.0,0.0,0.0,0.900925818295604,0.0,1.3390555,0.512011036599869,0.19301090266910045,434.83802684499955,-26570.09123000003,0.0,0.0,0.0,0,0.0,0.0,0.0,-103.85376,1.7324066,0,0,2.1571134401500003,1.7357476034741433,-1.4299316,9.350052,10.7799836,1.041824707260905,3.238238946047161,-108.25336873333333,9.84427314109908,-128.35635,-96.04385,32.312499999999986,-1.2878905898096684,-0.17353547396337587,0.024005035451505015,0.15775988893229026,-0.6049346999999998,1.1824036000000002,1.7873383,2.9134700621413234,15.822812087435683,0.09988280936454848,0.4500078875720971,-0.9623339999999985,2.970085999999995,3.9324199999999934,3.9626914469349197,17.818505113418716,0.18023584516475133,0.4531992289165691,0.0,3.042580768133405,3.042580768133405,3.918402551164779,16.46445259426117,0.0,0.0,0.0,0.0,1.0,0.0,0.0,0.0,0.0
203026,1.7324066,1507.8077,-103.85376,862.9039,143.86403,76561198430571269,0,258.3605307457736,0.4676056,0.77007294,1.3390555,0.0,0.0,0.0,0.0,0.0,0.0,0.900925818295604,0.0,1.3390555,0.5848577403095978,0.22472094322185604,436.57043344499954,-26673.944990000033,0.0,0.0,0.0,0,0.0,0.0,0.0,-103.85376,1.7324066,0,0,2.1571134401500003,1.7357476034741433,-1.4299316,9.350052,10.7799836,1.041824707260905,3.238238946047161,-108.25336873333333,9.84427314109908,-128.35635,-96.04385,32.312499999999986,-1.2878905898096684,-0.17353547396337587,0.024005035451505015,0.15775988893229026,-0.6049346999999998,1.1824036000000002,1.7873383,2.9134700621413234,15.822812087435683,0.09988280936454848,0.4500078875720971,-0.9623339999999985,2.970085999999995,3.9324199999999934,3.9626914469349197,17.818505113418716,0.18023584516475133,0.4531992289165691,0.0,3.042580768133405,3.042580768133405,3.918402551164779,16.46445259426117,0.0,0.0,0.0,0.0,1.0,0.0,0.0,0.0,0.0
203027,1.7324066,1508.4463,-103.85376,862.7461,143.85175,76561198430571269,0,258.3605307457736,0.4676056,0.77007294,1.3390555,0.0,0.0,0.0,0.0,0.0,0.0,0.900925818295604,0.0,1.3390555,0.657922182632579,0.24027896861621786,438.3028400449995,-26777.798750000034,0.0,0.0,0.0,0,0.0,0.0,0.0,-103.85376,1.7324066,0,0,2.1571134401500003,1.7357476034741433,-1.4299316,9.350052,10.7799836,1.041824707260905,3.238238946047161,-108.25336873333333,9.84427314109908,-128.35635,-96.04385,32.312499999999986,-1.2878905898096684,-0.17353547396337587,0.024005035451505015,0.15775988893229026,-0.6049346999999998,1.1824036000000002,1.7873383,2.9134700621413234,15.822812087435683,0.09988280936454848,0.4500078875720971,-0.9623339999999985,2.970085999999995,3.9324199999999934,3.9626914469349197,17.818505113418716,0.18023584516475133,0.4531992289165691,0.0,3.042580768133405,3.042580768133405,3.918402551164779,16.46445259426117,0.0,0.0,0.0,0.0,1.0,0.0,0.0,0.0,0.0
203028,1.7324066,1509.1533,-103.85376,862.5713,143.83812,76561198430571269,0,258.3605307457736,0.4676056,0.77007294,1.3390555,0.0,0.0,0.0,0.0,0.0,0.0,0.900925818295604,0.0,1.3390555,0.728415964198913,0.24541533880662422,440.0352466449995,-26881.652510000036,0.0,0.0,0.0,0,0.0,0.0,0.0,-103.85376,1.7324066,0,0,2.1571134401500003,1.7357476034741433,-1.4299316,9.350052,10.7799836,1.041824707260905,3.238238946047161,-108.25336873333333,9.84427314109908,-128.35635,-96.04385,32.312499999999986,-1.2878905898096684,-0.17353547396337587,0.024005035451505015,0.15775988893229026,-0.6049346999999998,1.1824036000000002,1.7873383,2.9134700621413234,15.822812087435683,0.09988280936454848,0.4500078875720971,-0.9623339999999985,2.970085999999995,3.9324199999999934,3.9626914469349197,17.818505113418716,0.18023584516475133,0.4531992289165691,0.0,3.042580768133405,3.042580768133405,3.918402551164779,16.46445259426117,0.0,0.0,0.0,0.0,1.0,0.0,0.0,0.0,0.0
203029,1.7324066,1509.762,-103.88157,862.4207,143.8264,76561198430571269,0,258.3605307457736,0.4676056,0.77007294,1.3390555,0.0,-0.027810000000002333,0.0,-0.027810000000002333,0.0,-0.027810000000002333,0.900925818295604,0.0,1.3390555,0.6271629839204325,0.2141833480296262,441.7676532449995,-26985.534080000038,0.027810000000002333,-1.0,0.0,1,1.0,0.008794294139114329,0.0,-103.85654099999999,1.7324066,0,0,2.1571134401500003,1.7357476034741433,-1.4299316,9.350052,10.7799836,1.041824707260905,3.238238946047161,-108.25336873333333,9.84427314109908,-128.35635,-96.04385,32.312499999999986,-1.2878905898096684,-0.17353547396337587,0.024005035451505015,0.15775988893229026,-0.6049346999999998,1.1824036000000002,1.7873383,2.9134700621413234,15.822812087435683,0.09988280936454848,0.4500078875720971,-0.9623339999999985,2.970085999999995,3.9324199999999934,3.9626914469349197,17.818505113418716,0.18023584516475133,0.4531992289165691,0.0,3.042580768133405,3.042580768133405,3.918402551164779,16.46445259426117,0.0,0.0,0.0,0.0,1.0,0.0,0.0,0.0,0.0
203030,1.7324066,1510.269,-103.96397,862.2954,143.81665,76561198430571269,0,258.3605307457736,0.4676056,0.77007294,1.3390555,0.0,-0.08240000000000691,0.0,-0.05459000000000458,0.0,-0.026780000000002246,0.900925818295604,0.0,1.3390555,0.522344859743132,0.16783188728055004,443.5000598449995,-27089.49805000004,0.08240000000000691,-1.0,0.0,0,1.0,0.03498362816241074,0.0,-103.86756199999999,1.7324066,0,0,2.1571134401500003,1.7357476034741433,-1.4299316,9.350052,10.7799836,1.041824707260905,3.238238946047161,-108.25336873333333,9.84427314109908,-128.35635,-96.04385,32.312499999999986,-1.2878905898096684,-0.17353547396337587,0.024005035451505015,0.15775988893229026,-0.6049346999999998,1.1824036000000002,1.7873383,2.9134700621413234,15.822812087435683,0.09988280936454848,0.4500078875720971,-0.9623339999999985,2.970085999999995,3.9324199999999934,3.9626914469349197,17.818505113418716,0.18023584516475133,0.4531992289165691,0.0,3.042580768133405,3.042580768133405,3.918402551164779,16.46445259426117,0.0,0.0,0.0,0.0,1.0,0.0,0.0,0.0,0.0
203031,1.7324066,1510.6775,-104.0189,862.1945,143.80879,76561198430571269,0,258.3605307457736,0.4676056,0.77007294,1.3390555,0.0,-0.05492999999999881,0.0,0.0274700000000081,0.0,0.08206000000001268,0.900925818295604,0.0,1.3390555,0.42085013912318975,0.13728293599838443,445.2324664449995,-27193.516950000037,0.05492999999999881,1.0,0.0,1,2.0,0.05868963682386997,0.0,-103.88407600000001,1.7324066,0,1,2.1571134401500003,1.7357476034741433,-1.4299316,9.350052,10.7799836,1.041824707260905,3.238238946047161,-108.25336873333333,9.84427314109908,-128.35635,-96.04385,32.312499999999986,-1.2878905898096684,-0.17353547396337587,0.024005035451505015,0.15775988893229026,-0.6049346999999998,1.1824036000000002,1.7873383,2.9134700621413234,15.822812087435683,0.09988280936454848,0.4500078875720971,-0.9623339999999985,2.970085999999995,3.9324199999999934,3.9626914469349197,17.818505113418716,0.18023584516475133,0.4531992289165691,0.0,3.042580768133405,3.042580768133405,3.918402551164779,16.46445259426117,0.0,0.0,0.0,0.0,1.0,0.0,0.0,0.0,0.0
203032,1.7324066,1510.9873,-104.15623,862.11804,143.80283,76561198430571269,0,258.3605307457736,0.4676056,0.77007294,1.3390555,0.0,-0.13732999999999151,0.0,-0.0823999999999927,0.0,-0.1098700000000008,0.900925818295604,0.0,1.3390555,0.3191515207546358,0.13274687432782467,446.9648730449995,-27297.673180000038,0.13732999999999151,-1.0,0.0,1,3.0,0.10274033666625924,0.0,-103.914323,1.7324066,0,0,2.1571134401500003,1.7357476034741433,-1.4299316,9.350052,10.7799836,1.041824707260905,3.238238946047161,-108.25336873333333,9.84427314109908,-128.35635,-96.04385,32.312499999999986,-1.2878905898096684,-0.17353547396337587,0.024005035451505015,0.15775988893229026,-0.6049346999999998,1.1824036000000002,1.7873383,2.9134700621413234,15.822812087435683,0.09988280936454848,0.4500078875720971,-0.9623339999999985,2.970085999999995,3.9324199999999934,3.9626914469349197,17.818505113418716,0.18023584516475133,0.4531992289165691,0.0,3.042580768133405,3.042580768133405,3.918402551164779,16.46445259426117,0.0,0.0,0.0,0.0,1.0,0.0,0.0,0.0,0.0
203033,1.7049408,1511.1985,-104.26643,862.0659,143.79878,76561198430571269,0,258.3605307457736,0.4676056,0.77007294,1.3390555,-0.027465800000000096,-0.11020000000000607,-0.027465800000000096,0.027129999999985444,-0.027465800000000096,0.10952999999997814,0.900925818295604,0.0,1.3390555,0.21757854237027432,0.15758695100734232,448.66981384499945,-27401.939610000038,0.11357116786245242,1.0,-1.0,1,4.0,0.14842955702759753,0.008685448575805426,-103.95559,1.72966002,0,0,2.1571134401500003,1.7357476034741433,-1.4299316,9.350052,10.7799836,1.041824707260905,3.238238946047161,-108.25336873333333,9.84427314109908,-128.35635,-96.04385,32.312499999999986,-1.2878905898096684,-0.17353547396337587,0.024005035451505015,0.15775988893229026,-0.6049346999999998,1.1824036000000002,1.7873383,2.9134700621413234,15.822812087435683,0.09988280936454848,0.4500078875720971,-0.9623339999999985,2.970085999999995,3.9324199999999934,3.9626914469349197,17.818505113418716,0.18023584516475133,0.4531992289165691,0.0,3.042580768133405,3.042580768133405,3.918402551164779,16.46445259426117,0.0,0.0,0.0,0.0,1.0,0.0,0.0,0.0,0.0
203034,1.7049408,1511.311,-104.3763,862.0382,143.79662,76561198430571269,0,258.3605307457736,0.4676056,0.77007294,1.3390555,0.0,-0.1098700000000008,0.027465800000000096,0.0003300000000052705,0.05493160000000019,-0.026799999999980173,0.900925818295604,0.0,1.3390555,0.11588013462192329,0.1996596001784154,450.3747546449994,-27506.315910000038,0.1098700000000008,1.0,1.0,0,4.0,0.19367921664290932,0.011580598101108617,-104.007844,1.72691344,0,0,2.1571134401500003,1.7357476034741433,-1.4299316,9.350052,10.7799836,1.041824707260905,3.238238946047161,-108.25336873333333,9.84427314109908,-128.35635,-96.04385,32.312499999999986,-1.2878905898096684,-0.17353547396337587,0.024005035451505015,0.15775988893229026,-0.6049346999999998,1.1824036000000002,1.7873383,2.9134700621413234,15.822812087435683,0.09988280936454848,0.4500078875720971,-0.9623339999999985,2.970085999999995,3.9324199999999934,3.9626914469349197,17.818505113418716,0.18023584516475133,0.4531992289165691,0.0,3.042580768133405,3.042580768133405,3.918402551164779,16.46445259426117,0.0,0.0,0.0,0.0,1.0,0.0,0.0,0.0,0.0
203035,1.7049408,1511.311,-104.40376,862.0382,143.79662,76561198430571269,0,258.3605307457736,0.4676056,0.77007294,1.3390555,0.0,-0.027460000000004925,0.0,0.08240999999999588,-0.027465800000000096,0.0820799999999906,0.900925818295604,0.0,1.3390555,0.0,0.2477291286068054,452.0796954449994,-27610.71967000004,0.027460000000004925,1.0,0.0,0,4.0,0.22119934464307237,0.013267241847810135,-104.062844,1.72416686,0,1,2.1571134401500003,1.7357476034741433,-1.4299316,9.350052,10.7799836,1.041824707260905,3.238238946047161,-108.25336873333333,9.84427314109908,-128.35635,-96.04385,32.312499999999986,-1.2878905898096684,-0.17353547396337587,0.024005035451505015,0.15775988893229026,-0.6049346999999998,1.1824036000000002,1.7873383,2.9134700621413234,15.822812087435683,0.09988280936454848,0.4500078875720971,-0.9623339999999985,2.970085999999995,3.9324199999999934,3.9626914469349197,17.818505113418716,0.18023584516475133,0.4531992289165691,0.0,3.042580768133405,3.042580768133405,3.918402551164779,16.46445259426117,0.0,0.0,0.0,0.0,1.0,0.0,0.0,0.0,0.0
203036,1.677475,1511.311,-104.4865,862.0382,143.79662,76561198430571269,0,258.3605307457736,0.4676056,0.77007294,1.3390555,-0.027465799999999874,-0.08274000000000115,-0.027465799999999874,-0.05527999999999622,-0.027465799999999874,-0.1376899999999921,0.900925818295604,0.0,1.3390555,0.0,0.272164353985707,453.7571704449994,-27715.206170000038,0.0871795719744034,-1.0,-1.0,1,5.0,0.24406161497884588,0.019421253430686194,-104.12611799999999,1.7186737,0,0,2.1571134401500003,1.7357476034741433,-1.4299316,9.350052,10.7799836,1.041824707260905,3.238238946047161,-108.25336873333333,9.84427314109908,-128.35635,-96.04385,32.312499999999986,-1.2878905898096684,-0.17353547396337587,0.024005035451505015,0.15775988893229026,-0.6049346999999998,1.1824036000000002,1.7873383,2.9134700621413234,15.822812087435683,0.09988280936454848,0.4500078875720971,-0.9623339999999985,2.970085999999995,3.9324199999999934,3.9626914469349197,17.818505113418716,0.18023584516475133,0.4531992289165691,0.0,3.042580768133405,3.042580768133405,3.918402551164779,16.46445259426117,0.0,0.0,0.0,0.0,1.0,0.0,0.0,0.0,0.0
203037,1.677475,1511.311,-104.541435,862.0382,143.79662,76561198430571269,0,258.3605307457736,0.4676056,0.77007294,1.3390555,0.0,-0.0549350000000004,0.027465799999999874,0.027805000000000746,0.05493159999999975,0.08308499999999697,0.900925818295604,0.0,1.3390555,0.0,0.2719153670051725,455.43464544499943,-27819.747605000037,0.0549350000000004,1.0,1.0,1,6.0,0.25541127768480515,0.022611840641561562,-104.19488550000001,1.7131805400000002,0,0,2.1571134401500003,1.7357476034741433,-1.4299316,9.350052,10.7799836,1.041824707260905,3.238238946047161,-108.25336873333333,9.84427314109908,-128.35635,-96.04385,32.312499999999986,-1.2878905898096684,-0.17353547396337587,0.024005035451505015,0.15775988893229026,-0.6049346999999998,1.1824036000000002,1.7873383,2.9134700621413234,15.822812087435683,0.09988280936454848,0.4500078875720971,-0.9623339999999985,2.970085999999995,3.9324199999999934,3.9626914469349197,17.818505113418716,0.18023584516475133,0.4531992289165691,0.0,3.042580768133405,3.042580768133405,3.918402551164779,16.46445259426117,0.0,0.0,0.0,0.0,1.0,0.0,0.0,0.0,0.0
203038,1.677475,1511.311,-104.541435,862.0382,143.79662,76561198430571269,0,258.3605307457736,0.4676056,0.77007294,1.3390555,0.0,0.0,0.0,0.0549350000000004,-0.027465799999999874,0.027129999999999654,0.900925818295604,0.0,1.3390555,0.0,0.2384580019471273,457.11212044499945,-27924.289040000036,0.0,1.0,0.0,0,6.0,0.2457538392499428,0.02404891813345435,-104.263653,1.70768738,0,1,2.1571134401500003,1.7357476034741433,-1.4299316,9.350052,10.7799836,1.041824707260905,3.238238946047161,-108.25336873333333,9.84427314109908,-128.35635,-96.04385,32.312499999999986,-1.2878905898096684,-0.17353547396337587,0.024005035451505015,0.15775988893229026,-0.6049346999999998,1.1824036000000002,1.7873383,2.9134700621413234,15.822812087435683,0.09988280936454848,0.4500078875720971,-0.9623339999999985,2.970085999999995,3.9324199999999934,3.9626914469349197,17.818505113418716,0.18023584516475133,0.4531992289165691,0.0,3.042580768133405,3.042580768133405,3.918402551164779,16.46445259426117,0.0,0.0,0.0,0.0,1.0,0.0,0.0,0.0,0.0
203039,1.677475,1511.311,-104.5689,862.0382,143.79662,76561198430571269,0,258.3605307457736,0.4676056,0.77007294,1.3390555,0.0,-0.0274649999999923,0.0,-0.0274649999999923,0.0,-0.0823999999999927,0.900925818295604,0.0,1.3390555,0.0,0.19942302621041835,458.78959544499946,-28028.857940000034,0.0274649999999923,-1.0,0.0,1,6.0,0.22198613690068197,0.024048918133454177,-104.332386,1.7021942200000002,0,0,2.1571134401500003,1.7357476034741433,-1.4299316,9.350052,10.7799836,1.041824707260905,3.238238946047161,-108.25336873333333,9.84427314109908,-128.35635,-96.04385,32.312499999999986,-1.2878905898096684,-0.17353547396337587,0.024005035451505015,0.15775988893229026,-0.6049346999999998,1.1824036000000002,1.7873383,2.9134700621413234,15.822812087435683,0.09988280936454848,0.4500078875720971,-0.9623339999999985,2.970085999999995,3.9324199999999934,3.9626914469349197,17.818505113418716,0.18023584516475133,0.4531992289165691,0.0,3.042580768133405,3.042580768133405,3.918402551164779,16.46445259426117,0.0,0.0,0.0,0.0,1.0,0.0,0.0,0.0,0.0
203040,1.677475,1511.311,-104.5689,862.0382,143.79662,76561198430571269,0,258.3605307457736,0.4676056,0.77007294,1.3390555,0.0,0.0,0.0,0.0274649999999923,0.0,0.0549299999999846,0.900925818295604,0.0,1.3390555,0.0,0.1579414276160851,460.4670704449995,-28133.426840000033,0.0,1.0,0.0,1,7.0,0.190646589104556,0.022611840641560996,-104.392879,1.6967010599999999,0,0,2.1571134401500003,1.7357476034741433,-1.4299316,9.350052,10.7799836,1.041824707260905,3.238238946047161,-108.25336873333333,9.84427314109908,-128.35635,-96.04385,32.312499999999986,-1.2878905898096684,-0.17353547396337587,0.024005035451505015,0.15775988893229026,-0.6049346999999998,1.1824036000000002,1.7873383,2.9134700621413234,15.822812087435683,0.09988280936454848,0.4500078875720971,-0.9623339999999985,2.970085999999995,3.9324199999999934,3.9626914469349197,17.818505113418716,0.18023584516475133,0.4531992289165691,0.0,3.042580768133405,3.042580768133405,3.918402551164779,16.46445259426117,0.0,0.0,0.0,0.0,1.0,0.0,0.0,0.0,0.0
203041,1.677475,1511.311,-104.5689,862.0382,143.79662,76561198430571269,0,258.3605307457736,0.4676056,0.77007294,1.3390555,0.0,0.0,0.0,0.0,0.0,-0.0274649999999923,0.900925818295604,0.0,1.3390555,0.0,0.11548752403982848,462.1445454449995,-28237.99574000003,0.0,0.0,0.0,1,7.0,0.1445253524221897,0.01942125343068504,-104.44787900000001,1.6912079000000002,0,0,2.1571134401500003,1.7357476034741433,-1.4299316,9.350052,10.7799836,1.041824707260905,3.238238946047161,-108.25336873333333,9.84427314109908,-128.35635,-96.04385,32.312499999999986,-1.2878905898096684,-0.17353547396337587,0.024005035451505015,0.15775988893229026,-0.6049346999999998,1.1824036000000002,1.7873383,2.9134700621413234,15.822812087435683,0.09988280936454848,0.4500078875720971,-0.9623339999999985,2.970085999999995,3.9324199999999934,3.9626914469349197,17.818505113418716,0.18023584516475133,0.4531992289165691,0.0,3.042580768133405,3.042580768133405,3.918402551164779,16.46445259426117,0.0,0.0,0.0,0.0,1.0,0.0,0.0,0.0,0.0
203042,1.6500092,1511.311,-104.62383,862.0382,143.79662,76561198430571269,0,258.3605307457736,0.4676056,0.77007294,1.3390555,-0.027465800000000096,-0.05492999999999881,-0.027465800000000096,-0.05492999999999881,-0.027465800000000096,-0.05492999999999881,0.900925818295604,0.0,1.3390555,0.0,0.07427363729542448,463.7945546449995,-28342.61957000003,0.06141396477707554,-1.0,-1.0,1,7.0,0.11156604254124194,0.017370897151698386,-104.494639,1.6829681600000002,0,0,2.1571134401500003,1.7357476034741433,-1.4299316,9.350052,10.7799836,1.041824707260905,3.238238946047161,-108.25336873333333,9.84427314109908,-128.35635,-96.04385,32.312499999999986,-1.2878905898096684,-0.17353547396337587,0.024005035451505015,0.15775988893229026,-0.6049346999999998,1.1824036000000002,1.7873383,2.9134700621413234,15.822812087435683,0.09988280936454848,0.4500078875720971,-0.9623339999999985,2.970085999999995,3.9324199999999934,3.9626914469349197,17.818505113418716,0.18023584516475133,0.4531992289165691,0.0,3.042580768133405,3.042580768133405,3.918402551164779,16.46445259426117,0.0,0.0,0.0,0.0,1.0,0.0,0.0,0.0,0.0
203043,1.6500092,1511.311,-104.62383,862.0382,143.79662,76561198430571269,0,258.3605307457736,0.4676056,0.77007294,1.3390555,0.0,0.0,0.027465800000000096,0.05492999999999881,0.05493160000000019,0.10985999999999763,0.900925818295604,0.0,1.3390555,0.0,0.0366445160972225,465.4445638449995,-28447.243400000032,0.0,1.0,1.0,1,7.0,0.08423533663020158,0.018310533333302622,-104.53037900000001,1.677475,0,1,2.1571134401500003,1.7357476034741433,-1.4299316,9.350052,10.7799836,1.041824707260905,3.238238946047161,-108.25336873333333,9.84427314109908,-128.35635,-96.04385,32.312499999999986,-1.2878905898096684,-0.17353547396337587,0.024005035451505015,0.15775988893229026,-0.6049346999999998,1.1824036000000002,1.7873383,2.9134700621413234,15.822812087435683,0.09988280936454848,0.4500078875720971,-0.9623339999999985,2.970085999999995,3.9324199999999934,3.9626914469349197,17.818505113418716,0.18023584516475133,0.4531992289165691,0.0,3.042580768133405,3.042580768133405,3.918402551164779,16.46445259426117,0.0,0.0,0.0,0.0,1.0,0.0,0.0,0.0,0.0
203044,1.6500092,1511.311,-104.6513,862.0382,143.79662,76561198430571269,0,258.3605307457736,0.4676056,0.77007294,1.3390555,0.0,-0.0274700000000081,0.0,-0.0274700000000081,-0.027465800000000096,-0.08240000000000691,0.900925818295604,0.0,1.3390555,0.0,0.0,467.0945730449995,-28551.894700000033,0.0274700000000081,-1.0,0.0,1,8.0,0.07240271437118168,0.01737089715169798,-104.557879,1.6719818400000002,0,0,2.1571134401500003,1.7357476034741433,-1.4299316,9.350052,10.7799836,1.041824707260905,3.238238946047161,-108.25336873333333,9.84427314109908,-128.35635,-96.04385,32.312499999999986,-1.2878905898096684,-0.17353547396337587,0.024005035451505015,0.15775988893229026,-0.6049346999999998,1.1824036000000002,1.7873383,2.9134700621413234,15.822812087435683,0.09988280936454848,0.4500078875720971,-0.9623339999999985,2.970085999999995,3.9324199999999934,3.9626914469349197,17.818505113418716,0.18023584516475133,0.4531992289165691,0.0,3.042580768133405,3.042580768133405,3.918402551164779,16.46445259426117,0.0,0.0,0.0,0.0,1.0,0.0,0.0,0.0,0.0
203045,1.6500092,1511.311,-104.6513,862.0382,143.79662,76561198430571269,0,258.3605307457736,0.4676056,0.77007294,1.3390555,0.0,0.0,0.0,0.0274700000000081,0.0,0.0549400000000162,0.900925818295604,0.0,1.3390555,0.0,0.0,468.7445822449995,-28656.546000000035,0.0,1.0,0.0,1,9.0,0.053775861328747475,0.014183278131995117,-104.58263300000002,1.66648868,0,0,2.1571134401500003,1.7357476034741433,-1.4299316,9.350052,10.7799836,1.041824707260905,3.238238946047161,-108.25336873333333,9.84427314109908,-128.35635,-96.04385,32.312499999999986,-1.2878905898096684,-0.17353547396337587,0.024005035451505015,0.15775988893229026,-0.6049346999999998,1.1824036000000002,1.7873383,2.9134700621413234,15.822812087435683,0.09988280936454848,0.4500078875720971,-0.9623339999999985,2.970085999999995,3.9324199999999934,3.9626914469349197,17.818505113418716,0.18023584516475133,0.4531992289165691,0.0,3.042580768133405,3.042580768133405,3.918402551164779,16.46445259426117,0.0,0.0,0.0,0.0,1.0,0.0,0.0,0.0,0.0
203046,1.6500092,1511.311,-104.6513,862.0382,143.79662,76561198430571269,0,258.3605307457736,0.4676056,0.77007294,1.3390555,0.0,0.0,0.0,0.0,0.0,-0.0274700000000081,0.900925818295604,0.0,1.3390555,0.0,0.0,470.3945914449995,-28761.197300000036,0.0,0.0,0.0,1,9.0,0.04568526209577843,0.014475747626402781,-104.59911300000002,1.6637421,0,0,2.1571134401500003,1.7357476034741433,-1.4299316,9.350052,10.7799836,1.041824707260905,3.238238946047161,-108.25336873333333,9.84427314109908,-128.35635,-96.04385,32.312499999999986,-1.2878905898096684,-0.17353547396337587,0.024005035451505015,0.15775988893229026,-0.6049346999999998,1.1824036000000002,1.7873383,2.9134700621413234,15.822812087435683,0.09988280936454848,0.4500078875720971,-0.9623339999999985,2.970085999999995,3.9324199999999934,3.9626914469349197,17.818505113418716,0.18023584516475133,0.4531992289165691,0.0,3.042580768133405,3.042580768133405,3.918402551164779,16.46445259426117,0.0,0.0,0.0,0.0,1.0,0.0,0.0,0.0,0.0
203047,1.6500092,1511.311,-104.678764,862.0382,143.79662,76561198430571269,0,258.3605307457736,0.4676056,0.77007294,1.3390555,0.0,-0.027463999999994826,0.0,-0.027463999999994826,0.0,-0.027463999999994826,0.900925818295604,0.0,1.3390555,0.0,0.0,472.0446006449995,-28865.876064000036,0.027463999999994826,-1.0,0.0,1,9.0,0.04704122689223278,0.0141832781319949,-104.6128459,1.6609955199999997,0,0,2.1571134401500003,1.7357476034741433,-1.4299316,9.350052,10.7799836,1.041824707260905,3.238238946047161,-108.25336873333333,9.84427314109908,-128.35635,-96.04385,32.312499999999986,-1.2878905898096684,-0.17353547396337587,0.024005035451505015,0.15775988893229026,-0.6049346999999998,1.1824036000000002,1.7873383,2.9134700621413234,15.822812087435683,0.09988280936454848,0.4500078875720971,-0.9623339999999985,2.970085999999995,3.9324199999999934,3.9626914469349197,17.818505113418716,0.18023584516475133,0.4531992289165691,0.0,3.042580768133405,3.042580768133405,3.918402551164779,16.46445259426117,0.0,0.0,0.0,0.0,1.0,0.0,0.0,0.0,0.0
203048,1.6500092,1511.311,-104.70623,862.0382,143.79662,76561198430571269,0,258.3605307457736,0.4676056,0.77007294,1.3390555,0.0,-0.027466000000003987,0.0,-2.00000000916134e-06,0.0,0.027461999999985665,0.900925818295604,0.0,1.3390555,0.0,0.0,473.6946098449995,-28970.582294000036,0.027466000000003987,-1.0,0.0,0,9.0,0.04809854183426069,0.013267241847806506,-104.6293254,1.65824894,0,0,2.1571134401500003,1.7357476034741433,-1.4299316,9.350052,10.7799836,1.041824707260905,3.238238946047161,-108.25336873333333,9.84427314109908,-128.35635,-96.04385,32.312499999999986,-1.2878905898096684,-0.17353547396337587,0.024005035451505015,0.15775988893229026,-0.6049346999999998,1.1824036000000002,1.7873383,2.9134700621413234,15.822812087435683,0.09988280936454848,0.4500078875720971,-0.9623339999999985,2.970085999999995,3.9324199999999934,3.9626914469349197,17.818505113418716,0.18023584516475133,0.4531992289165691,0.0,3.042580768133405,3.042580768133405,3.918402551164779,16.46445259426117,0.0,0.0,0.0,0.0,1.0,0.0,0.0,0.0,0.0
203049,1.6500092,1511.311,-104.70623,862.0382,143.79662,76561198430571269,0,258.3605307457736,0.4676056,0.77007294,1.3390555,0.0,0.0,0.0,0.027466000000003987,0.0,0.02746800000001315,0.900925818295604,0.0,1.3390555,0.0,0.0,475.3446190449995,-29075.288524000036,0.0,1.0,0.0,1,9.0,0.0485321922773834,0.011580598101104135,-104.6430584,1.6555023600000003,0,0,2.1571134401500003,1.7357476034741433,-1.4299316,9.350052,10.7799836,1.041824707260905,3.238238946047161,-108.25336873333333,9.84427314109908,-128.35635,-96.04385,32.312499999999986,-1.2878905898096684,-0.17353547396337587,0.024005035451505015,0.15775988893229026,-0.6049346999999998,1.1824036000000002,1.7873383,2.9134700621413234,15.822812087435683,0.09988280936454848,0.4500078875720971,-0.9623339999999985,2.970085999999995,3.9324199999999934,3.9626914469349197,17.818505113418716,0.18023584516475133,0.4531992289165691,0.0,3.042580768133405,3.042580768133405,3.918402551164779,16.46445259426117,0.0,0.0,0.0,0.0,1.0,0.0,0.0,0.0,0.0
203050,1.6500092,1511.311,-104.70623,862.0382,143.79662,76561198430571269,0,258.3605307457736,0.4676056,0.77007294,1.3390555,0.0,0.0,0.0,0.0,0.0,-0.027466000000003987,0.900925818295604,0.0,1.3390555,0.0,0.0,476.9946282449995,-29179.994754000036,0.0,0.0,0.0,1,9.0,0.04447670183020947,0.008685448575799042,-104.6567914,1.6527557800000001,0,0,2.1571134401500003,1.7357476034741433,-1.4299316,9.350052,10.7799836,1.041824707260905,3.238238946047161,-108.25336873333333,9.84427314109908,-128.35635,-96.04385,32.312499999999986,-1.2878905898096684,-0.17353547396337587,0.024005035451505015,0.15775988893229026,-0.6049346999999998,1.1824036000000002,1.7873383,2.9134700621413234,15.822812087435683,0.09988280936454848,0.4500078875720971,-0.9623339999999985,2.970085999999995,3.9324199999999934,3.9626914469349197,17.818505113418716,0.18023584516475133,0.4531992289165691,0.0,3.042580768133405,3.042580768133405,3.918402551164779,16.46445259426117,0.0,0.0,0.0,0.0,1.0,0.0,0.0,0.0,0.0
203051,1.6500092,1511.311,-104.70623,862.0382,143.79662,76561198430571269,0,258.3605307457736,0.4676056,0.77007294,1.3390555,0.0,0.0,0.0,0.0,0.0,0.0,0.900925818295604,0.0,1.3390555,0.0,0.0,478.6446374449995,-29284.700984000036,0.0,0.0,0.0,0,8.0,0.03437847701564836,0.0,-104.6705244,1.6500092,0,0,2.1571134401500003,1.7357476034741433,-1.4299316,9.350052,10.7799836,1.041824707260905,3.238238946047161,-108.25336873333333,9.84427314109908,-128.35635,-96.04385,32.312499999999986,-1.2878905898096684,-0.17353547396337587,0.024005035451505015,0.15775988893229026,-0.6049346999999998,1.1824036000000002,1.7873383,2.9134700621413234,15.822812087435683,0.09988280936454848,0.4500078875720971,-0.9623339999999985,2.970085999999995,3.9324199999999934,3.9626914469349197,17.818505113418716,0.18023584516475133,0.4531992289165691,0.0,3.042580768133405,3.042580768133405,3.918402551164779,16.46445259426117,0.0,0.0,0.0,0.0,1.0,0.0,0.0,0.0,0.0
203052,1.6500092,1511.311,-104.70623,862.0382,143.79662,76561198430571269,0,258.3605307457736,0.4676056,0.77007294,1.3390555,0.0,0.0,0.0,0.0,0.0,0.0,0.900925818295604,0.0,1.3390555,0.0,0.0,480.2946466449995,-29389.407214000035,0.0,0.0,0.0,0,7.0,0.03171481255263442,0.0,-104.6787644,1.6500092,0,0,2.1571134401500003,1.7357476034741433,-1.4299316,9.350052,10.7799836,1.041824707260905,3.238238946047161,-108.25336873333333,9.84427314109908,-128.35635,-96.04385,32.312499999999986,-1.2878905898096684,-0.17353547396337587,0.024005035451505015,0.15775988893229026,-0.6049346999999998,1.1824036000000002,1.7873383,2.9134700621413234,15.822812087435683,0.09988280936454848,0.4500078875720971,-0.9623339999999985,2.970085999999995,3.9324199999999934,3.9626914469349197,17.818505113418716,0.18023584516475133,0.4531992289165691,0.0,3.042580768133405,3.042580768133405,3.918402551164779,16.46445259426117,0.0,0.0,0.0,0.0,1.0,0.0,0.0,0.0,0.0
203053,1.6500092,1511.311,-104.70623,862.0382,143.79662,76561198430571269,0,258.3605307457736,0.4676056,0.77007294,1.3390555,0.0,0.0,0.0,0.0,0.0,0.0,0.900925818295604,0.0,1.3390555,0.0,0.0,481.9446558449995,-29494.113444000035,0.0,0.0,0.0,0,6.0,0.026055621908262983,0.0,-104.6870044,1.6500092,0,0,2.1571134401500003,1.7357476034741433,-1.4299316,9.350052,10.7799836,1.041824707260905,3.238238946047161,-108.25336873333333,9.84427314109908,-128.35635,-96.04385,32.312499999999986,-1.2878905898096684,-0.17353547396337587,0.024005035451505015,0.15775988893229026,-0.6049346999999998,1.1824036000000002,1.7873383,2.9134700621413234,15.822812087435683,0.09988280936454848,0.4500078875720971,-0.9623339999999985,2.970085999999995,3.9324199999999934,3.9626914469349197,17.818505113418716,0.18023584516475133,0.4531992289165691,0.0,3.042580768133405,3.042580768133405,3.918402551164779,16.46445259426117,0.0,0.0,0.0,0.0,1.0,0.0,0.0,0.0,0.0
203054,1.6500092,1511.311,-104.70623,862.0382,143.79662,76561198430571269,0,258.3605307457736,0.4676056,0.77007294,1.3390555,0.0,0.0,0.0,0.0,0.0,0.0,0.900925818295604,0.0,1.3390555,0.0,0.0,483.5946650449995,-29598.819674000035,0.0,0.0,0.0,0,5.0,0.02334082718527781,0.0,-104.69249740000001,1.6500092,0,0,2.1571134401500003,1.7357476034741433,-1.4299316,9.350052,10.7799836,1.041824707260905,3.238238946047161,-108.25336873333333,9.84427314109908,-128.35635,-96.04385,32.312499999999986,-1.2878905898096684,-0.17353547396337587,0.024005035451505015,0.15775988893229026,-0.6049346999999998,1.1824036000000002,1.7873383,2.9134700621413234,15.822812087435683,0.09988280936454848,0.4500078875720971,-0.9623339999999985,2.970085999999995,3.9324199999999934,3.9626914469349197,17.818505113418716,0.18023584516475133,0.4531992289165691,0.0,3.042580768133405,3.042580768133405,3.918402551164779,16.46445259426117,0.0,0.0,0.0,0.0,1.0,0.0,0.0,0.0,0.0
203055,1.6500092,1511.311,-104.678764,862.0382,143.79662,76561198430571269,0,258.3605307457736,0.4676056,0.77007294,1.3390555,0.0,0.027466000000003987,0.0,0.027466000000003987,0.0,0.027466000000003987,0.900925818295604,0.0,1.3390555,0.0,0.0,485.2446742449995,-29703.498438000035,0.027466000000003987,1.0,0.0,1,5.0,0.019203880691259334,0.0,-104.6952438,1.6500092,0,0,2.1571134401500003,1.7357476034741433,-1.4299316,9.350052,10.7799836,1.041824707260905,3.238238946047161,-108.25336873333333,9.84427314109908,-128.35635,-96.04385,32.312499999999986,-1.2878905898096684,-0.17353547396337587,0.024005035451505015,0.15775988893229026,-0.6049346999999998,1.1824036000000002,1.7873383,2.9134700621413234,15.822812087435683,0.09988280936454848,0.4500078875720971,-0.9623339999999985,2.970085999999995,3.9324199999999934,3.9626914469349197,17.818505113418716,0.18023584516475133,0.4531992289165691,0.0,3.042580768133405,3.042580768133405,3.918402551164779,16.46445259426117,0.0,0.0,0.0,0.0,1.0,0.0,0.0,0.0,0.0
203056,1.677475,1511.311,-104.62383,862.0382,143.79662,76561198430571269,0,258.3605307457736,0.4676056,0.77007294,1.3390555,0.027465800000000096,0.054934000000002925,0.027465800000000096,0.027467999999998938,0.027465800000000096,1.9999999949504854e-06,0.900925818295604,0.0,1.3390555,0.0,0.0,486.9221492449995,-29808.122268000036,0.06141754249105321,1.0,1.0,0,4.0,0.026692725776548496,0.008685448575799042,-104.6924968,1.6527557800000001,0,0,2.1571134401500003,1.7357476034741433,-1.4299316,9.350052,10.7799836,1.041824707260905,3.238238946047161,-108.25336873333333,9.84427314109908,-128.35635,-96.04385,32.312499999999986,-1.2878905898096684,-0.17353547396337587,0.024005035451505015,0.15775988893229026,-0.6049346999999998,1.1824036000000002,1.7873383,2.9134700621413234,15.822812087435683,0.09988280936454848,0.4500078875720971,-0.9623339999999985,2.970085999999995,3.9324199999999934,3.9626914469349197,17.818505113418716,0.18023584516475133,0.4531992289165691,0.0,3.042580768133405,3.042580768133405,3.918402551164779,16.46445259426117,0.0,0.0,0.0,0.0,1.0,0.0,0.0,0.0,0.0
203057,1.9250183,1511.1816,-104.45904,862.0716,143.79922,76561198430571269,0,258.3605307457736,0.4676056,0.77007294,1.3390555,0.24754330000000002,0.16478999999999644,0.22007749999999993,0.10985599999999351,0.19261169999999983,0.08238799999999458,0.900925818295604,0.0,1.3390555,0.13366630091391885,0.04226899572974407,488.8471675449995,-29912.581308000037,0.29737758737821657,1.0,1.0,0,3.0,0.07880929058122176,0.0864325483570467,-104.6705244,1.6802566900000002,0,0,2.1571134401500003,1.7357476034741433,-1.4299316,9.350052,10.7799836,1.041824707260905,3.238238946047161,-108.25336873333333,9.84427314109908,-128.35635,-96.04385,32.312499999999986,-1.2878905898096684,-0.17353547396337587,0.024005035451505015,0.15775988893229026,-0.6049346999999998,1.1824036000000002,1.7873383,2.9134700621413234,15.822812087435683,0.09988280936454848,0.4500078875720971,-0.9623339999999985,2.970085999999995,3.9324199999999934,3.9626914469349197,17.818505113418716,0.18023584516475133,0.4531992289165691,0.0,3.042580768133405,3.042580768133405,3.918402551164779,16.46445259426117,0.0,0.0,0.0,0.0,1.0,0.0,0.0,0.0,0.0
203058,2.6672668,1510.9583,-103.881226,862.1278,143.80359,76561198430571269,0,258.3605307457736,0.4676056,0.77007294,1.3390555,0.7422485000000001,0.5778140000000036,0.49470520000000007,0.41302400000000716,0.27462770000000014,0.30316800000001365,0.900925818295604,0.0,1.3390555,0.23030507354364976,0.08004137177284135,491.5144343449995,-30016.46253400004,0.940639066990232,1.0,1.0,0,3.0,0.2602460487280045,0.32266735758441456,-104.58802400000002,1.7819824499999999,1,1,2.1571134401500003,1.7357476034741433,-1.4299316,9.350052,10.7799836,1.041824707260905,3.238238946047161,-108.25336873333333,9.84427314109908,-128.35635,-96.04385,32.312499999999986,-1.2878905898096684,-0.17353547396337587,0.024005035451505015,0.15775988893229026,-0.6049346999999998,1.1824036000000002,1.7873383,2.9134700621413234,15.822812087435683,0.09988280936454848,0.4500078875720971,-0.9623339999999985,2.970085999999995,3.9324199999999934,3.9626914469349197,17.818505113418716,0.18023584516475133,0.4531992289165691,0.0,3.042580768133405,3.042580768133405,3.918402551164779,16.46445259426117,0.0,0.0,0.0,0.0,1.0,0.0,0.0,0.0,0.0
203059,3.3274841,1510.6558,-103.3865,862.2014,143.80933,76561198430571269,0,258.3605307457736,0.4676056,0.77007294,1.3390555,0.6602172999999998,0.494726,-0.0820312000000003,-0.0830880000000036,-0.5767364000000004,-0.49611200000001077,0.900925818295604,0.0,1.3390555,0.31137783736164243,0.11654927842356708,494.84191844499946,-30119.84903400004,0.8250095140634984,-1.0,-1.0,1,3.0,0.45522529095881853,0.5799228128982853,-104.456051,1.9497299399999999,0,0,2.1571134401500003,1.7357476034741433,-1.4299316,9.350052,10.7799836,1.041824707260905,3.238238946047161,-108.25336873333333,9.84427314109908,-128.35635,-96.04385,32.312499999999986,-1.2878905898096684,-0.17353547396337587,0.024005035451505015,0.15775988893229026,-0.6049346999999998,1.1824036000000002,1.7873383,2.9134700621413234,15.822812087435683,0.09988280936454848,0.4500078875720971,-0.9623339999999985,2.970085999999995,3.9324199999999934,3.9626914469349197,17.818505113418716,0.18023584516475133,0.4531992289165691,0.0,3.042580768133405,3.042580768133405,3.918402551164779,16.46445259426117,0.0,0.0,0.0,0.0,1.0,0.0,0.0,0.0,0.0
203060,4.5098877,1510.2817,-102.78122,862.28955,143.8162,76561198430571269,0,258.3605307457736,0.4676056,0.77007294,1.3390555,1.1824036000000002,0.6052799999999934,0.5221863000000004,0.11055399999999338,0.6042175000000007,0.19364199999999698,0.900925818295604,0.0,1.3390555,0.38440659385601916,0.15030467470135495,499.35180614499944,-30222.63025400004,1.3283230599868965,1.0,1.0,1,3.0,0.6861303395992177,0.9816923568174719,-104.26355000000001,2.2357177900000003,1,1,2.1571134401500003,1.7357476034741433,-1.4299316,9.350052,10.7799836,1.041824707260905,3.238238946047161,-108.25336873333333,9.84427314109908,-128.35635,-96.04385,32.312499999999986,-1.2878905898096684,-0.17353547396337587,0.024005035451505015,0.15775988893229026,-0.6049346999999998,1.1824036000000002,1.7873383,2.9134700621413234,15.822812087435683,0.09988280936454848,0.4500078875720971,-0.9623339999999985,2.970085999999995,3.9324199999999934,3.9626914469349197,17.818505113418716,0.18023584516475133,0.4531992289165691,0.0,3.042580768133405,3.042580768133405,3.918402551164779,16.46445259426117,0.0,0.0,0.0,0.0,1.0,0.0,0.0,0.0,0.0
203061,4.702484,1509.836,-102.75375,862.39294,143.82423,76561198430571269,0,258.3605307457736,0.4676056,0.77007294,1.3390555,0.19259629999999994,0.0274700000000081,-0.9898073000000003,-0.5778099999999853,-1.5119936000000007,-0.6883639999999787,0.900925818295604,0.0,1.3390555,0.4576051387386151,0.18098364976388095,504.05429014499947,-30325.38400400004,0.19454545914436147,-1.0,-1.0,1,4.0,0.8123550283539012,1.2240007122746228,-104.06830200000002,2.54096527,0,0,2.1571134401500003,1.7357476034741433,-1.4299316,9.350052,10.7799836,1.041824707260905,3.238238946047161,-108.25336873333333,9.84427314109908,-128.35635,-96.04385,32.312499999999986,-1.2878905898096684,-0.17353547396337587,0.024005035451505015,0.15775988893229026,-0.6049346999999998,1.1824036000000002,1.7873383,2.9134700621413234,15.822812087435683,0.09988280936454848,0.4500078875720971,-0.9623339999999985,2.970085999999995,3.9324199999999934,3.9626914469349197,17.818505113418716,0.18023584516475133,0.4531992289165691,0.0,3.042580768133405,3.042580768133405,3.918402551164779,16.46445259426117,0.0,0.0,0.0,0.0,1.0,0.0,0.0,0.0,0.0
203062,5.0598907,1509.3195,-103.08403,862.5128,143.83357,76561198430571269,0,258.3605307457736,0.4676056,0.77007294,1.3390555,0.3574067000000003,-0.3302800000000019,0.16481040000000036,-0.35775000000001,1.1546177000000006,0.22005999999997528,0.900925818295604,0.0,1.3390555,0.5303073686080116,0.20735517304173734,509.11418084499945,-30428.46803400004,0.4866461009860158,-1.0,1.0,0,4.0,0.8325310926210209,1.4091783702122183,-103.90608200000001,2.8819534200000003,0,0,2.1571134401500003,1.7357476034741433,-1.4299316,9.350052,10.7799836,1.041824707260905,3.238238946047161,-108.25336873333333,9.84427314109908,-128.35635,-96.04385,32.312499999999986,-1.2878905898096684,-0.17353547396337587,0.024005035451505015,0.15775988893229026,-0.6049346999999998,1.1824036000000002,1.7873383,2.9134700621413234,15.822812087435683,0.09988280936454848,0.4500078875720971,-0.9623339999999985,2.970085999999995,3.9324199999999934,3.9626914469349197,17.818505113418716,0.18023584516475133,0.4531992289165691,0.0,3.042580768133405,3.042580768133405,3.918402551164779,16.46445259426117,0.0,0.0,0.0,0.0,1.0,0.0,0.0,0.0,0.0
203063,5.7475586,1508.6084,-104.046364,862.68304,143.84683,76561198430571269,0,258.3605307457736,0.4676056,0.77007294,1.3390555,0.6876678999999992,-0.9623339999999985,0.3302611999999989,-0.6320539999999966,0.16545079999999857,-0.27430399999998656,0.900925818295604,0.0,1.3390555,0.7313143614069085,0.25139749110883836,514.8617394449994,-30532.514398000043,1.182782257326515,-1.0,1.0,0,4.0,0.7869683097848863,1.5946810370580577,-103.8400954,3.29170836,1,0,2.1571134401500003,1.7357476034741433,-1.4299316,9.350052,10.7799836,1.041824707260905,3.238238946047161,-108.25336873333333,9.84427314109908,-128.35635,-96.04385,32.312499999999986,-1.2878905898096684,-0.17353547396337587,0.024005035451505015,0.15775988893229026,-0.6049346999999998,1.1824036000000002,1.7873383,2.9134700621413234,15.822812087435683,0.09988280936454848,0.4500078875720971,-0.9623339999999985,2.970085999999995,3.9324199999999934,3.9626914469349197,17.818505113418716,0.18023584516475133,0.4531992289165691,0.0,3.042580768133405,3.042580768133405,3.918402551164779,16.46445259426117,0.0,0.0,0.0,0.0,1.0,0.0,0.0,0.0,0.0
203064,5.994751,1507.7035,-104.51397,862.9053,143.86414,76561198430571269,0,258.3605307457736,0.4676056,0.77007294,1.3390555,0.2471924000000003,-0.4676060000000035,-0.4404754999999989,0.49472799999999495,-0.7707366999999978,1.1267819999999915,0.900925818295604,0.0,1.3390555,0.9319566265121988,0.3041412065094231,520.8564904449994,-30637.028368000043,0.5289229186315937,1.0,-1.0,1,5.0,0.765513155841602,1.6868989873077695,-103.82086940000002,3.72618254,0,1,2.1571134401500003,1.7357476034741433,-1.4299316,9.350052,10.7799836,1.041824707260905,3.238238946047161,-108.25336873333333,9.84427314109908,-128.35635,-96.04385,32.312499999999986,-1.2878905898096684,-0.17353547396337587,0.024005035451505015,0.15775988893229026,-0.6049346999999998,1.1824036000000002,1.7873383,2.9134700621413234,15.822812087435683,0.09988280936454848,0.4500078875720971,-0.9623339999999985,2.970085999999995,3.9324199999999934,3.9626914469349197,17.818505113418716,0.18023584516475133,0.4531992289165691,0.0,3.042580768133405,3.042580768133405,3.918402551164779,16.46445259426117,0.0,0.0,0.0,0.0,1.0,0.0,0.0,0.0,0.0
203065,6.1873627,1506.6053,-105.03651,863.1818,143.88567,76561198430571269,0,258.3605307457736,0.4676056,0.77007294,1.3390555,0.1926117000000005,-0.5225400000000064,-0.054580699999999815,-0.054934000000002925,0.3858947999999991,-0.5496619999999979,0.900925818295604,0.0,1.3390555,1.1326778142526945,0.35691895532622225,527.0438531449994,-30742.064878000045,0.5569087165567593,-1.0,-1.0,1,5.0,0.8167070894422271,1.6765973512601995,-103.856644,4.1799178900000005,0,0,2.1571134401500003,1.7357476034741433,-1.4299316,9.350052,10.7799836,1.041824707260905,3.238238946047161,-108.25336873333333,9.84427314109908,-128.35635,-96.04385,32.312499999999986,-1.2878905898096684,-0.17353547396337587,0.024005035451505015,0.15775988893229026,-0.6049346999999998,1.1824036000000002,1.7873383,2.9134700621413234,15.822812087435683,0.09988280936454848,0.4500078875720971,-0.9623339999999985,2.970085999999995,3.9324199999999934,3.9626914469349197,17.818505113418716,0.18023584516475133,0.4531992289165691,0.0,3.042580768133405,3.042580768133405,3.918402551164779,16.46445259426117,0.0,0.0,0.0,0.0,1.0,0.0,0.0,0.0,0.0
203066,6.1873627,1505.3137,-105.03651,863.512,143.91138,76561198430571269,0,258.3605307457736,0.4676056,0.77007294,1.3390555,0.0,0.0,-0.1926117000000005,0.5225400000000064,-0.13803100000000068,0.5774740000000094,0.900925818295604,0.0,1.3390555,1.3333880170828134,0.4020734186111895,533.2312158449994,-30847.101388000046,0.0,1.0,-1.0,1,6.0,0.8685603139440174,1.5287072841346743,-103.89791199999999,4.63090666,0,0,2.1571134401500003,1.7357476034741433,-1.4299316,9.350052,10.7799836,1.041824707260905,3.238238946047161,-108.25336873333333,9.84427314109908,-128.35635,-96.04385,32.312499999999986,-1.2878905898096684,-0.17353547396337587,0.024005035451505015,0.15775988893229026,-0.6049346999999998,1.1824036000000002,1.7873383,2.9134700621413234,15.822812087435683,0.09988280936454848,0.4500078875720971,-0.9623339999999985,2.970085999999995,3.9324199999999934,3.9626914469349197,17.818505113418716,0.18023584516475133,0.4531992289165691,0.0,3.042580768133405,3.042580768133405,3.918402551164779,16.46445259426117,0.0,0.0,0.0,0.0,1.0,0.0,0.0,0.0,0.0
203067,6.1873627,1503.8351,-104.953766,863.8935,143.94109,76561198430571269,0,258.3605307457736,0.4676056,0.77007294,1.3390555,0.0,0.08274400000000526,0.0,0.08274400000000526,0.1926117000000005,-0.4397960000000012,0.900925818295604,0.0,1.3390555,1.5273123105965605,0.4538534869775705,539.4185785449994,-30952.055154000045,0.08274400000000526,1.0,0.0,0,6.0,0.9168218551090975,1.2612374547045084,-103.9473846,5.057141100000001,0,1,2.1571134401500003,1.7357476034741433,-1.4299316,9.350052,10.7799836,1.041824707260905,3.238238946047161,-108.25336873333333,9.84427314109908,-128.35635,-96.04385,32.312499999999986,-1.2878905898096684,-0.17353547396337587,0.024005035451505015,0.15775988893229026,-0.6049346999999998,1.1824036000000002,1.7873383,2.9134700621413234,15.822812087435683,0.09988280936454848,0.4500078875720971,-0.9623339999999985,2.970085999999995,3.9324199999999934,3.9626914469349197,17.818505113418716,0.18023584516475133,0.4531992289165691,0.0,3.042580768133405,3.042580768133405,3.918402551164779,16.46445259426117,0.0,0.0,0.0,0.0,1.0,0.0,0.0,0.0,0.0
203068,6.1873627,1502.1846,-104.953766,864.322,143.97446,76561198430571269,0,258.3605307457736,0.4676056,0.77007294,1.3390555,0.0,0.0,0.0,-0.08274400000000526,0.0,-0.16548800000001052,0.900925818295604,0.0,1.3390555,1.705542745550481,0.5009266908703072,545.6059412449994,-31057.008920000044,0.0,-1.0,0.0,1,7.0,0.9694473329802803,0.979981487077517,-104.0546386,5.409150690000001,0,0,2.1571134401500003,1.7357476034741433,-1.4299316,9.350052,10.7799836,1.041824707260905,3.238238946047161,-108.25336873333333,9.84427314109908,-128.35635,-96.04385,32.312499999999986,-1.2878905898096684,-0.17353547396337587,0.024005035451505015,0.15775988893229026,-0.6049346999999998,1.1824036000000002,1.7873383,2.9134700621413234,15.822812087435683,0.09988280936454848,0.4500078875720971,-0.9623339999999985,2.970085999999995,3.9324199999999934,3.9626914469349197,17.818505113418716,0.18023584516475133,0.4531992289165691,0.0,3.042580768133405,3.042580768133405,3.918402551164779,16.46445259426117,0.0,0.0,0.0,0.0,1.0,0.0,0.0,0.0,0.0
203069,6.1873627,1500.3761,-104.9263,864.7935,144.01117,76561198430571269,0,258.3605307457736,0.4676056,0.77007294,1.3390555,0.0,0.027466000000003987,0.0,0.027466000000003987,0.0,0.11021000000000925,0.900925818295604,0.0,1.3390555,1.869313276072348,0.536907345455317,551.7933039449994,-31161.935220000043,0.027466000000003987,1.0,0.0,1,7.0,0.9738091979577027,0.6747560065225365,-104.2086186,5.69513855,0,0,2.1571134401500003,1.7357476034741433,-1.4299316,9.350052,10.7799836,1.041824707260905,3.238238946047161,-108.25336873333333,9.84427314109908,-128.35635,-96.04385,32.312499999999986,-1.2878905898096684,-0.17353547396337587,0.024005035451505015,0.15775988893229026,-0.6049346999999998,1.1824036000000002,1.7873383,2.9134700621413234,15.822812087435683,0.09988280936454848,0.4500078875720971,-0.9623339999999985,2.970085999999995,3.9324199999999934,3.9626914469349197,17.818505113418716,0.18023584516475133,0.4531992289165691,0.0,3.042580768133405,3.042580768133405,3.918402551164779,16.46445259426117,0.0,0.0,0.0,0.0,1.0,0.0,0.0,0.0,0.0
203070,6.2422943,1498.4225,-104.70623,865.30334,144.05087,76561198430571269,0,258.3605307457736,0.4676056,0.77007294,1.3390555,0.05493159999999975,0.22006999999999266,0.05493159999999975,0.19260399999998867,0.05493159999999975,0.16513799999998469,0.900925818295604,0.0,1.3390555,2.0194221637885073,0.5567676338026853,558.0355982449994,-31266.641450000043,0.2268221452560502,1.0,1.0,0,6.0,0.841580733458787,0.5469204278507631,-104.40111959999999,5.8683792100000005,1,1,2.1571134401500003,1.7357476034741433,-1.4299316,9.350052,10.7799836,1.041824707260905,3.238238946047161,-108.25336873333333,9.84427314109908,-128.35635,-96.04385,32.312499999999986,-1.2878905898096684,-0.17353547396337587,0.024005035451505015,0.15775988893229026,-0.6049346999999998,1.1824036000000002,1.7873383,2.9134700621413234,15.822812087435683,0.09988280936454848,0.4500078875720971,-0.9623339999999985,2.970085999999995,3.9324199999999934,3.9626914469349197,17.818505113418716,0.18023584516475133,0.4531992289165691,0.0,3.042580768133405,3.042580768133405,3.918402551164779,16.46445259426117,0.0,0.0,0.0,0.0,1.0,0.0,0.0,0.0,0.0
203071,6.26976,1496.3348,-104.51397,865.84766,144.09325,76561198430571269,0,258.3605307457736,0.4676056,0.77007294,1.3390555,0.027465699999999593,0.19226000000000454,-0.027465900000000154,-0.027809999999988122,-0.0823974999999999,-0.2204139999999768,0.900925818295604,0.0,1.3390555,2.157909084460972,0.5563799717996712,564.3053582449994,-31371.155420000043,0.1942119261953079,-1.0,-1.0,1,6.0,0.6113186427985281,0.37241808666345794,-104.5771416,6.0251068100000005,0,0,2.1571134401500003,1.7357476034741433,-1.4299316,9.350052,10.7799836,1.041824707260905,3.238238946047161,-108.25336873333333,9.84427314109908,-128.35635,-96.04385,32.312499999999986,-1.2878905898096684,-0.17353547396337587,0.024005035451505015,0.15775988893229026,-0.6049346999999998,1.1824036000000002,1.7873383,2.9134700621413234,15.822812087435683,0.09988280936454848,0.4500078875720971,-0.9623339999999985,2.970085999999995,3.9324199999999934,3.9626914469349197,17.818505113418716,0.18023584516475133,0.4531992289165691,0.0,3.042580768133405,3.042580768133405,3.918402551164779,16.46445259426117,0.0,0.0,0.0,0.0,1.0,0.0,0.0,0.0,0.0
203072,6.26976,1494.1238,-104.12876,866.4214,144.13792,76561198430571269,0,258.3605307457736,0.4676056,0.77007294,1.3390555,0.0,0.3852100000000007,-0.027465699999999593,0.19294999999999618,2.0000000056086265e-07,0.2207599999999843,0.900925818295604,0.0,1.3390555,2.284664963731001,0.529766252797186,570.5751182449994,-31475.284180000042,0.3852100000000007,1.0,-1.0,1,7.0,0.3690697132538259,0.159892934154228,-104.68161460000002,6.1460937399999995,0,1,2.1571134401500003,1.7357476034741433,-1.4299316,9.350052,10.7799836,1.041824707260905,3.238238946047161,-108.25336873333333,9.84427314109908,-128.35635,-96.04385,32.312499999999986,-1.2878905898096684,-0.17353547396337587,0.024005035451505015,0.15775988893229026,-0.6049346999999998,1.1824036000000002,1.7873383,2.9134700621413234,15.822812087435683,0.09988280936454848,0.4500078875720971,-0.9623339999999985,2.970085999999995,3.9324199999999934,3.9626914469349197,17.818505113418716,0.18023584516475133,0.4531992289165691,0.0,3.042580768133405,3.042580768133405,3.918402551164779,16.46445259426117,0.0,0.0,0.0,0.0,1.0,0.0,0.0,0.0,0.0
203073,6.26976,1491.7991,-104.0189,867.0215,144.18466,76561198430571269,0,258.3605307457736,0.4676056,0.77007294,1.3390555,0.0,0.10985999999999763,0.0,-0.2753500000000031,0.027465699999999593,-0.4682999999999993,0.900925818295604,0.0,1.3390555,2.401361015674353,0.4985426655013565,576.8448782449994,-31579.30308000004,0.10985999999999763,-1.0,0.0,1,8.0,0.37438601117838394,0.08116198437104147,-104.67886820000001,6.198313880000001,0,0,2.1571134401500003,1.7357476034741433,-1.4299316,9.350052,10.7799836,1.041824707260905,3.238238946047161,-108.25336873333333,9.84427314109908,-128.35635,-96.04385,32.312499999999986,-1.2878905898096684,-0.17353547396337587,0.024005035451505015,0.15775988893229026,-0.6049346999999998,1.1824036000000002,1.7873383,2.9134700621413234,15.822812087435683,0.09988280936454848,0.4500078875720971,-0.9623339999999985,2.970085999999995,3.9324199999999934,3.9626914469349197,17.818505113418716,0.18023584516475133,0.4531992289165691,0.0,3.042580768133405,3.042580768133405,3.918402551164779,16.46445259426117,0.0,0.0,0.0,0.0,1.0,0.0,0.0,0.0,0.0
203074,6.3525085,1489.3699,-103.6615,867.644,144.23314,76561198430571269,0,258.3605307457736,0.4676056,0.77007294,1.3390555,0.08274850000000011,0.3573999999999984,0.08274850000000011,0.24754000000000076,0.08274850000000011,0.5228900000000039,0.900925818295604,0.0,1.3390555,2.508160521258608,0.463931134307158,583.1973867449994,-31682.96458000004,0.3668542956709773,1.0,1.0,1,8.0,0.49403779614885046,0.05659259983605224,-104.5936212,6.234089630000001,0,0,2.1571134401500003,1.7357476034741433,-1.4299316,9.350052,10.7799836,1.041824707260905,3.238238946047161,-108.25336873333333,9.84427314109908,-128.35635,-96.04385,32.312499999999986,-1.2878905898096684,-0.17353547396337587,0.024005035451505015,0.15775988893229026,-0.6049346999999998,1.1824036000000002,1.7873383,2.9134700621413234,15.822812087435683,0.09988280936454848,0.4500078875720971,-0.9623339999999985,2.970085999999995,3.9324199999999934,3.9626914469349197,17.818505113418716,0.18023584516475133,0.4531992289165691,0.0,3.042580768133405,3.042580768133405,3.918402551164779,16.46445259426117,0.0,0.0,0.0,0.0,1.0,0.0,0.0,0.0,0.0
203075,6.5173035,1486.9829,-103.19389,868.25323,144.28058,76561198430571269,0,258.3605307457736,0.4676056,0.77007294,1.3390555,0.1647949999999998,0.46761000000000763,0.08204649999999969,0.11021000000000925,-0.0007020000000004245,-0.13732999999999151,0.900925818295604,0.0,1.3390555,2.4639766124092497,0.4089527480620393,589.7146902449995,-31786.15847000004,0.49579885450150757,1.0,1.0,0,7.0,0.6342302589982128,0.1032607800283233,-104.4093592,6.26708371,0,0,2.1571134401500003,1.7357476034741433,-1.4299316,9.350052,10.7799836,1.041824707260905,3.238238946047161,-108.25336873333333,9.84427314109908,-128.35635,-96.04385,32.312499999999986,-1.2878905898096684,-0.17353547396337587,0.024005035451505015,0.15775988893229026,-0.6049346999999998,1.1824036000000002,1.7873383,2.9134700621413234,15.822812087435683,0.09988280936454848,0.4500078875720971,-0.9623339999999985,2.970085999999995,3.9324199999999934,3.9626914469349197,17.818505113418716,0.18023584516475133,0.4531992289165691,0.0,3.042580768133405,3.042580768133405,3.918402551164779,16.46445259426117,0.0,0.0,0.0,0.0,1.0,0.0,0.0,0.0,0.0
203076,7.0398254,1484.7861,-101.57135,868.8141,139.75041,76561198430571269,0,258.3605307457736,0.4676056,0.77007294,1.3390555,0.5225219000000001,1.6225400000000008,0.3577269000000003,1.1549299999999931,0.2756804000000006,1.0447199999999839,0.900925818295604,0.0,1.3390555,5.065860798107242,0.9924626420555902,596.7545156449995,-31887.729820000037,1.7046011813851392,1.0,1.0,0,6.0,1.0583255592178686,0.26120875278171835,-104.0628432,6.3523299799999995,1,1,2.1571134401500003,1.7357476034741433,-1.4299316,9.350052,10.7799836,1.041824707260905,3.238238946047161,-108.25336873333333,9.84427314109908,-128.35635,-96.04385,32.312499999999986,-1.2878905898096684,-0.17353547396337587,0.024005035451505015,0.15775988893229026,-0.6049346999999998,1.1824036000000002,1.7873383,2.9134700621413234,15.822812087435683,0.09988280936454848,0.4500078875720971,-0.9623339999999985,2.970085999999995,3.9324199999999934,3.9626914469349197,17.818505113418716,0.18023584516475133,0.4531992289165691,0.0,3.042580768133405,3.042580768133405,3.918402551164779,16.46445259426117,0.0,0.0,0.0,0.0,1.0,0.0,0.0,0.0,0.0
203077,7.3423004,1482.8075,-100.71888,869.319,139.86371,76561198430571269,0,258.3605307457736,0.4676056,0.77007294,1.3390555,0.30247500000000027,0.8524699999999967,-0.22004689999999982,-0.770070000000004,-0.5777738000000001,-1.9249999999999972,0.900925818295604,0.0,1.3390555,2.0451451928898523,0.9546376269099769,604.0968160449995,-31988.448700000037,0.9045419982095881,-1.0,-1.0,1,7.0,1.4405013559228035,0.3990974863759311,-103.6393546,6.467823749999999,0,0,2.1571134401500003,1.7357476034741433,-1.4299316,9.350052,10.7799836,1.041824707260905,3.238238946047161,-108.25336873333333,9.84427314109908,-128.35635,-96.04385,32.312499999999986,-1.2878905898096684,-0.17353547396337587,0.024005035451505015,0.15775988893229026,-0.6049346999999998,1.1824036000000002,1.7873383,2.9134700621413234,15.822812087435683,0.09988280936454848,0.4500078875720971,-0.9623339999999985,2.970085999999995,3.9324199999999934,3.9626914469349197,17.818505113418716,0.18023584516475133,0.4531992289165691,0.0,3.042580768133405,3.042580768133405,3.918402551164779,16.46445259426117,0.0,0.0,0.0,0.0,1.0,0.0,0.0,0.0,0.0
203078,8.002502,1480.9895,-98.87627,869.7831,139.96783,76561198430571269,0,258.3605307457736,0.4676056,0.77007294,1.3390555,0.6602015999999997,1.8426099999999934,0.35772659999999945,0.9901399999999967,0.5777734999999993,1.7602100000000007,0.900925818295604,0.0,1.3390555,1.8791896616360915,0.941030629342698,612.0993180449996,-32087.324970000038,1.9573139157382333,1.0,1.0,1,7.0,1.9983631975261973,0.612881635781131,-103.03160500000001,6.64933768,1,1,2.1571134401500003,1.7357476034741433,-1.4299316,9.350052,10.7799836,1.041824707260905,3.238238946047161,-108.25336873333333,9.84427314109908,-128.35635,-96.04385,32.312499999999986,-1.2878905898096684,-0.17353547396337587,0.024005035451505015,0.15775988893229026,-0.6049346999999998,1.1824036000000002,1.7873383,2.9134700621413234,15.822812087435683,0.09988280936454848,0.4500078875720971,-0.9623339999999985,2.970085999999995,3.9324199999999934,3.9626914469349197,17.818505113418716,0.18023584516475133,0.4531992289165691,0.0,3.042580768133405,3.042580768133405,3.918402551164779,16.46445259426117,0.0,0.0,0.0,0.0,1.0,0.0,0.0,0.0,0.0
203079,8.139832,1479.3191,-98.5738,870.2095,140.06349,76561198430571269,0,258.3605307457736,0.4676056,0.77007294,1.3390555,0.1373300000000004,0.3024699999999996,-0.5228715999999993,-1.5401399999999938,-0.8805981999999988,-2.5302799999999905,0.900925818295604,0.0,1.3390555,1.7266163313255085,0.952159166313051,620.2391500449995,-32185.898770000036,0.33218613727848406,-1.0,-1.0,1,7.0,2.313915149530571,0.7459188140483605,-102.396355,6.84458461,0,0,2.1571134401500003,1.7357476034741433,-1.4299316,9.350052,10.7799836,1.041824707260905,3.238238946047161,-108.25336873333333,9.84427314109908,-128.35635,-96.04385,32.312499999999986,-1.2878905898096684,-0.17353547396337587,0.024005035451505015,0.15775988893229026,-0.6049346999999998,1.1824036000000002,1.7873383,2.9134700621413234,15.822812087435683,0.09988280936454848,0.4500078875720971,-0.9623339999999985,2.970085999999995,3.9324199999999934,3.9626914469349197,17.818505113418716,0.18023584516475133,0.4531992289165691,0.0,3.042580768133405,3.042580768133405,3.918402551164779,16.46445259426117,0.0,0.0,0.0,0.0,1.0,0.0,0.0,0.0,0.0
203080,8.662384,1477.7847,-97.25407,870.6013,140.15138,76561198430571269,0,258.3605307457736,0.4676056,0.77007294,1.3390555,0.5225519999999992,1.319730000000007,0.38522199999999884,1.0172600000000074,0.9080935999999982,2.5574000000000012,0.900925818295604,0.0,1.3390555,1.586069119584643,0.9835421773560241,628.9015340449995,-32283.152840000035,1.4194181433263482,1.0,1.0,1,8.0,2.6612848507625304,0.9045263636918057,-101.651139,7.086593580000001,1,1,2.1571134401500003,1.7357476034741433,-1.4299316,9.350052,10.7799836,1.041824707260905,3.238238946047161,-108.25336873333333,9.84427314109908,-128.35635,-96.04385,32.312499999999986,-1.2878905898096684,-0.17353547396337587,0.024005035451505015,0.15775988893229026,-0.6049346999999998,1.1824036000000002,1.7873383,2.9134700621413234,15.822812087435683,0.09988280936454848,0.4500078875720971,-0.9623339999999985,2.970085999999995,3.9324199999999934,3.9626914469349197,17.818505113418716,0.18023584516475133,0.4531992289165691,0.0,3.042580768133405,3.042580768133405,3.918402551164779,16.46445259426117,0.0,0.0,0.0,0.0,1.0,0.0,0.0,0.0,0.0
203081,8.882446,1476.3749,-96.81393,870.9613,140.23213,76561198430571269,0,258.3605307457736,0.4676056,0.77007294,1.3390555,0.22006200000000042,0.44013999999999953,-0.3024899999999988,-0.8795900000000074,-0.6877119999999977,-1.8968500000000148,0.900925818295604,0.0,1.3390555,1.4572771193221092,1.0276129476754725,637.7839800449995,-32379.966770000035,0.4920879021516377,-1.0,-1.0,1,8.0,2.848306738456744,1.0131780301532147,-100.881135,7.347862180000002,0,0,2.1571134401500003,1.7357476034741433,-1.4299316,9.350052,10.7799836,1.041824707260905,3.238238946047161,-108.25336873333333,9.84427314109908,-128.35635,-96.04385,32.312499999999986,-1.2878905898096684,-0.17353547396337587,0.024005035451505015,0.15775988893229026,-0.6049346999999998,1.1824036000000002,1.7873383,2.9134700621413234,15.822812087435683,0.09988280936454848,0.4500078875720971,-0.9623339999999985,2.970085999999995,3.9324199999999934,3.9626914469349197,17.818505113418716,0.18023584516475133,0.4531992289165691,0.0,3.042580768133405,3.042580768133405,3.918402551164779,16.46445259426117,0.0,0.0,0.0,0.0,1.0,0.0,0.0,0.0,0.0
203082,9.350052,1475.0795,-96.04385,871.2922,140.30634,76561198430571269,0,258.3605307457736,0.4676056,0.77007294,1.3390555,0.46760599999999997,0.770079999999993,0.24754399999999954,0.32993999999999346,0.5500339999999984,1.2095300000000009,0.900925818295604,0.0,1.3390555,1.3390530587321328,1.075834298076269,647.1340320449995,-32476.010620000034,0.9009320604995635,1.0,1.0,1,8.0,2.9689381294184485,1.1123752050520257,-100.072644,7.65589138,0,0,2.1571134401500003,1.7357476034741433,-1.4299316,9.350052,10.7799836,1.041824707260905,3.238238946047161,-108.25336873333333,9.84427314109908,-128.35635,-96.04385,32.312499999999986,-1.2878905898096684,-0.17353547396337587,0.024005035451505015,0.15775988893229026,-0.6049346999999998,1.1824036000000002,1.7873383,2.9134700621413234,15.822812087435683,0.09988280936454848,0.4500078875720971,-0.9623339999999985,2.970085999999995,3.9324199999999934,3.9626914469349197,17.818505113418716,0.18023584516475133,0.4531992289165691,0.0,3.042580768133405,3.042580768133405,3.918402551164779,16.46445259426117,0.0,0.0,0.0,0.0,1.0,0.0,0.0,0.0,0.0
